time	v	gamma	zeta	alt	lon	lat	q	heating_rate	L	D	M	Alpha	eta	
s	m/s	rad	rad	m	rad	rad	pa	W/m^2	N	N	Mach	rad	rad															
0	3648.3	0.0166	1.9264	42720	0.093595	1.0038	7.7182	17274	9.5075e+05	1.1919e+07	1.1571e+07	11.316	0.6981	0
0.88604	3599.1	0.028655	1.9269	42793	0.09327	1.0043	7.4263	16637	9.0744e+05	1.1492e+07	1.1142e+07	11.159	0.69813	0.046285
2.9113	3493.6	0.054511	1.9303	43092	0.09254	1.0053	6.6854	15021	8.1124e+05	1.0397e+07	1.0053e+07	10.814	0.69813	0.15267
5.9309	3356.2	0.087359	1.9401	43830	0.091471	1.0068	5.5313	12486	6.8124e+05	8.6676e+06	8.3489e+06	10.348	0.69813	0.31008
9.7389	3216.2	0.11757	1.9579	45121	0.090132	1.0086	4.2325	9567.4	5.4643e+05	6.6663e+06	6.3981e+06	9.8481	0.69813	0.51061
14.076	3095	0.13752	1.9808	46875	0.088592	1.0106	3.1229	6955.1	4.3062e+05	4.8692e+06	4.662e+06	9.3907	0.69813	0.73599
18.646	2999.8	0.14522	2.0046	48849	0.086935	1.0125	2.3967	5086	3.4539e+05	3.5715e+06	3.4143e+06	9.0958	0.69813	0.97751
23.138	2928.8	0.14323	2.0258	50771	0.085267	1.0144	1.9589	3803.9	2.8439e+05	2.6771e+06	2.5564e+06	8.8805	0.69813	1.2109
27.245	2877.8	0.13564	2.0425	52432	0.083709	1.016	1.722	3018.6	2.4438e+05	2.1264e+06	2.0295e+06	8.7912	0.69813	1.396
30.689	2842.2	0.12736	2.0545	53723	0.082381	1.0174	1.5186	2526.8	2.1796e+05	1.7809e+06	1.6993e+06	8.7421	0.69813	1.3963
33.233	2819.4	0.12114	2.0622	54616	0.081389	1.0184	1.3993	2234.2	2.016e+05	1.5751e+06	1.5027e+06	8.7135	0.69812	1.3893
34.707	2807.3	0.11738	2.0664	55109	0.080811	1.0189	1.3461	2087.1	1.9313e+05	1.4715e+06	1.4037e+06	8.6991	0.69808	1.3961
35.058	2804.6	0.11648	2.0674	55224	0.080672	1.0191	1.3199	2054.2	1.9122e+05	1.4483e+06	1.3815e+06	8.696	0.69805	1.3667
37.619	2785.5	0.10985	2.0739	56033	0.07966	1.02	1.2537	1836.4	1.7829e+05	1.2952e+06	1.2354e+06	8.6749	0.69813	1.3962
43.148	2750.3	0.094788	2.0863	57597	0.077449	1.0221	1.1305	1476.3	1.5574e+05	1.0416e+06	9.9335e+05	8.6393	0.69813	1.3963
50.53	2712.8	0.073822	2.1	59296	0.074453	1.0248	1.0349	1160.3	1.3424e+05	8.1896e+05	7.809e+05	8.6029	0.69813	1.3962
58.302	2681.4	0.050869	2.112	60603	0.071251	1.0276	0.98137	959.31	1.1918e+05	6.7733e+05	6.4572e+05	8.5671	0.69813	1.3962
64.924	2659.2	0.030862	2.1212	61326	0.068486	1.0299	0.9565	859.35	1.1089e+05	6.0697e+05	5.7854e+05	8.5316	0.69813	1.3962
69.088	2646.8	0.018092	2.1267	61597	0.066733	1.0314	0.94679	821.93	1.0742e+05	5.8067e+05	5.5336e+05	8.5052	0.69809	1.396
70.115	2643.9	0.01493	2.128	61642	0.066298	1.0318	0.94433	815.35	1.0675e+05	5.7582e+05	5.4841e+05	8.498	0.69776	1.394
72.088	2638.4	0.0088394	2.1305	61704	0.065462	1.0324	0.94202	805.47	1.0565e+05	5.6918e+05	5.4236e+05	8.4836	0.6981	1.3961
76.434	2627	-0.0046533	2.1361	61728	0.063609	1.034	0.93771	795.99	1.0409e+05	5.627e+05	5.3611e+05	8.4479	0.69813	1.3962
82.478	2612	-0.02353	2.1438	61505	0.061012	1.036	0.93621	810.08	1.0379e+05	5.7301e+05	5.4577e+05	8.3888	0.69813	1.3962
89.297	2595.6	-0.044935	2.153	60898	0.05805	1.0383	0.94094	865.46	1.059e+05	6.1269e+05	5.8331e+05	8.307	0.69813	1.3962
95.855	2579.5	-0.065547	2.1625	59961	0.055172	1.0405	0.95377	964.03	1.1035e+05	6.8315e+05	6.5007e+05	8.2114	0.69813	1.3962
101.15	2565.6	-0.08217	2.171	58955	0.052823	1.0423	0.97298	1083.5	1.157e+05	7.6854e+05	7.3098e+05	8.1205	0.69813	1.3962
104.39	2556.3	-0.092279	2.1766	58234	0.051379	1.0433	0.99028	1177.8	1.1974e+05	8.3591e+05	7.9474e+05	8.0585	0.69808	1.396
105.17	2553.9	-0.094738	2.1781	58046	0.051026	1.0436	0.99292	1203.6	1.2081e+05	8.5336e+05	8.0999e+05	8.0426	0.69715	1.3909
105.93	2551.6	-0.097092	2.1795	57861	0.050687	1.0438	1.0005	1229.5	1.2188e+05	8.728e+05	8.296e+05	8.027	0.69802	1.3958
107.66	2546.1	-0.10249	2.1829	57421	0.049906	1.0444	1.014	1293.2	1.2444e+05	9.1844e+05	8.7294e+05	7.9901	0.69809	1.396
110.27	2537.3	-0.11058	2.1883	56716	0.048728	1.0452	1.0384	1401.2	1.2861e+05	9.9573e+05	9.463e+05	7.9314	0.69812	1.3962
113.6	2524.8	-0.12084	2.1958	55743	0.047216	1.0463	1.0786	1563	1.3447e+05	1.1117e+06	1.0563e+06	7.8505	0.69813	1.3962
117.46	2508.3	-0.13263	2.2056	54516	0.045453	1.0475	1.1415	1789.6	1.4197e+05	1.2741e+06	1.2103e+06	7.7477	0.69813	1.3962
121.62	2487.3	-0.14518	2.2177	53078	0.043535	1.0488	1.2346	2089.5	1.5079e+05	1.4894e+06	1.4144e+06	7.6243	0.69813	1.3962
125.84	2461.9	-0.1577	2.2321	51501	0.041571	1.0501	1.3634	2463.3	1.6031e+05	1.7583e+06	1.6691e+06	7.4843	0.69813	1.3962
129.88	2432.5	-0.1694	2.2484	49892	0.039676	1.0513	1.5397	2931.5	1.7062e+05	2.0948e+06	1.988e+06	7.3756	0.69813	1.3962
133.49	2400.4	-0.17959	2.2658	48374	0.037963	1.0523	1.7523	3458	1.8034e+05	2.4734e+06	2.3467e+06	7.2785	0.69813	1.3962
136.48	2369.1	-0.18774	2.2826	47071	0.036536	1.0531	1.9693	3970.1	1.8809e+05	2.8423e+06	2.6961e+06	7.1832	0.69813	1.3962
138.67	2342.7	-0.19351	2.2966	46094	0.035486	1.0537	2.1727	4435.9	1.9432e+05	3.1771e+06	3.0133e+06	7.137	0.69811	1.3961
139.93	2326	-0.19674	2.3054	45524	0.03488	1.0541	2.3036	4731.2	1.9775e+05	3.3894e+06	3.214e+06	7.1072	0.69805	1.3957
140.23	2321.8	-0.19749	2.3076	45388	0.034736	1.0541	2.3346	4804.3	1.9855e+05	3.4409e+06	3.2613e+06	7.0996	0.69778	1.3949
141.12	2309.1	-0.19971	2.3144	44983	0.034308	1.0544	2.4373	5027.2	2.0083e+05	3.6028e+06	3.4165e+06	7.0758	0.69811	1.3961
143.14	2277.6	-0.20463	2.331	44051	0.033326	1.0549	2.687	5573.8	2.0558e+05	3.9971e+06	3.7899e+06	7.0137	0.69813	1.3962
146.16	2223.4	-0.21155	2.3597	42646	0.031856	1.0556	3.1099	6483.7	2.1105e+05	4.6548e+06	4.4123e+06	6.8988	0.69813	1.3962
149.97	2141.4	-0.21943	2.4036	40867	0.029993	1.0565	3.7219	7775.5	2.1398e+05	5.5926e+06	5.2987e+06	6.7093	0.69813	1.3962
154.31	2027.2	-0.22708	2.4665	38863	0.027866	1.0574	4.4887	9364.6	2.0989e+05	6.7545e+06	6.395e+06	6.4232	0.69813	1.3962
158.88	1882.3	-0.23348	2.5505	36821	0.025639	1.0582	5.2847	10986	1.9526e+05	7.9542e+06	7.5236e+06	6.0338	0.69813	1.3962
163.37	1717.1	-0.23814	2.6534	34930	0.023494	1.0588	5.9449	12242	1.7075e+05	8.9522e+06	8.4526e+06	5.5657	0.69813	1.3962
167.48	1551.8	-0.24138	2.7663	33335	0.021608	1.0593	6.3026	12855	1.4217e+05	9.5014e+06	8.9546e+06	5.0778	0.69813	1.396
170.92	1408.4	-0.24386	2.8743	32111	0.020111	1.0595	6.3666	12884	1.1668e+05	9.6134e+06	9.0456e+06	4.643	0.69813	1.3958
173.46	1303.1	-0.246	2.9609	31274	0.01907	1.0596	6.2387	12557	98230	9.4374e+06	8.8688e+06	4.3057	0.69812	1.3953
174.94	1243.6	-0.24747	3.0131	30816	0.018497	1.0597	6.1136	12274	88242	9.2622e+06	8.6969e+06	4.1132	0.69803	1.3929
175.29	1229.6	-0.24783	3.0258	30710	0.018363	1.0597	6.0654	12198	85949	9.2057e+06	8.6312e+06	4.0678	0.69729	1.3855
175.94	1203.8	-0.24853	3.0494	30515	0.018119	1.0597	6.0268	12050	81797	9.1441e+06	8.5645e+06	3.9842	0.69805	1.3956
177.44	1145.3	-0.25053	3.106	30079	0.017574	1.0597	5.9832	11670	72684	9.1897e+06	8.3949e+06	3.7943	0.6981	1.3939
179.72	1059.7	-0.25332	3.1972	29455	0.016799	1.0597	5.8476	11007	60189	9.1293e+06	8.0556e+06	3.5154	0.69812	1.3949
182.65	955.78	-0.25848	3.3236	28708	0.015895	1.0596	5.5678	10058	46568	8.8565e+06	7.5148e+06	3.176	0.69813	1.3942
186.08	843.88	-0.26541	3.4806	27909	0.014974	1.0595	5.1091	8884	33905	8.1804e+06	6.8848e+06	2.8091	0.69812	1.3941
189.86	733.85	-0.2803	3.6594	27110	0.014142	1.0593	4.5419	7615.7	23574	7.305e+06	6.1528e+06	2.4472	0.6981	1.3952
193.78	634.44	-0.2862	3.8445	26357	0.01347	1.0591	3.8235	6409	16047	6.3754e+06	5.3898e+06	2.1193	0.69805	1.221
197.65	549.97	-0.2662	4.015	25728	0.012975	1.0589	3.1375	5318.7	10906	5.4543e+06	4.6668e+06	1.8397	0.69798	1.0372
201.28	482.29	-0.23201	4.1543	25264	0.012636	1.0586	2.5092	4401.6	7580.2	4.6084e+06	3.9838e+06	1.615	0.69787	0.84557
204.48	431.3	-0.1938	4.2552	24955	0.012415	1.0584	2.0133	3697.3	5525.1	3.906e+06	3.4065e+06	1.4453	0.69762	0.69427
207.1	395.41	-0.16455	4.3208	24762	0.012276	1.0583	1.6139	3203.8	4304	3.3246e+06	2.929e+06	1.3256	0.69723	0.55735
209	373.04	-0.14728	4.357	24649	0.012192	1.0582	1.3005	2903.3	3636.2	2.8051e+06	2.5156e+06	1.2509	0.69687	0.47987
210.09	361.87	-0.14172	4.3743	24592	0.012149	1.0581	1.1451	2757.1	3329.3	2.5466e+06	2.288e+06	1.2136	0.69184	0.44665
210.35	359.38	-0.14051	4.378	24579	0.012139	1.0581	1.1192	2724.9	3263.2	2.4953e+06	2.2466e+06	1.2053	0.69171	0.44492
211.1	352.32	-0.13822	4.3886	24541	0.012112	1.0581	1.0528	2634.5	3080.7	2.3616e+06	2.1477e+06	1.1817	0.69368	0.43232
212.84	337.38	-0.13675	4.41	24460	0.012054	1.058	0.91059	2447.4	2717	2.0884e+06	1.9393e+06	1.1318	0.69701	0.3791
215.45	318.01	-0.14258	4.4347	24341	0.011977	1.0579	0.75054	2215.7	2290.1	1.8125e+06	1.6836e+06	1.0671	0.69589	0.29527
218.77	297.44	-0.15963	4.4563	24188	0.011892	1.0577	0.62295	1986.3	1890.6	1.6095e+06	1.47e+06	0.99844	0.69662	0.19756
222.63	278.17	-0.19013	4.4711	23997	0.011807	1.0575	0.52849	1791	1564.9	1.4361e+06	1.2871e+06	0.93415	0.69594	0.11353
226.79	262.06	-0.23437	4.4791	23761	0.011725	1.0574	0.46628	1650.4	1329.2	1.3125e+06	1.1585e+06	0.88053	0.69592	0.052877
231.01	249.71	-0.28767	4.4822	23484	0.011649	1.0572	0.42754	1566.3	1173	1.2258e+06	1.0854e+06	0.83956	0.69583	0.018222
235.05	240.92	-0.34448	4.4826	23177	0.011581	1.0571	0.4051	1531.4	1077.7	1.1603e+06	1.0624e+06	0.81058	0.69536	-0.00032161
238.67	235.04	-0.39757	4.482	22865	0.011522	1.057	0.37833	1532.1	1024.7	1.135e+06	1.0622e+06	0.79135	0.69462	-0.0066967
241.66	231.39	-0.44071	4.4813	22581	0.011476	1.0569	0.35097	1554	999.32	1.1353e+06	1.0772e+06	0.77955	0.69427	-0.0080339
243.85	229.27	-0.47102	4.4808	22359	0.011443	1.0568	0.32823	1581	989.2	1.1418e+06	1.0827e+06	0.77282	0.69036	-0.0063401
245.1	228.33	-0.48785	4.4805	22226	0.011424	1.0568	0.31402	1601.8	987.27	1.148e+06	1.0813e+06	0.76986	0.68597	-0.0057155
245.4	228.12	-0.49177	4.4804	22194	0.01142	1.0567	0.31042	1607.2	987.14	1.1509e+06	1.0846e+06	0.76923	0.68587	-0.0054704
246.29	227.54	-0.50311	4.4803	22098	0.011407	1.0567	0.29933	1623.9	987.05	1.1629e+06	1.1039e+06	0.76743	0.68802	-0.004939
248.32	226.16	-0.52748	4.48	21872	0.011378	1.0567	0.27453	1663.9	986.75	1.1918e+06	1.1522e+06	0.76318	0.69354	-0.00285
251.34	224.12	-0.56002	4.4797	21520	0.011335	1.0566	0.23914	1729.1	987.36	1.2306e+06	1.2022e+06	0.75689	0.6946	-6.0588e-05
255.14	221.55	-0.59464	4.4796	21056	0.011283	1.0565	0.19756	1821	989.57	1.2847e+06	1.2701e+06	0.74901	0.69536	0.0024275
259.48	218.19	-0.62551	4.4798	20509	0.011226	1.0563	0.16147	1929.6	987.29	1.3448e+06	1.3489e+06	0.7386	0.69575	0.0043024
264.05	213.9	-0.64944	4.4805	19921	0.011168	1.0562	0.14344	2039.4	974.51	1.3979e+06	1.4283e+06	0.72493	0.69594	0.0082543
268.54	208.81	-0.66662	4.4821	19340	0.011113	1.0561	0.14279	2129.8	947.83	1.4277e+06	1.4899e+06	0.70765	0.69518	0.017611
272.65	203.61	-0.67906	4.4853	18812	0.011065	1.056	0.14933	2201	915.06	1.4414e+06	1.536e+06	0.69005	0.69408	0.031355
276.09	198.71	-0.68805	4.4897	18374	0.011027	1.0559	0.16351	2246	879.33	1.4417e+06	1.5818e+06	0.67344	0.6962	0.044055
278.64	195.02	-0.69473	4.494	18055	0.011	1.0559	0.15227	2275.1	851.64	1.4295e+06	1.5635e+06	0.66093	0.68938	0.051865
280.11	193.15	-0.69876	4.4967	17871	0.010985	1.0558	0.14006	2297.1	838.99	1.4252e+06	1.5415e+06	0.65458	0.68316	0.054499
280.46	192.72	-0.69971	4.4974	17828	0.010982	1.0558	0.14001	2302.8	836.21	1.4256e+06	1.5435e+06	0.65314	0.68284	0.054812
281.11	191.91	-0.70143	4.4987	17747	0.010975	1.0558	0.14474	2312.7	830.78	1.4278e+06	1.5583e+06	0.65038	0.68415	0.055443
282.62	189.86	-0.70518	4.5018	17561	0.010961	1.0558	0.16176	2330.8	815.88	1.4304e+06	1.6028e+06	0.64344	0.68928	0.058738
284.89	186.26	-0.71082	4.5069	17283	0.010939	1.0557	0.1808	2343.8	786.7	1.4194e+06	1.6492e+06	0.63125	0.69498	0.065485
287.82	181.51	-0.71917	4.5144	16930	0.010913	1.0557	0.18008	2353.1	747.57	1.3922e+06	1.6516e+06	0.61514	0.694	0.074662
291.26	175.98	-0.73079	4.5245	16523	0.010885	1.0556	0.18409	2358.6	702.42	1.3665e+06	1.6712e+06	0.59639	0.69624	0.082355
295.03	170.38	-0.74367	4.5364	16084	0.010857	1.0555	0.15677	2369.6	658.95	1.3669e+06	1.6347e+06	0.57743	0.6904	0.08277
298.95	165.07	-0.75448	4.5484	15635	0.010832	1.0554	0.16499	2386.9	619.73	1.3793e+06	1.6844e+06	0.55941	0.69685	0.070144
302.82	159.08	-0.76356	4.5575	15204	0.010809	1.0554	0.14546	2373	572.84	1.369e+06	1.6667e+06	0.53911	0.69656	0.043109
306.45	156.63	-0.77184	4.5613	14807	0.010789	1.0553	0.032025	2449.1	563.76	1.3728e+06	1.3841e+06	0.53083	0.64508	0.0063019
309.66	158.58	-0.77505	4.5595	14455	0.010772	1.0553	0.10493	2653.9	601.91	1.4335e+06	1.201e+06	0.53743	0.59307	-0.031235
312.27	161.91	-0.77235	4.554	14162	0.010757	1.0552	0.16899	2897.5	656.35	1.5012e+06	1.0823e+06	0.54873	0.54737	-0.060639
314.17	165.19	-0.76722	4.5479	13945	0.010745	1.0552	0.20437	3120.7	709.76	1.5657e+06	1.0221e+06	0.55985	0.5168	-0.077562
315.26	167.22	-0.76287	4.5438	13820	0.010739	1.0552	0.22433	3261.7	744	1.6007e+06	9.8495e+05	0.56673	0.49794	-0.083381
315.52	167.75	-0.76176	4.5428	13790	0.010737	1.0551	0.22806	3297.8	752.94	1.6112e+06	9.7885e+05	0.56851	0.49412	-0.084013
316.02	168.75	-0.75934	4.5407	13732	0.010734	1.0551	0.23363	3367.9	770.24	1.633e+06	9.7134e+05	0.5719	0.48776	-0.085283
317.18	171.15	-0.75305	4.5359	13597	0.010726	1.0551	0.25186	3538.9	812.76	1.6715e+06	9.377e+05	0.58004	0.46792	-0.091741
318.95	175.06	-0.74182	4.5275	13389	0.010713	1.0551	0.27865	3826	885.16	1.7334e+06	8.8984e+05	0.5933	0.43863	-0.10435
321.25	180.53	-0.72439	4.5149	13115	0.010695	1.055	0.30983	4248.8	993.47	1.8154e+06	8.3311e+05	0.61182	0.39879	-0.11933
324.02	187.4	-0.70013	4.498	12783	0.01067	1.055	0.33446	4824.5	1142.9	1.9029e+06	7.7741e+05	0.63511	0.35198	-0.12502
327.12	195.39	-0.67094	4.4797	12406	0.010637	1.0549	0.34167	5565.5	1337.2	1.9543e+06	7.1453e+05	0.66219	0.29842	-0.10835
330.46	204.29	-0.64135	4.4654	12000	0.010597	1.0548	0.33216	6486.2	1581.6	1.9524e+06	6.4548e+05	0.69234	0.24222	-0.066976
333.89	213.9	-0.61823	4.4588	11578	0.010551	1.0547	0.31378	7600.5	1881.2	1.8528e+06	5.7553e+05	0.72491	0.18471	-0.017264
337.29	223.8	-0.60553	4.459	11150	0.010503	1.0546	0.30225	8899.3	2233.4	1.8063e+06	5.5959e+05	0.75843	0.1455	0.020289
340.53	232.04	-0.58588	4.4629	10735	0.010455	1.0545	0.3225	10133	2566.5	2.1566e+06	6.8875e+05	0.78327	0.15342	0.036028
343.48	236.22	-0.54102	4.468	10364	0.010409	1.0545	0.48811	11003	2774.2	2.6874e+06	8.8812e+05	0.79302	0.18134	0.032851
346.03	236.63	-0.48277	4.472	10068	0.010369	1.0544	0.61343	11456	2840.8	3.0076e+06	1.0155e+06	0.79096	0.19809	0.020782
348.07	234.85	-0.42669	4.4738	9856	0.010337	1.0543	0.72167	11586	2812.9	3.2505e+06	1.1179e+06	0.78259	0.21534	0.0093987
349.54	232.29	-0.38145	4.4743	9720.9	0.010313	1.0543	0.77464	11525	2743.3	3.3633e+06	1.1716e+06	0.77256	0.22683	0.0025849
350.38	230.47	-0.35515	4.4743	9651.2	0.010299	1.0542	0.77458	11443	2689.8	3.3675e+06	1.1717e+06	0.76574	0.22972	0.00026223
350.58	230.01	-0.34892	4.4743	9635.5	0.010296	1.0542	0.76916	11419	2676.1	3.3583e+06	1.1665e+06	0.76404	0.22966	0
