0.054939016
0.054596906
0.056680871
0.061646098
0.069289459
0.079949032
0.093964273
0.111675494
0.13342319
0.159547481
0.190387129
0.226279614
0.268294127
0.316054019
0.369832895
0.429934618
0.429934618
0.429934618
0.429934618
0.429934618
0.429934618
0.429934618
0.429934618
0.429934618
0.429934618
0.429934618
0.429934618
0.429934618
0.429934618
0.429934618
0.429934618
0.064362759
0.063221858
0.064726388
0.070018767
0.079434763
0.091770455
0.107247295
0.126092558
0.148541309
0.174836744
0.205232199
0.239991051
0.279387489
0.323707649
0.373248717
0.42831974
0.42831974
0.42831974
0.42831974
0.42831974
0.42831974
0.42831974
0.42831974
0.42831974
0.42831974
0.42831974
0.42831974
0.42831974
0.42831974
0.42831974
0.42831974
0.085581185
0.084670705
0.08663431
0.091567142
0.099560858
0.110706291
0.125094335
0.142817405
0.164918827
0.191688954
0.222434048
0.25723611
0.296181165
0.34346673
0.399113202
0.459772754
0.459772754
0.459772754
0.459772754
0.459772754
0.459772754
0.459772754
0.459772754
0.459772754
0.459772754
0.459772754
0.459772754
0.459772754
0.459772754
0.459772754
0.459772754
0.065735013
0.067025075
0.070232036
0.075464698
0.083633522
0.093839115
0.106057069
0.120259955
0.136418928
0.154503194
0.174480934
0.19631961
0.219987173
0.246903094
0.275246647
0.305641803
0.305641803
0.305641803
0.305641803
0.305641803
0.305641803
0.305641803
0.305641803
0.305641803
0.305641803
0.305641803
0.305641803
0.305641803
0.305641803
0.305641803
0.305641803
0.029392432
0.029017113
0.029342348
0.030815566
0.033690292
0.038044164
0.044231454
0.05386886
0.065435122
0.07892033
0.094325054
0.111854817
0.131279109
0.152469738
0.175598117
0.200788843
0.227965185
0.257036721
0.287997314
0.32084158
0.355558382
0.355558382
0.355558382
0.355558382
0.355558382
0.355558382
0.355558382
0.355558382
0.355558382
0.355558382
0.355558382
0.021944356
0.021553369
0.021886065
0.023567905
0.026216107
0.029897649
0.034711052
0.04079094
0.048297285
0.057304052
0.06789878
0.080213294
0.094368275
0.110490761
0.128703224
0.149127624
0.171885436
0.197097992
0.224886566
0.255372379
0.288676828
0.288676828
0.288676828
0.288676828
0.288676828
0.288676828
0.288676828
0.288676828
0.288676828
0.288676828
0.288676828
0.020811387
0.017763615
0.017627451
0.019539464
0.022325448
0.025823266
0.030143524
0.035402159
0.041717295
0.049207968
0.057992308
0.068184125
0.079890464
0.093208618
0.108223543
0.125006408
0.143612562
0.164081037
0.186433895
0.210676303
0.236817159
0.236817159
0.236817159
0.236817159
0.236817159
0.236817159
0.236817159
0.236817159
0.236817159
0.236817159
0.236817159
0.019739941
0.018213354
0.017811324
0.01947093
0.022412492
0.026212181
0.031118422
0.037040588
0.044018297
0.052132215
0.061462749
0.072136054
0.084435656
0.098279348
0.113747045
0.130918464
0.150212552
0.171050181
0.193644666
0.218269349
0.245472502
0.245472502
0.245472502
0.245472502
0.245472502
0.245472502
0.245472502
0.245472502
0.245472502
0.245472502
0.245472502
0.022825565
0.02197452
0.021438139
0.021771953
0.024832292
0.029255143
0.035217843
0.042790096
0.051419701
0.061085611
0.071790542
0.08356974
0.096500571
0.110712288
0.127470639
0.146166207
0.165665494
0.186759523
0.209741657
0.235675785
0.263522079
0.263522079
0.263522079
0.263522079
0.263522079
0.263522079
0.263522079
0.263522079
0.263522079
0.263522079
0.263522079
0.017066865
0.015386753
0.014147681
0.01369473
0.015960388
0.019340694
0.024157437
0.030437307
0.037638765
0.045703162
0.054653616
0.064494763
0.075290296
0.087173079
0.10118181
0.117000433
0.133728751
0.151706509
0.1712201
0.193209836
0.216636975
0.216636975
0.216636975
0.216636975
0.216636975
0.216636975
0.216636975
0.216636975
0.216636975
0.216636975
0.216636975
0.019473732
0.017410628
0.01886938
0.017909016
0.020294711
0.024021435
0.029388356
0.036145004
0.043780622
0.05222075
0.061437977
0.071481634
0.082397328
0.095142916
0.109322215
0.124675658
0.142070982
0.160131546
0.1796051
0.201637537
0.225014175
0.225014175
0.225014175
0.225014175
0.225014175
0.225014175
0.225014175
0.225014175
0.225014175
0.225014175
0.225014175
0.019696227
0.017879784
0.016394732
0.01568125
0.018102912
0.021873452
0.027107737
0.034036522
0.041746695
0.050261987
0.059557431
0.069772598
0.081473079
0.094455289
0.108333771
0.124107155
0.140889285
0.158797156
0.1782394
0.199983213
0.223170174
0.223170174
0.223170174
0.223170174
0.223170174
0.223170174
0.223170174
0.223170174
0.223170174
0.223170174
0.223170174