0.453931
0.468199
0.492979
0.528363
0.574474
0.631474
0.699560
0.778970
0.869978
0.972903
1.088107
1.215995
1.357024
1.511701
1.680588
1.864307
2.063541
2.279043
2.511638
2.762231
3.031813
0.452673
0.467005
0.491903
0.527455
0.573788
0.631063
0.699480
0.779275
0.870727
0.974155
1.089921
1.218436
1.360158
1.515595
1.685314
1.869939
2.070158
2.286726
2.520474
2.772312
3.043236
0.462760
0.477362
0.502747
0.539006
0.586267
0.644695
0.714495
0.795908
0.889218
0.994751
1.112879
1.244021
1.388643
1.547267
1.720472
1.908896
2.113241
2.334280
2.572863
2.829918
3.106465
0.486935
0.502030
0.528312
0.565876
0.614855
0.675420
0.747783
0.832197
0.928955
1.038397
1.160910
1.296928
1.446938
1.611483
1.791163
1.986644
2.198655
2.428002
2.675567
2.942319
3.229315
0.569053
0.584950
0.612727
0.652485
0.704364
0.768547
0.845258
0.934766
1.037385
1.153476
1.283450
1.427772
1.586960
1.761591
1.952308
2.159818
2.384900
2.628413
2.891297
3.174584
3.479404
0.805169
0.839146
0.894204
0.970342
1.067560
1.185857
1.325235
1.485693
1.667230
1.869848
2.093545
2.338323
2.604180
2.891118
3.199475
3.528984
3.879604
4.251339
4.644196
5.058177
5.493291
1.026785
1.065928
1.128103
1.213310
1.321549
1.452820
1.607123
1.784458
1.984825
2.208223
2.454654
2.724116
3.016610
3.332137
3.670694
4.032285
4.417642
4.828387
5.301496
5.806314
6.342106
0.919226
0.956879
1.016748
1.098833
1.203133
1.329649
1.478381
1.649329
1.842492
2.057871
2.295466
2.555277
2.837303
3.141546
3.468004
3.816678
4.188190
4.584008
5.039842
5.526180
6.044126
0.846424
0.882721
0.940462
1.019647
1.120277
1.242352
1.385871
1.550834
1.737241
1.945094
2.174390
2.425131
2.697317
2.990947
3.306021
3.642540
4.001084
4.383575
4.823226
5.292261
5.791736
0.786129
0.821146
0.876848
0.953236
1.050309
1.168068
1.306512
1.465641
1.645456
1.845956
2.067142
2.309013
2.571569
2.854811
3.158739
3.483351
3.829226
4.199221
4.623110
5.075299
5.556805
0.727028
0.760822
0.814564
0.888252
0.981888
1.095470
1.228999
1.382474
1.555896
1.749265
1.962581
2.195844
2.449054
2.722210
3.015313
3.328363
3.661925
4.019954
4.428588
4.864482
5.328611
0.679095
0.711731
0.763604
0.834715
0.925063
1.034650
1.163473
1.311535
1.478834
1.665370
1.871145
2.096156
2.340406
2.603893
2.886617
3.188580
3.510195
3.856921
4.250914
4.671165
5.118613
0.635940
0.667422
0.717462
0.786061
0.873217
0.978932
1.103205
1.246036
1.407425
1.587373
1.785879
2.002943
2.238565
2.492745
2.765484
3.056781
3.366965
3.702650
4.082615
4.487890
4.919411
0.601892
0.632123
0.680233
0.746222
0.830091
0.931838
1.051465
1.188970
1.344355
1.517619
1.708762
1.917784
2.144686
2.389466
2.652126
2.932665
3.231359
3.555335
3.921268
4.311581
4.727292
0.574852
0.603951
0.650299
0.713897
0.794744
0.892840
1.008186
1.140782
1.290626
1.457720
1.642064
1.843657
2.062499
2.298591
2.551932
2.822522
3.110589
3.423535
3.776475
4.152975
4.553973
0.549330
0.577391
0.622114
0.683498
0.761545
0.856253
0.967623
1.095655
1.240350
1.401705
1.579723
1.774403
1.985745
2.213748
2.458414
2.719741
2.997927
3.300800
3.641630
4.005299
4.392537
0.525660
0.552774
0.596027
0.655418
0.730949
0.822618
0.930426
1.054372
1.194457
1.350682
1.523044
1.711546
1.916186
2.136965
2.373883
2.626940
2.896316
3.190412
3.520428
3.872542
4.247430
0.501871
0.527931
0.569459
0.626453
0.698914
0.786842
0.890238
1.009100
1.143429
1.293225
1.458489
1.639219
1.835416
2.047080
2.274211
2.516809
2.775051
3.057488
3.373577
3.710699
4.069567
0.478792
0.503807
0.543596
0.598156
0.667489
0.751595
0.850473
0.964123
1.092546
1.235741
1.393708
1.566448
1.753960
1.956244
2.173301
2.405130
2.651911
2.922488
3.224123
3.545737
3.888025
0.457024
0.481092
0.519312
0.571683
0.638204
0.718877
0.813700
0.922675
1.045801
1.183078
1.334505
1.500084
1.679814
1.873695
2.081727
2.303910
2.540430
2.800809
3.089497
3.397249
3.724720
0.436274
0.459475
0.496267
0.546651
0.610627
0.688194
0.779353
0.884103
1.002445
1.134379
1.279904
1.439021
1.611729
1.798029
1.997921
2.211404
2.438730
2.689923
2.966955
3.262230
3.576369
0.4498813
0.457399
0.476159
0.4951683
0.5341012
0.5795559
0.6285061
0.7039214
0.7870089
0.8822604
0.9933459
1.121956
1.2648882
1.4251045
1.6080442
1.808477
2.0285448
2.2774974
2.5357064
2.8219422
3.1294019
0.4548858
0.4613502
0.4742911
0.4943559
0.5259942
0.5667908
0.6104224
0.6832331
0.7645611
0.8557157
0.9549103
1.0838576
1.2228202
1.3792344
1.5536611
1.7508827
1.9657457
2.2012565
2.459107
2.7183664
3.0411012
0.460447
0.4599598
0.4790172
0.4954264
0.5294253
0.5694767
0.6209902
0.6849246
0.7555732
0.8532597
0.958224
1.0630823
1.2203501
1.375551
1.5542124
1.7499823
1.9659028
2.2023455
2.4616397
2.7635665
3.1467161
0.4630964
0.4671316
0.483259
0.5033028
0.5329921
0.5728676
0.6241004
0.6853764
0.7648727
0.8562292
0.9626804
1.0854693
1.2252262
1.3829694
1.5590847
1.7548627
1.9710401
2.2510922
2.5585608
2.898774
3.3
0.4570927
0.4593156
0.4731404
0.4929076
0.5142809
0.542804
0.6017782
0.6638331
0.7466654
0.8586179
0.9652684
1.0888569
1.2272907
1.3881286
1.5644327
1.762282
1.9596935
2.2164198
2.4783864
2.7612298
3.0665022
0.4567856
0.4655626
0.4808524
0.4905059
0.5240733
0.5498479
0.6117094
0.6928039
0.7715561
0.8646163
0.9727027
1.0969234
1.2385045
1.4003483
1.5685677
1.7743263
1.9929729
2.2319448
2.4925165
2.776274
3.084382
0.4628944
0.4675604
0.482178
0.5037333
0.5346263
0.5637345
0.6298721
0.6958269
0.7753459
0.8659015
0.9783594
1.1037565
1.2526519
1.4073442
1.5857433
1.7842969
2.0008578
2.2429285
2.5038568
2.7848946
3.0922527
0.4637597
0.4683981
0.4834698
0.5053639
0.5368883
0.5797471
0.633907
0.7
0.7809891
0.8758357
0.9860274
1.1116266
1.2545209
1.4152263
1.5930585
1.8
2.0086072
2.2469993
2.5063597
2.7882155
3.0925117
0.4624361
0.4589791
0.4739147
0.4987946
0.5390135
0.5823498
0.6370579
0.7039802
0.7843122
0.8789691
0.9877613
1.1211148
1.2536815
1.4144655
1.5914048
1.7851109
2.0054199
2.2430365
2.5019371
2.7827021
3.0865146
0.4577091
0.4639942
0.484514
0.502699
0.534886
0.5781369
0.6259039
0.7
0.7788366
0.8730761
0.9817054
1.1059235
1.2475901
1.4074599
1.5844517
1.7782416
1.9996412
2.2378946
2.496639
2.7804439
3.085685
0.4512672
0.4682647
0.4833739
0.5033973
0.5408821
0.5850899
0.6407129
0.7088713
0.7904247
0.8607847
0.975922
1.09905
1.2665711
1.4291152
1.6
1.8090947
2.02
2.271833
2.5357255
2.8217815
3.1314497
0.476915
0.4831368
0.4999759
0.526203
0.563967
0.6127411
0.6725183
0.7450943
0.8328795
0.9346791
1.0515713
1.1842548
1.335215
1.50512
1.6919447
1.8993439
2.127318
2.3776805
2.6491723
2.9433629
3.261395
0.4799373
0.4863303
0.5049279
0.5331606
0.5718407
0.6219542
0.6852536
0.7599466
0.8495283
0.9536917
1.0729425
1.2084689
1.361476
1.5335312
1.7227014
1.9321696
2.1632557
2.4147737
2.6882508
2.9837153
3.3028476
0.4512853
0.4605909
0.4791437
0.51268
0.5471911
0.598293
0.6622893
0.7383879
0.8279916
0.9320045
1.0506007
1.1845518
1.3358315
1.5062689
1.6934727
1.9007328
2.1294624
2.3773402
2.64668
2.9377788
3.2520796  