time	v	gamma	zeta	alt	lon	lat	mFuel	PlaceHolder	Thrust	PlaceHolder	Accel	q	heating_rate	PlaceHolder	PlaceHolder	PlaceHolder	PlaceHolder	PlaceHolder	L	D	M	eta	Alpha	
s	km/s	deg	deg	km	deg	deg	kg	-	N	-	m/s^2	pa	W/m^2	-	-	-	-	-	N	N	Mach	deg	deg																										
0	0.054447	87.032	10.988	0.53261	150.48	-22.947	1.3696e+06	0	2.3126e+07	0	3.6817	1724.7	54.225	0	0	0	0	0	1.298e+05	74090	0.8071	0.46067	0.16097	-0.0090629	0.54148
0.92236	0.057866	86.602	11.218	0.58432	150.48	-22.947	1.364e+06	0	2.314e+07	0	3.7339	1938.3	65.129	0	0	0	0	0	1.3716e+05	83013	0.75885	0.45926	0.17118	-0.0091567	0.44758
2.9136	0.065416	85.536	11.596	0.70673	150.48	-22.947	1.3519e+06	0	2.3175e+07	0	3.852	2447.7	94.106	0	0	0	0	0	1.5249e+05	1.0422e+05	0.66808	0.45659	0.19378	-0.0098006	0.27093
5.5721	0.075876	83.836	11.933	0.89363	150.48	-22.947	1.3358e+06	0	2.3227e+07	0	4.0234	3233.5	146.6	0	0	0	0	0	2.0369e+05	1.3811e+05	0.67553	0.45803	0.22525	-0.0112	0.28395
8.371	0.087407	81.738	12.167	1.1202	150.48	-22.947	1.3188e+06	0	2.3289e+07	0	4.2251	4196.6	223.2	0	0	0	0	0	2.9168e+05	1.8068e+05	0.74537	0.46172	0.26016	-0.012869	0.41729
10.756	0.097696	79.758	12.309	1.338	150.48	-22.946	1.3043e+06	0	2.3348e+07	0	4.418	5131.2	310.06	0	0	0	0	0	4.4358e+05	2.2411e+05	0.92706	0.46837	0.29153	-0.014095	0.76655
12.255	0.1044	78.462	12.381	1.4867	150.48	-22.946	1.2952e+06	0	2.3388e+07	0	4.55	5774	376.86	0	0	0	0	0	5.65e+05	2.5459e+05	1.0494	0.47284	0.31208	-0.014576	1.0011
12.626	0.10609	78.136	12.397	1.5249	150.48	-22.946	1.293e+06	0	2.3398e+07	0	4.5836	5939.3	394.98	0	0	0	0	0	5.9027e+05	2.6246e+05	1.0658	0.47389	0.31726	-0.014652	1.0323
13.189	0.10868	77.635	12.42	1.584	150.48	-22.946	1.2896e+06	0	2.3413e+07	0	4.6354	6196.2	423.87	0	0	0	0	0	6.1487e+05	2.7399e+05	1.0642	0.47421	0.32522	-0.014793	1.0285
14.448	0.11457	76.484	12.467	1.721	150.49	-22.946	1.2819e+06	0	2.3449e+07	0	4.7554	6792.7	494.52	0	0	0	0	0	6.5993e+05	3.0036e+05	1.0419	0.47419	0.3434	-0.015556	0.98373
16.247	0.12325	74.765	12.527	1.9281	150.49	-22.946	1.271e+06	0	2.3503e+07	0	4.9379	7699.7	611.53	0	0	0	0	0	7.2562e+05	3.4082e+05	1.0106	0.47468	0.37032	-0.017075	0.92119
18.368	0.13391	72.65	12.586	2.1898	150.49	-22.946	1.2581e+06	0	2.3569e+07	0	5.1721	8853.8	777.41	0	0	0	0	0	8.4476e+05	3.9379e+05	1.0232	0.47696	0.40362	-0.019067	0.94218
20.555	0.14544	70.416	12.638	2.4794	150.49	-22.946	1.2449e+06	0	2.3641e+07	0	5.4345	10141	985.43	0	0	0	0	0	1.0415e+06	4.5816e+05	1.1013	0.48448	0.43987	-0.020937	1.0863
22.545	0.15641	68.39	12.679	2.7605	150.49	-22.946	1.2328e+06	0	2.3709e+07	0	5.6918	11397	1212.6	0	0	0	0	0	1.2986e+06	5.256e+05	1.2219	0.49456	0.47464	-0.022251	1.3107
24.098	0.1653	66.843	12.708	2.9914	150.49	-22.945	1.2233e+06	0	2.3764e+07	0	5.9032	12431	1418.4	0	0	0	0	0	1.5283e+06	5.8275e+05	1.3184	0.50272	0.50302	-0.022946	1.4894
25.027	0.17076	65.935	12.724	3.1343	150.49	-22.945	1.2177e+06	0	2.3797e+07	0	6.0319	13072	1554.6	0	0	0	0	0	1.6539e+06	6.1765e+05	1.3568	0.50672	0.52053	-0.023199	1.5588
25.251	0.17209	65.717	12.728	3.1694	150.49	-22.945	1.2164e+06	0	2.3806e+07	0	6.0627	13229	1589.1	0	0	0	0	0	1.6763e+06	6.2584e+05	1.3589	0.50733	0.52482	-0.023241	1.5618
25.815	0.17547	65.17	12.737	3.2585	150.49	-22.945	1.2129e+06	0	2.3826e+07	0	6.1395	13628	1678.5	0	0	0	0	0	1.7196e+06	6.4602e+05	1.3532	0.50836	0.53572	-0.023455	1.5487
27.074	0.18318	63.947	12.757	3.4624	150.49	-22.945	1.2053e+06	0	2.3873e+07	0	6.3109	14540	1893.5	0	0	0	0	0	1.7776e+06	6.9048e+05	1.3111	0.50928	0.56064	-0.024564	1.4635
28.873	0.19456	62.187	12.784	3.7651	150.49	-22.945	1.1944e+06	0	2.3941e+07	0	6.5611	15891	2239.9	0	0	0	0	0	1.8303e+06	7.5568e+05	1.2351	0.50995	0.59768	-0.026607	1.3124
30.994	0.20855	60.099	12.812	4.1394	150.49	-22.944	1.1815e+06	0	2.4023e+07	0	6.857	17552	2714.1	0	0	0	0	0	1.9225e+06	8.5936e+05	1.1746	0.52504	0.64363	-0.029025	1.185
33.181	0.22361	57.969	12.84	4.5445	150.5	-22.944	1.1682e+06	0	2.4108e+07	0	7.1757	19328	3285.9	0	0	0	0	0	2.1056e+06	9.8254e+05	1.1682	0.54514	0.69363	-0.03102	1.159
35.171	0.23789	56.092	12.863	4.9296	150.5	-22.943	1.1561e+06	0	2.4187e+07	0	7.4777	20988	3887.1	0	0	0	0	0	2.3776e+06	1.1097e+06	1.2149	0.56704	0.7415	-0.032246	1.232
36.724	0.24939	54.693	12.88	5.2409	150.5	-22.943	1.1467e+06	0	2.4249e+07	0	7.7175	22301	4414.2	0	0	0	0	0	2.6332e+06	1.2177e+06	1.2662	0.58555	0.78045	-0.032828	1.3152
37.652	0.25642	53.886	12.889	5.4315	150.5	-22.943	1.1411e+06	0	2.4286e+07	0	7.8541	23090	4754.9	0	0	0	0	0	2.7806e+06	1.2928e+06	1.2914	0.60041	0.8044	-0.033045	1.3475
37.877	0.25813	53.694	12.892	5.4781	150.5	-22.943	1.1397e+06	0	2.4295e+07	0	7.8809	23280	4840.1	0	0	0	0	0	2.814e+06	1.3201e+06	1.2962	0.60809	0.81027	-0.033089	1.3457
38.44	0.26246	53.216	12.898	5.596	150.5	-22.942	1.1363e+06	0	2.4318e+07	0	7.943	23758	5058.9	0	0	0	0	0	2.8652e+06	1.3883e+06	1.2933	0.62664	0.82509	-0.033341	1.3139
39.7	0.27223	52.156	12.91	5.8637	150.51	-22.942	1.1286e+06	0	2.4368e+07	0	8.0633	24817	5572.9	0	0	0	0	0	2.8525e+06	1.5388e+06	1.2326	0.66495	0.85879	-0.034667	1.1474
41.498	0.28646	50.631	12.928	6.2562	150.51	-22.941	1.1177e+06	0	2.444e+07	0	8.221	26306	6369.4	0	0	0	0	0	2.7575e+06	1.765e+06	1.1241	0.71954	0.90833	-0.037111	0.87943
43.619	0.30364	48.823	12.947	6.7335	150.51	-22.941	1.1048e+06	0	2.4525e+07	0	8.4069	28010	7405.7	0	0	0	0	0	2.7099e+06	2.0597e+06	1.0375	0.78859	0.96889	-0.039986	0.64683
45.807	0.32177	46.989	12.967	7.2409	150.52	-22.94	1.0916e+06	0	2.4611e+07	0	8.6181	29688	8587	0	0	0	0	0	2.86e+06	2.3862e+06	1.0331	0.86194	1.0337	-0.042347	0.55605
47.797	0.3386	45.405	12.984	7.715	150.52	-22.939	1.0795e+06	0	2.4688e+07	0	8.8307	31124	9761.3	0	0	0	0	0	3.2234e+06	2.7059e+06	1.1106	0.93231	1.0949	-0.043744	0.60472
49.35	0.35193	44.261	12.997	8.0929	150.53	-22.938	1.0701e+06	0	2.4747e+07	0	9.0128	32170	10741	0	0	0	0	0	3.6715e+06	2.9751e+06	1.2239	0.99176	1.1439	-0.04433	0.72101
50.278	0.35996	43.625	13.005	8.3222	150.53	-22.937	1.0644e+06	0	2.4781e+07	0	9.1197	32758	11352	0	0	0	0	0	3.94e+06	3.1397e+06	1.2898	1.0278	1.1737	-0.044516	0.78472
50.503	0.36191	43.475	13.006	8.378	150.53	-22.937	1.0631e+06	0	2.479e+07	0	9.1402	32896	11503	0	0	0	0	0	3.9767e+06	3.1781e+06	1.2964	1.036	1.181	-0.04456	0.7855
51.066	0.36681	43.104	13.011	8.5188	150.53	-22.937	1.0596e+06	0	2.4811e+07	0	9.1759	33233	11885	0	0	0	0	0	3.9844e+06	3.2701e+06	1.2857	1.0552	1.1993	-0.044843	0.74625
52.325	0.37794	42.26	13.021	8.8367	150.53	-22.936	1.052e+06	0	2.4857e+07	0	9.3412	33966	12774	0	0	0	0	0	3.6739e+06	3.252e+06	1.1599	1.0267	1.2412	-0.046285	0.56908
54.124	0.39438	41	13.035	9.298	150.54	-22.935	1.0411e+06	0	2.4922e+07	0	9.626	34982	14146	0	0	0	0	0	3.3296e+06	3.2146e+06	1.0207	0.98545	1.3037	-0.048757	0.37599
56.245	0.4146	39.493	13.052	9.8521	150.54	-22.934	1.0282e+06	0	2.4996e+07	0	10.03	36126	15927	0	0	0	0	0	3.191e+06	3.1665e+06	0.94724	0.93996	1.3815	-0.051326	0.28548
58.432	0.43642	37.962	13.069	10.434	150.55	-22.932	1.0149e+06	0	2.507e+07	0	10.461	37230	17961	0	0	0	0	0	3.2086e+06	3.1423e+06	0.92421	0.90511	1.4666	-0.052938	0.27254
60.422	0.45708	36.621	13.084	10.973	150.56	-22.931	1.0028e+06	0	2.5135e+07	0	10.876	38158	19992	0	0	0	0	0	3.3666e+06	3.1214e+06	0.94615	0.87723	1.5486	-0.053423	0.3302
61.975	0.47377	35.631	13.095	11.399	150.56	-22.93	9.934e+05	0	2.5194e+07	0	11.249	38354	21573	0	0	0	0	0	3.6482e+06	3.0817e+06	1.0201	0.86165	1.6056	-0.05337	0.46651
62.904	0.48399	35.07	13.102	11.656	150.57	-22.929	9.8777e+05	0	2.5228e+07	0	11.469	38435	22561	0	0	0	0	0	3.8298e+06	3.062e+06	1.0686	0.85433	1.6402	-0.053326	0.55601
63.128	0.48648	34.938	13.104	11.718	150.57	-22.929	9.864e+05	0	2.5236e+07	0	11.517	38452	22805	0	0	0	0	0	3.8315e+06	3.0544e+06	1.0686	0.85185	1.6487	-0.05335	0.55867
63.839	0.49446	34.516	13.109	11.917	150.57	-22.928	9.8209e+05	0	2.5261e+07	0	11.643	38499	23593	0	0	0	0	0	3.6702e+06	3.0199e+06	1.0223	0.84118	1.6757	-0.053731	0.49102
65.404	0.51244	33.559	13.12	12.358	150.58	-22.927	9.7259e+05	0	2.5315e+07	0	11.927	38572	25409	0	0	0	0	0	3.226e+06	2.9346e+06	0.8969	0.81588	1.7367	-0.055466	0.30082
67.58	0.53839	32.198	13.136	12.978	150.59	-22.925	9.5937e+05	0	2.5384e+07	0	12.389	38608	28131	0	0	0	0	0	2.9838e+06	2.8303e+06	0.82878	0.78616	1.8246	-0.0579	0.20941
70.036	0.56898	30.692	13.154	13.687	150.6	-22.923	9.4446e+05	0	2.5454e+07	0	12.942	38560	31486	0	0	0	0	0	2.9093e+06	2.7151e+06	0.80911	0.75511	1.9283	-0.059332	0.20133
72.398	0.59972	29.291	13.171	14.377	150.61	-22.92	9.3012e+05	0	2.5516e+07	0	13.484	38425	35010	0	0	0	0	0	2.9303e+06	2.6063e+06	0.81781	0.72739	2.0325	-0.058988	0.24243
74.306	0.62547	28.218	13.185	14.939	150.62	-22.918	9.1853e+05	0	2.5562e+07	0	13.934	38251	38074	0	0	0	0	0	3.1701e+06	2.537e+06	0.88877	0.71127	2.1197	-0.057964	0.3908
75.47	0.64157	27.601	13.193	15.284	150.62	-22.917	9.1147e+05	0	2.5588e+07	0	14.218	38113	40038	0	0	0	0	0	3.413e+06	2.4978e+06	0.96031	0.7028	2.1743	-0.057429	0.53492
75.754	0.64553	27.457	13.195	15.368	150.63	-22.916	9.0974e+05	0	2.5594e+07	0	14.281	38076	40527	0	0	0	0	0	3.419e+06	2.4848e+06	0.96295	0.69982	2.1877	-0.057414	0.54381
76.464	0.65555	27.092	13.2	15.58	150.63	-22.916	9.0543e+05	0	2.5609e+07	0	14.423	37977	41772	0	0	0	0	0	3.2807e+06	2.4445e+06	0.9264	0.69028	2.2217	-0.057628	0.4879
78.029	0.67803	26.276	13.212	16.049	150.64	-22.914	8.9592e+05	0	2.5641e+07	0	14.737	37732	44618	0	0	0	0	0	2.8982e+06	2.3514e+06	0.82369	0.6683	2.2979	-0.058627	0.32181
80.206	0.71025	25.13	13.228	16.704	150.65	-22.911	8.8271e+05	0	2.5681e+07	0	15.214	37341	48818	0	0	0	0	0	2.6624e+06	2.2366e+06	0.76461	0.64233	2.4071	-0.05985	0.2414
82.662	0.74792	23.867	13.246	17.446	150.67	-22.908	8.678e+05	0	2.5723e+07	0	15.757	36833	53903	0	0	0	0	0	2.5665e+06	2.1314e+06	0.74723	0.62054	2.5347	-0.059937	0.24586
85.024	0.78541	22.698	13.263	18.161	150.68	-22.904	8.5345e+05	0	2.5758e+07	0	16.283	36286	59144	0	0	0	0	0	2.5945e+06	2.0408e+06	0.76677	0.60314	2.6618	-0.058638	0.32118
86.932	0.81659	21.804	13.278	18.74	150.7	-22.901	8.4187e+05	0	2.5784e+07	0	16.715	35805	63631	0	0	0	0	0	2.8125e+06	1.9833e+06	0.84236	0.59401	2.7675	-0.05714	0.50386
88.096	0.83599	21.289	13.286	19.093	150.7	-22.899	8.348e+05	0	2.5798e+07	0	16.979	35494	66478	0	0	0	0	0	2.9688e+06	1.9495e+06	0.89699	0.589	2.8332	-0.056485	0.63557
88.379	0.84077	21.166	13.288	19.179	150.71	-22.899	8.3308e+05	0	2.5802e+07	0	17.04	35416	67185	0	0	0	0	0	2.9638e+06	1.9388e+06	0.89743	0.58706	2.8494	-0.056457	0.64177
89.302	0.85641	20.768	13.295	19.459	150.71	-22.897	8.2748e+05	0	2.5813e+07	0	17.227	35158	69517	0	0	0	0	0	2.7944e+06	1.8949e+06	0.85234	0.57798	2.9024	-0.056698	0.56665
91.293	0.89083	19.896	13.31	20.063	150.73	-22.894	8.1539e+05	0	2.5835e+07	0	17.639	34574	74739	0	0	0	0	0	2.3811e+06	1.7969e+06	0.73853	0.55734	3.0186	-0.057665	0.36527
93.952	0.9382	18.734	13.331	20.867	150.75	-22.889	7.9924e+05	0	2.5861e+07	0	18.221	33668	82017	0	0	0	0	0	2.1808e+06	1.687e+06	0.69462	0.53734	3.1733	-0.057974	0.3127
96.75	0.9898	17.56	13.353	21.707	150.77	-22.884	7.8225e+05	0	2.5886e+07	0	18.847	32724	90239	0	0	0	0	0	2.2039e+06	1.5868e+06	0.72223	0.52001	3.3413	-0.056478	0.42311
99.135	1.0351	16.627	13.372	22.416	150.8	-22.879	7.6776e+05	0	2.5904e+07	0	19.39	31932	97708	0	0	0	0	0	2.5237e+06	1.5218e+06	0.84752	0.51107	3.4886	-0.054188	0.7592
100.63	1.0642	16.086	13.384	22.859	150.81	-22.876	7.5866e+05	0	2.5914e+07	0	19.731	31438	1.0262e+05	0	0	0	0	0	2.767e+06	1.4858e+06	0.94385	0.50681	3.5831	-0.052958	1.0242
101.01	1.0715	15.957	13.387	22.968	150.81	-22.875	7.5641e+05	0	2.5917e+07	0	19.811	31316	1.0386e+05	0	0	0	0	0	2.7865e+06	1.4759e+06	0.95419	0.50541	3.6067	-0.052867	1.0595
101.57	1.0826	15.763	13.391	23.134	150.82	-22.874	7.5299e+05	0	2.592e+07	0	19.931	31131	1.0576e+05	0	0	0	0	0	2.7617e+06	1.4563e+06	0.95134	0.50167	3.6427	-0.052928	1.0686
102.83	1.1077	15.334	13.402	23.504	150.83	-22.871	7.4534e+05	0	2.5928e+07	0	20.202	30720	1.1011e+05	0	0	0	0	0	2.7395e+06	1.416e+06	0.95631	0.49429	3.7239	-0.053416	1.1172
104.63	1.144	14.743	13.416	24.029	150.85	-22.867	7.3442e+05	0	2.5938e+07	0	20.594	30138	1.1653e+05	0	0	0	0	0	2.8925e+06	1.3769e+06	1.0292	0.48993	3.8416	-0.054337	1.3517
106.75	1.1878	14.105	13.434	24.645	150.87	-22.862	7.2154e+05	0	2.5949e+07	0	21.066	29455	1.2442e+05	0	0	0	0	0	3.3566e+06	1.3596e+06	1.2221	0.49499	3.983	-0.054748	1.9123
108.93	1.2337	13.521	13.453	25.277	150.9	-22.857	7.0826e+05	0	2.5959e+07	0	21.491	28747	1.3286e+05	0	0	0	0	0	3.7823e+06	1.4049e+06	1.411	0.52409	4.1312	-0.053501	2.6584
110.92	1.2762	13.044	13.47	25.85	150.92	-22.852	6.9617e+05	0	2.5967e+07	0	21.86	28091	1.4077e+05	0	0	0	0	0	4.0962e+06	1.4551e+06	1.5638	0.55549	4.2678	-0.050751	3.3951
112.48	1.3098	12.703	13.483	26.297	150.94	-22.848	6.8675e+05	0	2.5973e+07	0	22.138	27571	1.4708e+05	0	0	0	0	0	4.2618e+06	1.4907e+06	1.6576	0.57981	4.3757	-0.048188	3.9621
113.41	1.33	12.509	13.491	26.565	150.95	-22.845	6.8111e+05	0	2.5976e+07	0	22.298	27256	1.5092e+05	0	0	0	0	0	4.2929e+06	1.5064e+06	1.689	0.5927	4.4407	-0.047083	4.2491
113.63	1.3349	12.463	13.493	26.63	150.95	-22.845	6.7974e+05	0	2.5977e+07	0	22.337	27180	1.5185e+05	0	0	0	0	0	4.2809e+06	1.5066e+06	1.689	0.59444	4.4565	-0.046979	4.2979
114.09	1.345	12.368	13.497	26.761	150.96	-22.843	6.7696e+05	0	2.5979e+07	0	22.416	27024	1.5376e+05	0	0	0	0	0	4.246e+06	1.5049e+06	1.6849	0.59718	4.4888	-0.046844	4.3872
115.12	1.3678	12.159	13.506	27.059	150.97	-22.841	6.7069e+05	0	2.5982e+07	0	22.596	26672	1.5812e+05	0	0	0	0	0	4.2771e+06	1.5214e+06	1.7197	0.61171	4.5619	-0.046178	4.7405
116.63	1.4014	11.866	13.52	27.492	150.99	-22.836	6.6156e+05	0	2.5987e+07	0	22.856	26155	1.6455e+05	0	0	0	0	0	4.3222e+06	1.5482e+06	1.7722	0.63478	4.6693	-0.044441	5.3068
118.45	1.4427	11.528	13.536	28.019	151.01	-22.831	6.5047e+05	0	2.5992e+07	0	23.172	25522	1.7252e+05	0	0	0	0	0	4.3608e+06	1.5791e+06	1.8323	0.6635	4.8012	-0.040578	6.0615
120.42	1.4878	11.181	13.555	28.587	151.04	-22.825	6.3849e+05	0	2.5998e+07	0	23.495	24836	1.8128e+05	0	0	0	0	0	4.394e+06	1.633e+06	1.8972	0.70508	4.9451	-0.034108	6.8867
122.35	1.5324	10.867	13.573	29.143	151.07	-22.819	6.2682e+05	0	2.6002e+07	0	23.824	24163	1.8996e+05	0	0	0	0	0	4.6296e+06	1.7152e+06	2.0547	0.76124	5.0871	-0.025706	7.7129
124.03	1.5719	10.623	13.589	29.63	151.09	-22.814	6.1658e+05	0	2.6006e+07	0	24.114	23567	1.9766e+05	0	0	0	0	0	4.9205e+06	1.8056e+06	2.239	0.82162	5.2126	-0.017453	8.4173
125.32	1.6023	10.456	13.601	30.003	151.11	-22.809	6.0878e+05	0	2.6009e+07	0	24.335	23109	2.0355e+05	0	0	0	0	0	5.1142e+06	1.8717e+06	2.3733	0.86856	5.3089	-0.011611	8.9415
126.07	1.6202	10.364	13.608	30.224	151.12	-22.807	6.0418e+05	0	2.601e+07	0	24.467	22837	2.0704e+05	0	0	0	0	0	5.1955e+06	1.9026e+06	2.4397	0.89344	5.3659	-0.0092987	9.1957
126.26	1.6246	10.343	13.61	30.277	151.13	-22.806	6.0308e+05	0	2.6011e+07	0	24.499	22771	2.0788e+05	0	0	0	0	0	5.2038e+06	1.9064e+06	2.4506	0.89779	5.3797	-0.0090258	9.2403
126.26	1.6246	10.343	13.61	30.277	151.13	-22.806	6.0308e+05	0	2.3175e+07	0	21.58	22771	2.0788e+05	0	0	0	0	0	5.2038e+06	1.9064e+06	2.4506	0.89779	5.3797	-0.0090258	9.2403
126.33	1.6261	10.334	13.611	30.298	151.13	-22.806	6.0267e+05	0	2.3176e+07	0	21.592	22738	2.0813e+05	0	0	0	0	0	5.1964e+06	1.9042e+06	2.4507	0.89806	5.3845	-0.0090038	9.2441
126.46	1.6289	10.319	13.612	30.337	151.13	-22.806	6.0196e+05	0	2.3176e+07	0	21.612	22680	2.0859e+05	0	0	0	0	0	5.187e+06	1.9016e+06	2.4526	0.89914	5.3932	-0.0089318	9.2567
126.58	1.6312	10.305	13.613	30.37	151.13	-22.805	6.0135e+05	0	2.3176e+07	0	21.63	22630	2.0897e+05	0	0	0	0	0	5.1775e+06	1.8988e+06	2.4535	0.89981	5.4006	-0.0088836	9.2651
126.61	1.6319	10.302	13.614	30.379	151.13	-22.805	6.0118e+05	0	2.3176e+07	0	21.635	22616	2.0908e+05	0	0	0	0	0	5.1744e+06	1.8979e+06	2.4535	0.89991	5.4026	-0.0088755	9.2666
126.68	1.6334	10.293	13.614	30.4	151.13	-22.805	6.0078e+05	0	2.3176e+07	0	21.647	22583	2.0934e+05	0	0	0	0	0	5.1669e+06	1.8956e+06	2.4536	0.90016	5.4075	-0.0088544	9.2703
126.81	1.6362	10.277	13.616	30.439	151.13	-22.804	6.0007e+05	0	2.3176e+07	0	21.667	22525	2.0979e+05	0	0	0	0	0	5.1573e+06	1.8929e+06	2.4554	0.9012	5.4162	-0.0087855	9.2826
126.93	1.6386	10.264	13.617	30.472	151.14	-22.804	5.9946e+05	0	2.3177e+07	0	21.685	22475	2.1018e+05	0	0	0	0	0	5.1477e+06	1.8901e+06	2.4562	0.90185	5.4236	-0.0087393	9.2908
126.96	1.6392	10.261	13.617	30.481	151.14	-22.804	5.9929e+05	0	2.3177e+07	0	21.69	22462	2.1029e+05	0	0	0	0	0	5.1445e+06	1.8891e+06	2.4562	0.90194	5.4257	-0.0087315	9.2922
127.03	1.6408	10.252	13.618	30.503	151.14	-22.804	5.9889e+05	0	2.3177e+07	0	21.702	22429	2.1054e+05	0	0	0	0	0	5.137e+06	1.8869e+06	2.4561	0.90218	5.4306	-0.0087114	9.2958
127.16	1.6435	10.236	13.619	30.541	151.14	-22.803	5.9817e+05	0	2.3177e+07	0	21.723	22371	2.11e+05	0	0	0	0	0	5.1272e+06	1.8841e+06	2.4578	0.90318	5.4393	-0.0086454	9.3077
127.27	1.6459	10.223	13.62	30.574	151.14	-22.803	5.9757e+05	0	2.3177e+07	0	21.741	22321	2.1139e+05	0	0	0	0	0	5.1174e+06	1.8812e+06	2.4586	0.90379	5.4467	-0.0086013	9.3157
127.31	1.6466	10.219	13.621	30.583	151.14	-22.803	5.974e+05	0	2.3177e+07	0	21.746	22308	2.115e+05	0	0	0	0	0	5.1142e+06	1.8802e+06	2.4585	0.90388	5.4487	-0.0085938	9.3171
127.38	1.6481	10.211	13.621	30.605	151.14	-22.803	5.97e+05	0	2.3177e+07	0	21.757	22275	2.1175e+05	0	0	0	0	0	5.1066e+06	1.878e+06	2.4585	0.90411	5.4537	-0.0085746	9.3206
127.51	1.6509	10.195	13.623	30.643	151.14	-22.802	5.9628e+05	0	2.3178e+07	0	21.778	22217	2.1221e+05	0	0	0	0	0	5.0966e+06	1.8751e+06	2.46	0.90506	5.4624	-0.0085116	9.3322
127.62	1.6533	10.182	13.624	30.676	151.15	-22.802	5.9567e+05	0	2.3178e+07	0	21.796	22168	2.126e+05	0	0	0	0	0	5.0867e+06	1.8721e+06	2.4607	0.90565	5.4699	-0.0084694	9.3399
127.66	1.6539	10.178	13.624	30.685	151.15	-22.802	5.955e+05	0	2.3178e+07	0	21.801	22155	2.1271e+05	0	0	0	0	0	5.0834e+06	1.8712e+06	2.4606	0.90573	5.4719	-0.0084623	9.3413
127.73	1.6555	10.169	13.625	30.707	151.15	-22.801	5.951e+05	0	2.3178e+07	0	21.813	22122	2.1296e+05	0	0	0	0	0	5.0758e+06	1.8689e+06	2.4605	0.90594	5.4768	-0.0084439	9.3447
127.86	1.6583	10.154	13.626	30.746	151.15	-22.801	5.9439e+05	0	2.3178e+07	0	21.834	22065	2.1342e+05	0	0	0	0	0	5.0655e+06	1.8659e+06	2.462	0.90685	5.4856	-0.0083837	9.3559
127.97	1.6607	10.141	13.627	30.778	151.15	-22.8	5.9378e+05	0	2.3178e+07	0	21.852	22016	2.1381e+05	0	0	0	0	0	5.0555e+06	1.8629e+06	2.4625	0.90741	5.4931	-0.0083435	9.3634
128.01	1.6613	10.137	13.628	30.788	151.15	-22.8	5.9361e+05	0	2.3178e+07	0	21.857	22002	2.1392e+05	0	0	0	0	0	5.0523e+06	1.8619e+06	2.4625	0.90748	5.4951	-0.0083367	9.3647
128.08	1.6629	10.128	13.628	30.809	151.15	-22.8	5.9321e+05	0	2.3178e+07	0	21.869	21970	2.1418e+05	0	0	0	0	0	5.0446e+06	1.8596e+06	2.4623	0.90768	5.5001	-0.0083192	9.368
128.21	1.6657	10.113	13.63	30.848	151.16	-22.8	5.9249e+05	0	2.3179e+07	0	21.891	21913	2.1464e+05	0	0	0	0	0	5.0341e+06	1.8565e+06	2.4636	0.90854	5.5089	-0.0082618	9.3788
128.32	1.6681	10.099	13.631	30.881	151.16	-22.799	5.9189e+05	0	2.3179e+07	0	21.909	21864	2.1503e+05	0	0	0	0	0	5.0239e+06	1.8534e+06	2.4641	0.90907	5.5163	-0.0082235	9.3861
128.36	1.6687	10.096	13.631	30.89	151.16	-22.799	5.9172e+05	0	2.3179e+07	0	21.914	21851	2.1514e+05	0	0	0	0	0	5.0207e+06	1.8525e+06	2.464	0.90914	5.5184	-0.008217	9.3873
128.43	1.6703	10.087	13.632	30.912	151.16	-22.799	5.9132e+05	0	2.3179e+07	0	21.926	21819	2.154e+05	0	0	0	0	0	5.0129e+06	1.8501e+06	2.4638	0.90932	5.5234	-0.0082003	9.3906
128.56	1.6731	10.071	13.633	30.95	151.16	-22.798	5.906e+05	0	2.3179e+07	0	21.947	21762	2.1586e+05	0	0	0	0	0	5.0022e+06	1.8469e+06	2.465	0.91014	5.5322	-0.0081458	9.401
128.67	1.6755	10.058	13.634	30.983	151.16	-22.798	5.8999e+05	0	2.3179e+07	0	21.966	21713	2.1625e+05	0	0	0	0	0	4.9919e+06	1.8438e+06	2.4654	0.91064	5.5397	-0.0081093	9.408
128.71	1.6762	10.054	13.635	30.992	151.16	-22.798	5.8983e+05	0	2.3179e+07	0	21.971	21700	2.1636e+05	0	0	0	0	0	4.9886e+06	1.8428e+06	2.4653	0.9107	5.5417	-0.0081031	9.4092
128.78	1.6778	10.046	13.635	31.014	151.16	-22.798	5.8942e+05	0	2.318e+07	0	21.983	21668	2.1662e+05	0	0	0	0	0	4.9808e+06	1.8405e+06	2.4651	0.91087	5.5467	-0.0080873	9.4123
128.91	1.6806	10.03	13.637	31.053	151.17	-22.797	5.8871e+05	0	2.318e+07	0	22.004	21611	2.1708e+05	0	0	0	0	0	4.9699e+06	1.8372e+06	2.4661	0.91165	5.5556	-0.0080355	9.4224
129.02	1.683	10.017	13.638	31.086	151.17	-22.797	5.881e+05	0	2.318e+07	0	22.023	21563	2.1747e+05	0	0	0	0	0	4.9595e+06	1.8341e+06	2.4664	0.91212	5.5631	-0.0080008	9.4292
129.06	1.6836	10.013	13.638	31.095	151.17	-22.797	5.8793e+05	0	2.318e+07	0	22.028	21550	2.1758e+05	0	0	0	0	0	4.9561e+06	1.833e+06	2.4663	0.91217	5.5652	-0.0079949	9.4303
129.13	1.6852	10.004	13.639	31.116	151.17	-22.796	5.8753e+05	0	2.318e+07	0	22.04	21518	2.1784e+05	0	0	0	0	0	4.9483e+06	1.8307e+06	2.466	0.91233	5.5701	-0.0079799	9.4333
129.26	1.688	9.9885	13.64	31.155	151.17	-22.796	5.8681e+05	0	2.318e+07	0	22.062	21462	2.183e+05	0	0	0	0	0	4.9372e+06	1.8273e+06	2.467	0.91306	5.579	-0.0079308	9.443
129.37	1.6904	9.9752	13.641	31.188	151.17	-22.796	5.8621e+05	0	2.3181e+07	0	22.08	21414	2.187e+05	0	0	0	0	0	4.9266e+06	1.8241e+06	2.4672	0.91349	5.5866	-0.0078979	9.4495
129.41	1.6911	9.9716	13.642	31.197	151.17	-22.796	5.8604e+05	0	2.3181e+07	0	22.085	21401	2.1881e+05	0	0	0	0	0	4.9233e+06	1.8231e+06	2.467	0.91354	5.5886	-0.0078924	9.4507
129.48	1.6927	9.9628	13.642	31.219	151.18	-22.795	5.8564e+05	0	2.3181e+07	0	22.097	21369	2.1907e+05	0	0	0	0	0	4.9154e+06	1.8207e+06	2.4667	0.91368	5.5936	-0.0078782	9.4535
129.61	1.6955	9.9471	13.644	31.258	151.18	-22.795	5.8492e+05	0	2.3181e+07	0	22.119	21313	2.1953e+05	0	0	0	0	0	4.904e+06	1.8173e+06	2.4675	0.91436	5.6025	-0.0078317	9.4628
129.72	1.698	9.9338	13.645	31.29	151.18	-22.794	5.8431e+05	0	2.3181e+07	0	22.138	21266	2.1993e+05	0	0	0	0	0	4.8934e+06	1.814e+06	2.4676	0.91477	5.6101	-0.0078006	9.4691
129.76	1.6986	9.9301	13.645	31.3	151.18	-22.794	5.8415e+05	0	2.3181e+07	0	22.143	21253	2.2003e+05	0	0	0	0	0	4.89e+06	1.813e+06	2.4674	0.91481	5.6122	-0.0077953	9.4701
129.76	1.6986	9.9301	13.645	31.3	151.18	-22.794	5.8415e+05	0	2.1126e+07	0	19.99	21253	2.2003e+05	0	0	0	0	0	4.89e+06	1.813e+06	2.4674	0.91481	5.6122	-0.0077953	9.4701
129.86	1.7005	9.9182	13.646	31.329	151.18	-22.794	5.8365e+05	0	2.1126e+07	0	20.004	21205	2.203e+05	0	0	0	0	0	4.8792e+06	1.8095e+06	2.4675	0.91513	5.6182	-0.0077717	9.4751
130.03	1.704	9.8969	13.648	31.381	151.18	-22.793	5.8277e+05	0	2.1126e+07	0	20.029	21120	2.2077e+05	0	0	0	0	0	4.8644e+06	1.8049e+06	2.47	0.91645	5.6289	-0.0076938	9.4911
130.19	1.7069	9.8789	13.649	31.426	151.19	-22.793	5.8203e+05	0	2.1126e+07	0	20.05	21048	2.2117e+05	0	0	0	0	0	4.8501e+06	1.8003e+06	2.4711	0.91727	5.638	-0.0076413	9.5019
130.23	1.7077	9.8739	13.65	31.438	151.19	-22.793	5.8182e+05	0	2.1126e+07	0	20.056	21028	2.2128e+05	0	0	0	0	0	4.8455e+06	1.7989e+06	2.4711	0.91738	5.6406	-0.0076324	9.5038
130.33	1.7097	9.8619	13.651	31.467	151.19	-22.792	5.8132e+05	0	2.1127e+07	0	20.07	20981	2.2155e+05	0	0	0	0	0	4.8347e+06	1.7954e+06	2.4712	0.91769	5.6466	-0.0076096	9.5086
130.51	1.7131	9.8406	13.653	31.519	151.19	-22.792	5.8044e+05	0	2.1127e+07	0	20.095	20897	2.2202e+05	0	0	0	0	0	4.8198e+06	1.7907e+06	2.4735	0.91896	5.6574	-0.0075344	9.5243
130.66	1.7161	9.8225	13.654	31.564	151.19	-22.791	5.797e+05	0	2.1127e+07	0	20.117	20825	2.2242e+05	0	0	0	0	0	4.8056e+06	1.7861e+06	2.4746	0.91975	5.6665	-0.0074836	9.5349
130.7	1.7169	9.8175	13.655	31.576	151.19	-22.791	5.7949e+05	0	2.1127e+07	0	20.123	20806	2.2253e+05	0	0	0	0	0	4.801e+06	1.7847e+06	2.4745	0.91986	5.669	-0.007475	9.5367
130.8	1.7188	9.8055	13.656	31.605	151.2	-22.791	5.79e+05	0	2.1127e+07	0	20.137	20759	2.228e+05	0	0	0	0	0	4.7902e+06	1.7812e+06	2.4745	0.92014	5.6751	-0.007453	9.5415
130.98	1.7223	9.7841	13.657	31.658	151.2	-22.79	5.7812e+05	0	2.1127e+07	0	20.162	20676	2.2327e+05	0	0	0	0	0	4.7752e+06	1.7764e+06	2.4767	0.92137	5.6859	-0.0073804	9.5568
131.13	1.7252	9.766	13.659	31.702	151.2	-22.789	5.7737e+05	0	2.1128e+07	0	20.184	20606	2.2368e+05	0	0	0	0	0	4.7609e+06	1.7719e+06	2.4777	0.92213	5.6951	-0.0073314	9.5672
131.17	1.7261	9.7609	13.659	31.714	151.2	-22.789	5.7716e+05	0	2.1128e+07	0	20.19	20586	2.2379e+05	0	0	0	0	0	4.7563e+06	1.7704e+06	2.4777	0.92223	5.6977	-0.0073231	9.569
131.27	1.728	9.7489	13.66	31.743	151.2	-22.789	5.7667e+05	0	2.1128e+07	0	20.205	20540	2.2406e+05	0	0	0	0	0	4.7455e+06	1.7669e+06	2.4776	0.9225	5.7037	-0.0073018	9.5736
131.45	1.7315	9.7275	13.662	31.796	151.21	-22.788	5.7579e+05	0	2.1128e+07	0	20.23	20458	2.2453e+05	0	0	0	0	0	4.7305e+06	1.7621e+06	2.4797	0.92368	5.7146	-0.0072317	9.5886
131.6	1.7345	9.7092	13.664	31.84	151.21	-22.788	5.7504e+05	0	2.1128e+07	0	20.252	20388	2.2494e+05	0	0	0	0	0	4.7161e+06	1.7575e+06	2.4806	0.92441	5.7238	-0.0071843	9.5987
131.64	1.7353	9.7042	13.664	31.852	151.21	-22.788	5.7484e+05	0	2.1128e+07	0	20.258	20369	2.2505e+05	0	0	0	0	0	4.7115e+06	1.756e+06	2.4805	0.9245	5.7263	-0.0071763	9.6005
131.74	1.7372	9.6921	13.665	31.882	151.21	-22.787	5.7434e+05	0	2.1128e+07	0	20.272	20323	2.2532e+05	0	0	0	0	0	4.7007e+06	1.7525e+06	2.4804	0.92476	5.7324	-0.0071557	9.605
131.92	1.7407	9.6706	13.667	31.934	151.21	-22.787	5.7346e+05	0	2.1129e+07	0	20.298	20243	2.258e+05	0	0	0	0	0	4.6857e+06	1.7477e+06	2.4823	0.92588	5.7435	-0.007088	9.6197
132.07	1.7437	9.6524	13.668	31.978	151.22	-22.786	5.7271e+05	0	2.1129e+07	0	20.32	20175	2.2621e+05	0	0	0	0	0	4.6714e+06	1.7431e+06	2.4831	0.92657	5.7528	-0.0070422	9.6295
132.12	1.7445	9.6473	13.669	31.99	151.22	-22.786	5.7251e+05	0	2.1129e+07	0	20.326	20155	2.2632e+05	0	0	0	0	0	4.6667e+06	1.7416e+06	2.483	0.92666	5.7553	-0.0070345	9.6312
132.22	1.7465	9.6352	13.67	32.02	151.22	-22.785	5.7201e+05	0	2.1129e+07	0	20.341	20107	2.2658e+05	0	0	0	0	0	4.6556e+06	1.738e+06	2.483	0.92691	5.761	-0.0070146	9.6356
132.39	1.75	9.6136	13.672	32.072	151.22	-22.785	5.7113e+05	0	2.1129e+07	0	20.367	20019	2.2701e+05	0	0	0	0	0	4.6389e+06	1.7324e+06	2.485	0.92804	5.7707	-0.0069492	9.6499
132.55	1.753	9.5953	13.673	32.116	151.22	-22.784	5.7039e+05	0	2.1129e+07	0	20.39	19943	2.2737e+05	0	0	0	0	0	4.6232e+06	1.7271e+06	2.486	0.92874	5.7789	-0.006905	9.6595
132.59	1.7538	9.5902	13.674	32.128	151.23	-22.784	5.7018e+05	0	2.1129e+07	0	20.396	19922	2.2747e+05	0	0	0	0	0	4.6183e+06	1.7255e+06	2.486	0.92883	5.7811	-0.0068975	9.6611
132.69	1.7558	9.5781	13.675	32.158	151.23	-22.784	5.6969e+05	0	2.113e+07	0	20.411	19873	2.2772e+05	0	0	0	0	0	4.6069e+06	1.7217e+06	2.486	0.92907	5.7866	-0.0068783	9.6654
132.87	1.7593	9.5564	13.677	32.21	151.23	-22.783	5.6881e+05	0	2.113e+07	0	20.437	19786	2.2816e+05	0	0	0	0	0	4.5903e+06	1.7162e+06	2.4879	0.93014	5.7965	-0.0068151	9.6793
133.02	1.7623	9.538	13.678	32.254	151.23	-22.783	5.6806e+05	0	2.113e+07	0	20.46	19713	2.2853e+05	0	0	0	0	0	4.5748e+06	1.711e+06	2.4887	0.9308	5.8048	-0.0067724	9.6886
133.06	1.7632	9.5329	13.679	32.266	151.23	-22.782	5.6785e+05	0	2.113e+07	0	20.466	19692	2.2863e+05	0	0	0	0	0	4.57e+06	1.7094e+06	2.4887	0.93089	5.8071	-0.0067652	9.6902
133.16	1.7652	9.5207	13.68	32.295	151.23	-22.782	5.6736e+05	0	2.113e+07	0	20.481	19644	2.2888e+05	0	0	0	0	0	4.5586e+06	1.7056e+06	2.4886	0.93111	5.8126	-0.0067467	9.6944
133.34	1.7687	9.4989	13.681	32.348	151.24	-22.781	5.6648e+05	0	2.113e+07	0	20.508	19558	2.2932e+05	0	0	0	0	0	4.5419e+06	1.7e+06	2.4904	0.93214	5.8224	-0.0066857	9.7078
133.49	1.7717	9.4804	13.683	32.392	151.24	-22.781	5.6573e+05	0	2.113e+07	0	20.53	19486	2.297e+05	0	0	0	0	0	4.5265e+06	1.6949e+06	2.4911	0.93276	5.8307	-0.0066444	9.7169
133.53	1.7725	9.4753	13.683	32.404	151.24	-22.781	5.6553e+05	0	2.1131e+07	0	20.537	19466	2.298e+05	0	0	0	0	0	4.5217e+06	1.6933e+06	2.491	0.93284	5.833	-0.0066374	9.7184
133.63	1.7745	9.4631	13.684	32.433	151.24	-22.78	5.6503e+05	0	2.1131e+07	0	20.552	19418	2.3005e+05	0	0	0	0	0	4.5104e+06	1.6895e+06	2.4909	0.93305	5.8386	-0.0066196	9.7224
133.81	1.7781	9.4412	13.686	32.485	151.25	-22.78	5.6415e+05	0	2.1131e+07	0	20.579	19333	2.3049e+05	0	0	0	0	0	4.4936e+06	1.6839e+06	2.4925	0.93402	5.8484	-0.0065606	9.7355
133.96	1.7811	9.4227	13.688	32.529	151.25	-22.779	5.634e+05	0	2.1131e+07	0	20.601	19262	2.3087e+05	0	0	0	0	0	4.4782e+06	1.6787e+06	2.4932	0.93461	5.8568	-0.0065208	9.7442
134	1.782	9.4176	13.688	32.542	151.25	-22.779	5.632e+05	0	2.1131e+07	0	20.608	19242	2.3097e+05	0	0	0	0	0	4.4735e+06	1.6771e+06	2.4931	0.93468	5.8591	-0.006514	9.7457
134.1	1.784	9.4052	13.689	32.571	151.25	-22.778	5.627e+05	0	2.1131e+07	0	20.623	19195	2.3122e+05	0	0	0	0	0	4.4622e+06	1.6734e+06	2.4929	0.93487	5.8647	-0.0064968	9.7496
134.28	1.7875	9.3833	13.691	32.623	151.25	-22.778	5.6182e+05	0	2.1131e+07	0	20.65	19112	2.3167e+05	0	0	0	0	0	4.4455e+06	1.6678e+06	2.4944	0.93579	5.8745	-0.0064399	9.7622
134.43	1.7906	9.3647	13.693	32.667	151.26	-22.777	5.6108e+05	0	2.1132e+07	0	20.673	19042	2.3205e+05	0	0	0	0	0	4.4301e+06	1.6626e+06	2.4949	0.93634	5.8829	-0.0064015	9.7706
134.48	1.7914	9.3595	13.693	32.679	151.26	-22.777	5.6087e+05	0	2.1132e+07	0	20.679	19022	2.3215e+05	0	0	0	0	0	4.4253e+06	1.661e+06	2.4948	0.9364	5.8853	-0.0063949	9.7721
134.48	1.7914	9.3595	13.693	32.679	151.26	-22.777	5.6087e+05	0	1.9084e+07	0	18.478	19022	2.3215e+05	0	0	0	0	0	4.4253e+06	1.661e+06	2.4948	0.9364	5.8853	-0.0063949	9.7721
134.56	1.7929	9.3493	13.694	32.703	151.26	-22.777	5.605e+05	0	1.9084e+07	0	18.489	18980	2.3229e+05	0	0	0	0	0	4.4151e+06	1.6575e+06	2.4946	0.93651	5.8892	-0.006384	9.7746
134.71	1.7955	9.3311	13.696	32.746	151.26	-22.776	5.5985e+05	0	1.9084e+07	0	18.508	18905	2.3253e+05	0	0	0	0	0	4.3991e+06	1.652e+06	2.4953	0.93708	5.8963	-0.0063482	9.7828
134.83	1.7977	9.3156	13.697	32.783	151.26	-22.776	5.5929e+05	0	1.9084e+07	0	18.524	18842	2.3273e+05	0	0	0	0	0	4.3848e+06	1.6471e+06	2.4955	0.93741	5.9024	-0.0063242	9.7883
134.87	1.7984	9.3113	13.697	32.793	151.26	-22.776	5.5913e+05	0	1.9084e+07	0	18.528	18825	2.3279e+05	0	0	0	0	0	4.3805e+06	1.6456e+06	2.4954	0.93745	5.904	-0.0063201	9.7892
134.95	1.7998	9.301	13.698	32.817	151.26	-22.775	5.5877e+05	0	1.9084e+07	0	18.539	18783	2.3292e+05	0	0	0	0	0	4.3704e+06	1.6422e+06	2.4952	0.93755	5.908	-0.0063098	9.7916
135.1	1.8025	9.2827	13.7	32.86	151.27	-22.775	5.5811e+05	0	1.9084e+07	0	18.558	18710	2.3316e+05	0	0	0	0	0	4.3544e+06	1.6366e+06	2.4958	0.93808	5.9152	-0.0062761	9.7995
135.22	1.8047	9.2671	13.701	32.896	151.27	-22.774	5.5755e+05	0	1.9084e+07	0	18.574	18647	2.3337e+05	0	0	0	0	0	4.3401e+06	1.6317e+06	2.496	0.93839	5.9212	-0.0062535	9.8047
135.26	1.8053	9.2628	13.701	32.906	151.27	-22.774	5.574e+05	0	1.9084e+07	0	18.579	18630	2.3342e+05	0	0	0	0	0	4.3359e+06	1.6303e+06	2.4958	0.93842	5.9229	-0.0062497	9.8056
135.34	1.8068	9.2525	13.702	32.93	151.27	-22.774	5.5703e+05	0	1.9084e+07	0	18.59	18589	2.3356e+05	0	0	0	0	0	4.3259e+06	1.6268e+06	2.4956	0.9385	5.9269	-0.0062401	9.8079
135.49	1.8095	9.2341	13.704	32.973	151.27	-22.773	5.5637e+05	0	1.9085e+07	0	18.609	18516	2.338e+05	0	0	0	0	0	4.3099e+06	1.6213e+06	2.4961	0.939	5.934	-0.0062085	9.8155
135.61	1.8117	9.2184	13.705	33.009	151.28	-22.773	5.5581e+05	0	1.9085e+07	0	18.625	18455	2.3401e+05	0	0	0	0	0	4.2957e+06	1.6164e+06	2.4962	0.93928	5.9401	-0.0061873	9.8205
135.65	1.8123	9.2141	13.705	33.019	151.28	-22.773	5.5566e+05	0	1.9085e+07	0	18.63	18438	2.3407e+05	0	0	0	0	0	4.2916e+06	1.615e+06	2.496	0.93931	5.9418	-0.0061837	9.8214
135.73	1.8138	9.2037	13.706	33.043	151.28	-22.772	5.5529e+05	0	1.9085e+07	0	18.64	18398	2.3421e+05	0	0	0	0	0	4.2816e+06	1.6116e+06	2.4957	0.93938	5.9458	-0.0061747	9.8236
135.88	1.8165	9.1852	13.708	33.086	151.28	-22.772	5.5464e+05	0	1.9085e+07	0	18.66	18326	2.3445e+05	0	0	0	0	0	4.2657e+06	1.6061e+06	2.4961	0.93984	5.953	-0.0061452	9.8308
136	1.8187	9.1694	13.709	33.123	151.28	-22.771	5.5408e+05	0	1.9085e+07	0	18.676	18266	2.3466e+05	0	0	0	0	0	4.2516e+06	1.6013e+06	2.4961	0.9401	5.9591	-0.0061255	9.8356
136.04	1.8194	9.1651	13.709	33.133	151.28	-22.771	5.5392e+05	0	1.9085e+07	0	18.681	18249	2.3472e+05	0	0	0	0	0	4.2474e+06	1.5998e+06	2.4959	0.94012	5.9607	-0.0061222	9.8364
136.12	1.8209	9.1546	13.71	33.157	151.28	-22.771	5.5356e+05	0	1.9085e+07	0	18.692	18209	2.3486e+05	0	0	0	0	0	4.2376e+06	1.5965e+06	2.4956	0.94018	5.9648	-0.0061138	9.8385
136.27	1.8235	9.136	13.712	33.199	151.29	-22.77	5.529e+05	0	1.9085e+07	0	18.711	18139	2.3511e+05	0	0	0	0	0	4.2217e+06	1.591e+06	2.4959	0.9406	5.972	-0.0060864	9.8454
136.39	1.8258	9.1202	13.713	33.235	151.29	-22.77	5.5234e+05	0	1.9085e+07	0	18.728	18079	2.3532e+05	0	0	0	0	0	4.2077e+06	1.5862e+06	2.4958	0.94083	5.9781	-0.0060681	9.85
136.43	1.8264	9.1158	13.713	33.245	151.29	-22.77	5.5219e+05	0	1.9085e+07	0	18.732	18063	2.3538e+05	0	0	0	0	0	4.2036e+06	1.5847e+06	2.4956	0.94085	5.9798	-0.006065	9.8508
136.51	1.8279	9.1053	13.714	33.269	151.29	-22.769	5.5182e+05	0	1.9085e+07	0	18.743	18024	2.3552e+05	0	0	0	0	0	4.1938e+06	1.5814e+06	2.4952	0.9409	5.9838	-0.0060573	9.8528
136.66	1.8306	9.0866	13.716	33.312	151.29	-22.769	5.5116e+05	0	1.9086e+07	0	18.763	17954	2.3577e+05	0	0	0	0	0	4.178e+06	1.5759e+06	2.4954	0.94128	5.991	-0.006032	9.8593
136.78	1.8329	9.0707	13.717	33.348	151.3	-22.768	5.5061e+05	0	1.9086e+07	0	18.779	17896	2.3598e+05	0	0	0	0	0	4.164e+06	1.5711e+06	2.4953	0.94149	5.9971	-0.0060151	9.8636
136.82	1.8335	9.0663	13.718	33.358	151.3	-22.768	5.5045e+05	0	1.9086e+07	0	18.784	17879	2.3604e+05	0	0	0	0	0	4.1599e+06	1.5697e+06	2.4951	0.9415	5.9988	-0.0060123	9.8644
136.9	1.835	9.0558	13.718	33.382	151.3	-22.768	5.5008e+05	0	1.9086e+07	0	18.795	17841	2.3619e+05	0	0	0	0	0	4.1509e+06	1.5666e+06	2.495	0.94165	6.0029	-0.0060052	9.8663
137.05	1.8377	9.037	13.72	33.425	151.3	-22.767	5.4943e+05	0	1.9086e+07	0	18.815	17772	2.3644e+05	0	0	0	0	0	4.1369e+06	1.5616e+06	2.4962	0.94228	6.0101	-0.005982	9.8724
137.17	1.84	9.021	13.721	33.461	151.3	-22.767	5.4887e+05	0	1.9086e+07	0	18.831	17715	2.3666e+05	0	0	0	0	0	4.1245e+06	1.5572e+06	2.4968	0.9427	6.0163	-0.0059665	9.8765
137.21	1.8406	9.0166	13.722	33.471	151.3	-22.767	5.4871e+05	0	1.9086e+07	0	18.836	17699	2.3672e+05	0	0	0	0	0	4.1208e+06	1.556e+06	2.4968	0.94278	6.018	-0.0059639	9.8772
137.29	1.8421	9.006	13.723	33.495	151.3	-22.766	5.4835e+05	0	1.9086e+07	0	18.847	17661	2.3686e+05	0	0	0	0	0	4.1122e+06	1.5529e+06	2.497	0.94296	6.0221	-0.0059575	9.879
137.44	1.8448	8.9871	13.724	33.537	151.31	-22.766	5.4769e+05	0	1.9086e+07	0	18.867	17593	2.3712e+05	0	0	0	0	0	4.0981e+06	1.548e+06	2.498	0.94356	6.0293	-0.0059364	9.8848
137.56	1.8471	8.9711	13.725	33.573	151.31	-22.765	5.4713e+05	0	1.9086e+07	0	18.884	17536	2.3733e+05	0	0	0	0	0	4.0858e+06	1.5436e+06	2.4985	0.94396	6.0355	-0.0059223	9.8886
137.6	1.8477	8.9667	13.726	33.583	151.31	-22.765	5.4698e+05	0	1.9086e+07	0	18.888	17521	2.3739e+05	0	0	0	0	0	4.0821e+06	1.5424e+06	2.4985	0.94403	6.0372	-0.00592	9.8893
137.68	1.8492	8.9561	13.727	33.607	151.31	-22.765	5.4661e+05	0	1.9087e+07	0	18.899	17483	2.3754e+05	0	0	0	0	0	4.0736e+06	1.5394e+06	2.4986	0.9442	6.0413	-0.0059142	9.891
137.83	1.8519	8.9371	13.728	33.649	151.31	-22.764	5.4595e+05	0	1.9087e+07	0	18.919	17417	2.378e+05	0	0	0	0	0	4.0596e+06	1.5344e+06	2.4995	0.94476	6.0486	-0.0058952	9.8964
137.95	1.8542	8.9211	13.729	33.685	151.32	-22.764	5.454e+05	0	1.9087e+07	0	18.936	17361	2.3802e+05	0	0	0	0	0	4.0472e+06	1.5301e+06	2.5	0.94514	6.0548	-0.0058826	9.9
137.99	1.8549	8.9166	13.73	33.695	151.32	-22.764	5.4524e+05	0	1.9087e+07	0	18.941	17345	2.3808e+05	0	0	0	0	0	4.0437e+06	1.5288e+06	2.5	0.9452	6.0565	-0.0058805	9.9006
138.07	1.8564	8.906	13.731	33.719	151.32	-22.763	5.4487e+05	0	1.9087e+07	0	18.952	17309	2.3823e+05	0	0	0	0	0	4.0351e+06	1.5258e+06	2.5	0.94537	6.0606	-0.0058753	9.9021
138.22	1.8591	8.887	13.732	33.762	151.32	-22.763	5.4422e+05	0	1.9087e+07	0	18.972	17243	2.3849e+05	0	0	0	0	0	4.0211e+06	1.5209e+06	2.5008	0.94589	6.0679	-0.0058585	9.9072
138.34	1.8614	8.8708	13.734	33.798	151.32	-22.762	5.4366e+05	0	1.9087e+07	0	18.989	17188	2.3871e+05	0	0	0	0	0	4.0089e+06	1.5166e+06	2.5012	0.94624	6.0741	-0.0058473	9.9105
138.38	1.862	8.8664	13.734	33.807	151.32	-22.762	5.4351e+05	0	1.9087e+07	0	18.994	17173	2.3877e+05	0	0	0	0	0	4.0053e+06	1.5154e+06	2.5012	0.9463	6.0758	-0.0058454	9.9111
138.38	1.862	8.8664	13.734	33.807	151.32	-22.762	5.4351e+05	0	1.7036e+07	0	16.748	17173	2.3877e+05	0	0	0	0	0	4.0053e+06	1.5154e+06	2.5012	0.9463	6.0758	-0.0058454	9.9111
138.46	1.8634	8.8557	13.735	33.831	151.32	-22.762	5.4318e+05	0	1.7036e+07	0	16.757	17133	2.3885e+05	0	0	0	0	0	3.9961e+06	1.5121e+06	2.5013	0.94645	6.0793	-0.0058414	9.9125
138.61	1.8657	8.8367	13.736	33.873	151.33	-22.761	5.4259e+05	0	1.7036e+07	0	16.774	17062	2.3898e+05	0	0	0	0	0	3.9809e+06	1.5066e+06	2.502	0.94691	6.0855	-0.0058281	9.9169
138.73	1.8678	8.8205	13.738	33.909	151.33	-22.761	5.421e+05	0	1.7036e+07	0	16.788	17003	2.3909e+05	0	0	0	0	0	3.9676e+06	1.5019e+06	2.5024	0.94723	6.0908	-0.0058193	9.9199
138.76	1.8683	8.816	13.738	33.919	151.33	-22.761	5.4196e+05	0	1.7036e+07	0	16.792	16987	2.3912e+05	0	0	0	0	0	3.9638e+06	1.5005e+06	2.5024	0.94728	6.0922	-0.0058179	9.9204
138.85	1.8697	8.8053	13.739	33.943	151.33	-22.76	5.4163e+05	0	1.7036e+07	0	16.801	16947	2.392e+05	0	0	0	0	0	3.9547e+06	1.4973e+06	2.5024	0.94742	6.0957	-0.0058145	9.9217
138.99	1.872	8.7861	13.741	33.985	151.33	-22.76	5.4105e+05	0	1.7036e+07	0	16.817	16878	2.3933e+05	0	0	0	0	0	3.9395e+06	1.4918e+06	2.503	0.94785	6.102	-0.0058034	9.9259
139.12	1.8741	8.7699	13.742	34.02	151.34	-22.759	5.4055e+05	0	1.7037e+07	0	16.832	16820	2.3944e+05	0	0	0	0	0	3.9263e+06	1.4871e+06	2.5033	0.94814	6.1072	-0.005796	9.9286
139.15	1.8746	8.7654	13.742	34.03	151.34	-22.759	5.4041e+05	0	1.7037e+07	0	16.835	16804	2.3948e+05	0	0	0	0	0	3.9226e+06	1.4858e+06	2.5033	0.94819	6.1087	-0.0057948	9.9291
139.24	1.876	8.7546	13.743	34.054	151.34	-22.759	5.4009e+05	0	1.7037e+07	0	16.845	16765	2.3955e+05	0	0	0	0	0	3.9136e+06	1.4826e+06	2.5033	0.94832	6.1122	-0.0057921	9.9302
139.38	1.8783	8.7354	13.745	34.096	151.34	-22.758	5.395e+05	0	1.7037e+07	0	16.862	16697	2.3969e+05	0	0	0	0	0	3.8985e+06	1.4772e+06	2.5038	0.94871	6.1185	-0.0057832	9.934
139.51	1.8804	8.719	13.746	34.131	151.34	-22.758	5.3901e+05	0	1.7037e+07	0	16.876	16640	2.3981e+05	0	0	0	0	0	3.8854e+06	1.4725e+06	2.504	0.94898	6.1238	-0.0057773	9.9365
139.54	1.8809	8.7145	13.746	34.141	151.34	-22.758	5.3887e+05	0	1.7037e+07	0	16.88	16624	2.3984e+05	0	0	0	0	0	3.8817e+06	1.4712e+06	2.504	0.94903	6.1252	-0.0057764	9.937
139.62	1.8823	8.7037	13.747	34.165	151.34	-22.757	5.3854e+05	0	1.7037e+07	0	16.889	16586	2.3992e+05	0	0	0	0	0	3.8728e+06	1.468e+06	2.504	0.94914	6.1288	-0.0057743	9.938
139.77	1.8847	8.6843	13.749	34.206	151.35	-22.757	5.3796e+05	0	1.7037e+07	0	16.906	16519	2.4006e+05	0	0	0	0	0	3.8577e+06	1.4626e+06	2.5044	0.9495	6.135	-0.0057676	9.9415
139.9	1.8867	8.6679	13.75	34.242	151.35	-22.756	5.3746e+05	0	1.7037e+07	0	16.92	16463	2.4018e+05	0	0	0	0	0	3.8448e+06	1.458e+06	2.5045	0.94975	6.1404	-0.0057632	9.9437
139.93	1.8873	8.6634	13.75	34.252	151.35	-22.756	5.3732e+05	0	1.7037e+07	0	16.924	16447	2.4021e+05	0	0	0	0	0	3.8411e+06	1.4567e+06	2.5045	0.94979	6.1418	-0.0057625	9.9441
140.01	1.8886	8.6525	13.751	34.275	151.35	-22.756	5.37e+05	0	1.7037e+07	0	16.934	16410	2.4029e+05	0	0	0	0	0	3.8323e+06	1.4535e+06	2.5044	0.94989	6.1454	-0.0057611	9.945
140.16	1.891	8.6331	13.753	34.317	151.35	-22.755	5.3641e+05	0	1.7037e+07	0	16.951	16344	2.4044e+05	0	0	0	0	0	3.8173e+06	1.4482e+06	2.5047	0.95022	6.1517	-0.0057567	9.9481
140.29	1.8931	8.6166	13.754	34.352	151.36	-22.755	5.3591e+05	0	1.7037e+07	0	16.965	16288	2.4056e+05	0	0	0	0	0	3.8045e+06	1.4436e+06	2.5048	0.95044	6.157	-0.0057538	9.9501
140.32	1.8936	8.612	13.755	34.362	151.36	-22.755	5.3578e+05	0	1.7037e+07	0	16.969	16273	2.4059e+05	0	0	0	0	0	3.8008e+06	1.4423e+06	2.5047	0.95048	6.1585	-0.0057534	9.9505
140.4	1.895	8.6011	13.756	34.386	151.36	-22.754	5.3545e+05	0	1.7037e+07	0	16.979	16237	2.4067e+05	0	0	0	0	0	3.7921e+06	1.4392e+06	2.5046	0.95057	6.162	-0.0057527	9.9513
140.55	1.8974	8.5816	13.757	34.427	151.36	-22.754	5.3487e+05	0	1.7038e+07	0	16.996	16172	2.4082e+05	0	0	0	0	0	3.7772e+06	1.4339e+06	2.5048	0.95086	6.1684	-0.0057505	9.954
140.67	1.8995	8.565	13.758	34.463	151.36	-22.753	5.3437e+05	0	1.7038e+07	0	17.01	16117	2.4095e+05	0	0	0	0	0	3.7645e+06	1.4294e+06	2.5047	0.95105	6.1737	-0.0057492	9.9557
140.71	1.9	8.5604	13.759	34.472	151.36	-22.753	5.3423e+05	0	1.7038e+07	0	17.014	16102	2.4098e+05	0	0	0	0	0	3.7608e+06	1.4281e+06	2.5047	0.95108	6.1752	-0.0057491	9.956
140.79	1.9014	8.5494	13.76	34.496	151.36	-22.753	5.339e+05	0	1.7038e+07	0	17.024	16066	2.4107e+05	0	0	0	0	0	3.7522e+06	1.425e+06	2.5045	0.95117	6.1788	-0.0057491	9.9567
140.94	1.9038	8.5298	13.761	34.537	151.37	-22.752	5.3332e+05	0	1.7038e+07	0	17.041	16003	2.4122e+05	0	0	0	0	0	3.7374e+06	1.4197e+06	2.5046	0.95142	6.1851	-0.0057492	9.959
141.06	1.9059	8.5132	13.763	34.572	151.37	-22.752	5.3282e+05	0	1.7038e+07	0	17.056	15949	2.4135e+05	0	0	0	0	0	3.7247e+06	1.4152e+06	2.5045	0.95158	6.1905	-0.0057495	9.9605
141.1	1.9064	8.5086	13.763	34.582	151.37	-22.751	5.3269e+05	0	1.7038e+07	0	17.06	15934	2.4138e+05	0	0	0	0	0	3.7212e+06	1.414e+06	2.5044	0.95161	6.192	-0.0057496	9.9608
141.18	1.9078	8.4976	13.764	34.605	151.37	-22.751	5.3236e+05	0	1.7038e+07	0	17.069	15899	2.4147e+05	0	0	0	0	0	3.7126e+06	1.4109e+06	2.5042	0.95168	6.1955	-0.0057503	9.9614
141.33	1.9102	8.4779	13.765	34.647	151.37	-22.75	5.3177e+05	0	1.7038e+07	0	17.087	15836	2.4162e+05	0	0	0	0	0	3.6979e+06	1.4057e+06	2.5041	0.95189	6.2019	-0.0057528	9.9633
141.45	1.9123	8.4612	13.767	34.682	151.38	-22.75	5.3128e+05	0	1.7038e+07	0	17.101	15784	2.4175e+05	0	0	0	0	0	3.6853e+06	1.4012e+06	2.5039	0.95204	6.2073	-0.0057547	9.9645
141.49	1.9129	8.4566	13.767	34.692	151.38	-22.75	5.3114e+05	0	1.7038e+07	0	17.105	15769	2.4179e+05	0	0	0	0	0	3.6818e+06	1.4e+06	2.5038	0.95206	6.2088	-0.0057551	9.9647
141.57	1.9142	8.4455	13.768	34.715	151.38	-22.75	5.3081e+05	0	1.7038e+07	0	17.115	15734	2.4188e+05	0	0	0	0	0	3.6734e+06	1.397e+06	2.5036	0.95212	6.2124	-0.0057565	9.9652
141.72	1.9167	8.4257	13.77	34.756	151.38	-22.749	5.3023e+05	0	1.7038e+07	0	17.132	15673	2.4204e+05	0	0	0	0	0	3.6587e+06	1.3918e+06	2.5034	0.95229	6.2188	-0.0057615	9.9667
141.84	1.9187	8.4089	13.771	34.791	151.38	-22.748	5.2973e+05	0	1.7038e+07	0	17.147	15621	2.4217e+05	0	0	0	0	0	3.6462e+06	1.3873e+06	2.5031	0.95241	6.2242	-0.005765	9.9677
141.88	1.9193	8.4043	13.771	34.801	151.38	-22.748	5.296e+05	0	1.7038e+07	0	17.151	15607	2.4221e+05	0	0	0	0	0	3.6427e+06	1.3861e+06	2.503	0.95243	6.2257	-0.0057656	9.9678
141.96	1.9207	8.3932	13.772	34.824	151.39	-22.748	5.2927e+05	0	1.7038e+07	0	17.161	15572	2.423e+05	0	0	0	0	0	3.6344e+06	1.3831e+06	2.5028	0.95247	6.2293	-0.0057678	9.9682
142.1	1.9231	8.3734	13.774	34.865	151.39	-22.747	5.2868e+05	0	1.7039e+07	0	17.178	15512	2.4246e+05	0	0	0	0	0	3.6198e+06	1.3779e+06	2.5024	0.9526	6.2357	-0.0057752	9.9693
142.23	1.9252	8.3565	13.775	34.9	151.39	-22.747	5.2819e+05	0	1.7039e+07	0	17.193	15461	2.426e+05	0	0	0	0	0	3.6074e+06	1.3735e+06	2.5021	0.95269	6.2412	-0.0057804	9.97
142.26	1.9258	8.3518	13.776	34.91	151.39	-22.747	5.2805e+05	0	1.7039e+07	0	17.197	15447	2.4263e+05	0	0	0	0	0	3.6039e+06	1.3723e+06	2.502	0.95271	6.2427	-0.0057813	9.9701
142.26	1.9258	8.3518	13.776	34.91	151.39	-22.747	5.2805e+05	0	1.4987e+07	0	14.914	15447	2.4263e+05	0	0	0	0	0	3.6039e+06	1.3723e+06	2.502	0.95271	6.2427	-0.0057813	9.9701
142.38	1.9275	8.336	13.777	34.943	151.39	-22.746	5.2764e+05	0	1.4987e+07	0	14.926	15395	2.4266e+05	0	0	0	0	0	3.5913e+06	1.3678e+06	2.5016	0.95276	6.2469	-0.0057881	9.9705
142.59	1.9304	8.3076	13.779	35.001	151.4	-22.745	5.2691e+05	0	1.4987e+07	0	14.946	15303	2.427e+05	0	0	0	0	0	3.5693e+06	1.3598e+06	2.5012	0.95291	6.2545	-0.00581	9.9717
142.77	1.933	8.2835	13.781	35.05	151.4	-22.745	5.2629e+05	0	1.4987e+07	0	14.963	15226	2.4274e+05	0	0	0	0	0	3.5507e+06	1.3531e+06	2.5008	0.95301	6.2609	-0.0058247	9.9725
142.82	1.9337	8.2768	13.781	35.064	151.4	-22.744	5.2612e+05	0	1.4988e+07	0	14.967	15205	2.4276e+05	0	0	0	0	0	3.5455e+06	1.3512e+06	2.5007	0.95303	6.2627	-0.0058273	9.9727
142.93	1.9354	8.2608	13.783	35.096	151.4	-22.744	5.2571e+05	0	1.4988e+07	0	14.979	15154	2.4279e+05	0	0	0	0	0	3.5332e+06	1.3468e+06	2.5003	0.95306	6.2669	-0.0058349	9.9729
143.14	1.9384	8.2323	13.785	35.154	151.41	-22.743	5.2498e+05	0	1.4988e+07	0	14.999	15065	2.4284e+05	0	0	0	0	0	3.5115e+06	1.339e+06	2.4997	0.95315	6.2745	-0.0058598	9.9735
143.32	1.9409	8.208	13.787	35.203	151.41	-22.742	5.2436e+05	0	1.4988e+07	0	15.016	14989	2.4289e+05	0	0	0	0	0	3.4932e+06	1.3324e+06	2.4991	0.95321	6.281	-0.0058765	9.9739
143.37	1.9416	8.2013	13.787	35.217	151.41	-22.742	5.2419e+05	0	1.4988e+07	0	15.021	14969	2.429e+05	0	0	0	0	0	3.4881e+06	1.3305e+06	2.499	0.95322	6.2828	-0.0058795	9.9739
143.48	1.9433	8.1852	13.789	35.249	151.41	-22.742	5.2378e+05	0	1.4988e+07	0	15.033	14919	2.4294e+05	0	0	0	0	0	3.476e+06	1.3262e+06	2.4985	0.95323	6.287	-0.0058881	9.9739
143.69	1.9464	8.1564	13.791	35.307	151.42	-22.741	5.2305e+05	0	1.4988e+07	0	15.053	14832	2.43e+05	0	0	0	0	0	3.4546e+06	1.3185e+06	2.4977	0.95326	6.2947	-0.0059163	9.9739
143.87	1.9489	8.1319	13.793	35.356	151.42	-22.74	5.2243e+05	0	1.4988e+07	0	15.071	14759	2.4305e+05	0	0	0	0	0	3.4366e+06	1.312e+06	2.497	0.95327	6.3012	-0.0059352	9.9739
143.92	1.9496	8.1252	13.793	35.369	151.42	-22.74	5.2226e+05	0	1.4988e+07	0	15.075	14739	2.4307e+05	0	0	0	0	0	3.4316e+06	1.3102e+06	2.4968	0.95328	6.303	-0.0059386	9.9739
144.04	1.9513	8.1089	13.795	35.402	151.42	-22.739	5.2185e+05	0	1.4988e+07	0	15.087	14691	2.4311e+05	0	0	0	0	0	3.4198e+06	1.3059e+06	2.4963	0.95327	6.3073	-0.0059482	9.9737
144.25	1.9544	8.08	13.797	35.459	151.43	-22.739	5.2112e+05	0	1.4988e+07	0	15.108	14606	2.4318e+05	0	0	0	0	0	3.3987e+06	1.2983e+06	2.4953	0.95323	6.315	-0.0059799	9.973
144.42	1.957	8.0553	13.799	35.508	151.43	-22.738	5.2051e+05	0	1.4988e+07	0	15.125	14535	2.4324e+05	0	0	0	0	0	3.3809e+06	1.2919e+06	2.4945	0.9532	6.3215	-0.0060013	9.9725
144.47	1.9577	8.0485	13.799	35.521	151.43	-22.738	5.2033e+05	0	1.4988e+07	0	15.13	14515	2.4326e+05	0	0	0	0	0	3.3761e+06	1.2902e+06	2.4943	0.9532	6.3233	-0.006005	9.9724
144.59	1.9594	8.0322	13.801	35.553	151.43	-22.737	5.1992e+05	0	1.4988e+07	0	15.142	14468	2.433e+05	0	0	0	0	0	3.3644e+06	1.286e+06	2.4937	0.95317	6.3276	-0.0060158	9.972
144.8	1.9624	8.0031	13.803	35.61	151.44	-22.736	5.192e+05	0	1.4988e+07	0	15.163	14386	2.4338e+05	0	0	0	0	0	3.3436e+06	1.2785e+06	2.4925	0.95306	6.3354	-0.0060513	9.9707
144.97	1.965	7.9783	13.805	35.659	151.44	-22.736	5.1858e+05	0	1.4989e+07	0	15.181	14316	2.4345e+05	0	0	0	0	0	3.3261e+06	1.2722e+06	2.4915	0.95298	6.342	-0.0060752	9.9698
145.02	1.9658	7.9714	13.805	35.672	151.44	-22.735	5.1841e+05	0	1.4989e+07	0	15.185	14297	2.4347e+05	0	0	0	0	0	3.3214e+06	1.2705e+06	2.4912	0.95297	6.3438	-0.0060794	9.9696
145.14	1.9675	7.955	13.807	35.704	151.44	-22.735	5.18e+05	0	1.4989e+07	0	15.197	14252	2.4352e+05	0	0	0	0	0	3.3099e+06	1.2664e+06	2.4906	0.95293	6.3481	-0.0060914	9.969
145.35	1.9705	7.9256	13.809	35.761	151.45	-22.734	5.1727e+05	0	1.4989e+07	0	15.218	14171	2.4361e+05	0	0	0	0	0	3.2894e+06	1.259e+06	2.4892	0.95275	6.3559	-0.006131	9.967
145.53	1.9731	7.9007	13.811	35.809	151.45	-22.733	5.1665e+05	0	1.4989e+07	0	15.236	14104	2.4369e+05	0	0	0	0	0	3.2722e+06	1.2529e+06	2.488	0.95262	6.3625	-0.0061578	9.9655
145.57	1.9739	7.8938	13.811	35.822	151.45	-22.733	5.1648e+05	0	1.4989e+07	0	15.241	14085	2.4371e+05	0	0	0	0	0	3.2675e+06	1.2512e+06	2.4877	0.9526	6.3644	-0.0061624	9.9653
145.69	1.9756	7.8773	13.813	35.854	151.45	-22.733	5.1607e+05	0	1.4989e+07	0	15.253	14041	2.4376e+05	0	0	0	0	0	3.2563e+06	1.2472e+06	2.487	0.95253	6.3688	-0.0061757	9.9645
145.9	1.9787	7.8478	13.815	35.91	151.46	-22.732	5.1534e+05	0	1.4989e+07	0	15.274	13963	2.4386e+05	0	0	0	0	0	3.236e+06	1.2399e+06	2.4854	0.95228	6.3766	-0.0062197	9.9617
146.08	1.9813	7.8227	13.817	35.958	151.46	-22.731	5.1472e+05	0	1.4989e+07	0	15.292	13897	2.4395e+05	0	0	0	0	0	3.219e+06	1.2338e+06	2.4841	0.9521	6.3832	-0.0062494	9.9598
146.13	1.982	7.8157	13.817	35.971	151.46	-22.731	5.1455e+05	0	1.4989e+07	0	15.297	13879	2.4397e+05	0	0	0	0	0	3.2145e+06	1.2322e+06	2.4838	0.95208	6.3851	-0.0062546	9.9595
146.24	1.9838	7.7991	13.819	36.003	151.46	-22.73	5.1414e+05	0	1.4989e+07	0	15.309	13836	2.4403e+05	0	0	0	0	0	3.2035e+06	1.2282e+06	2.483	0.95198	6.3895	-0.0062693	9.9584
146.45	1.9869	7.7694	13.821	36.059	151.47	-22.729	5.1341e+05	0	1.4989e+07	0	15.331	13759	2.4413e+05	0	0	0	0	0	3.1834e+06	1.221e+06	2.4811	0.95166	6.3974	-0.0063179	9.955
146.63	1.9895	7.7442	13.823	36.106	151.47	-22.729	5.1279e+05	0	1.4989e+07	0	15.349	13695	2.4423e+05	0	0	0	0	0	3.1667e+06	1.2151e+06	2.4796	0.95143	6.4041	-0.0063509	9.9525
146.68	1.9902	7.7372	13.824	36.119	151.47	-22.728	5.1262e+05	0	1.4989e+07	0	15.354	13678	2.4425e+05	0	0	0	0	0	3.1622e+06	1.2134e+06	2.4793	0.95139	6.4059	-0.0063567	9.9521
146.8	1.992	7.7205	13.825	36.151	151.47	-22.728	5.1221e+05	0	1.4989e+07	0	15.366	13636	2.4432e+05	0	0	0	0	0	3.1514e+06	1.2096e+06	2.4785	0.95128	6.4104	-0.0063729	9.9508
147	1.9951	7.6907	13.827	36.207	151.48	-22.727	5.1148e+05	0	1.4989e+07	0	15.388	13561	2.4443e+05	0	0	0	0	0	3.1316e+06	1.2025e+06	2.4763	0.95087	6.4183	-0.0064265	9.9466
147.18	1.9977	7.6653	13.829	36.254	151.48	-22.726	5.1086e+05	0	1.4989e+07	0	15.406	13499	2.4453e+05	0	0	0	0	0	3.1151e+06	1.1966e+06	2.4747	0.95059	6.4251	-0.0064629	9.9437
147.23	1.9985	7.6583	13.83	36.267	151.48	-22.726	5.1069e+05	0	1.499e+07	0	15.411	13482	2.4456e+05	0	0	0	0	0	3.1107e+06	1.195e+06	2.4744	0.95055	6.4269	-0.0064693	9.9432
147.35	2.0002	7.6415	13.831	36.298	151.48	-22.726	5.1028e+05	0	1.499e+07	0	15.423	13441	2.4463e+05	0	0	0	0	0	3.1002e+06	1.1912e+06	2.4734	0.95041	6.4314	-0.0064871	9.9417
147.56	2.0033	7.6115	13.833	36.353	151.49	-22.725	5.0955e+05	0	1.499e+07	0	15.445	13369	2.4475e+05	0	0	0	0	0	3.0805e+06	1.1842e+06	2.471	0.94992	6.4394	-0.0065461	9.9367
147.73	2.006	7.586	13.835	36.4	151.49	-22.724	5.0893e+05	0	1.499e+07	0	15.464	13308	2.4486e+05	0	0	0	0	0	3.0643e+06	1.1784e+06	2.4693	0.94959	6.4462	-0.0065862	9.9332
147.78	2.0067	7.5789	13.836	36.413	151.49	-22.724	5.0876e+05	0	1.499e+07	0	15.469	13292	2.4489e+05	0	0	0	0	0	3.06e+06	1.1769e+06	2.4689	0.94953	6.448	-0.0065932	9.9326
147.78	2.0067	7.5789	13.836	36.413	151.49	-22.724	5.0876e+05	0	1.2915e+07	0	13.103	13292	2.4489e+05	0	0	0	0	0	3.06e+06	1.1769e+06	2.4689	0.94953	6.448	-0.0065932	9.9326
148.77	2.0193	7.4344	13.847	36.674	151.51	-22.72	5.0577e+05	0	1.2915e+07	0	13.188	12931	2.4466e+05	0	0	0	0	0	2.9318e+06	1.1315e+06	2.4314	0.93834	6.4785	-0.0079411	9.8219
150.85	2.0459	7.1217	13.87	37.208	151.55	-22.711	4.9953e+05	0	1.2915e+07	0	13.377	12237	2.4448e+05	0	0	0	0	0	2.627e+06	1.0249e+06	2.3021	0.89813	6.5438	-0.0127	9.4275
153.44	2.08	6.7124	13.899	37.852	151.6	-22.699	4.9172e+05	0	1.2916e+07	0	13.627	11474	2.449e+05	0	0	0	0	0	2.3106e+06	9.1367e+05	2.1595	0.85393	6.6284	-0.017349	8.9975
155.85	2.1126	6.3188	13.926	38.426	151.65	-22.688	4.8445e+05	0	1.2917e+07	0	13.861	10857	2.4592e+05	0	0	0	0	0	2.089e+06	8.3683e+05	2.0635	0.8266	6.7101	-0.019916	8.7143
157.44	2.1344	6.0558	13.944	38.791	151.68	-22.681	4.7966e+05	0	1.2917e+07	0	14.013	10494	2.4693e+05	0	0	0	0	0	1.9888e+06	8.0113e+05	2.0323	0.81865	6.7655	-0.020549	8.6341
157.85	2.1399	5.9895	13.949	38.88	151.69	-22.679	4.7845e+05	0	1.2917e+07	0	14.051	10408	2.4723e+05	0	0	0	0	0	1.9673e+06	7.9337e+05	2.0269	0.81742	6.7796	-0.020674	8.622
159.25	2.1595	5.7565	13.965	39.19	151.72	-22.673	4.7421e+05	0	1.2917e+07	0	14.185	10123	2.484e+05	0	0	0	0	0	1.8901e+06	7.6588e+05	2.0024	0.81137	6.8297	-0.021512	8.5619
162.04	2.1989	5.2937	13.997	39.774	151.77	-22.66	4.6583e+05	0	1.2918e+07	0	14.454	9625.3	2.5136e+05	0	0	0	0	0	1.746e+06	7.1519e+05	1.9453	0.79681	6.9314	-0.024045	8.4178
165.12	2.2434	4.7827	14.033	40.376	151.84	-22.645	4.5653e+05	0	1.2918e+07	0	14.743	9170.4	2.5565e+05	0	0	0	0	0	1.6568e+06	6.8221e+05	1.9375	0.79777	7.0482	-0.02542	8.4288
167.33	2.2759	4.4218	14.059	40.777	151.88	-22.634	4.4987e+05	0	1.2918e+07	0	14.946	8900.4	2.594e+05	0	0	0	0	0	1.6204e+06	6.6779e+05	1.9524	0.80461	7.1344	-0.025702	8.4934
167.91	2.2844	4.3288	14.066	40.877	151.9	-22.631	4.4814e+05	0	1.2919e+07	0	14.999	8837.3	2.6046e+05	0	0	0	0	0	1.611e+06	6.6418e+05	1.9548	0.80596	7.1572	-0.025762	8.506
170.05	2.3164	3.986	14.091	41.233	151.94	-22.621	4.417e+05	0	1.2919e+07	0	15.194	8627.2	2.6478e+05	0	0	0	0	0	1.5862e+06	6.5441e+05	1.9718	0.81346	7.2431	-0.027024	8.5785
173.85	2.3743	3.3926	14.137	41.807	152.03	-22.601	4.3024e+05	0	1.2919e+07	0	15.526	8341.4	2.7388e+05	0	0	0	0	0	1.6142e+06	6.6124e+05	2.0752	0.8501	7.4008	-0.029384	8.9543
177.08	2.4244	2.9107	14.176	42.232	152.1	-22.584	4.2051e+05	0	1.2919e+07	0	15.799	8180	2.8307e+05	0	0	0	0	0	1.664e+06	6.7903e+05	2.1815	0.8902	7.5394	-0.0294	9.3341
177.97	2.4384	2.7813	14.187	42.34	152.12	-22.58	4.1783e+05	0	1.2919e+07	0	15.876	8147.7	2.8586e+05	0	0	0	0	0	1.6715e+06	6.8208e+05	2.2	0.89774	7.5784	-0.029467	9.4041
180.11	2.4721	2.4763	14.214	42.58	152.17	-22.568	4.1139e+05	0	1.2919e+07	0	16.059	8091.2	2.9302e+05	0	0	0	0	0	1.6962e+06	6.9207e+05	2.2481	0.91725	7.6734	-0.030467	9.585
183.92	2.5331	1.9588	14.261	42.948	152.26	-22.547	3.9993e+05	0	1.292e+07	0	16.358	8060.7	3.0745e+05	0	0	0	0	0	1.8332e+06	7.4463e+05	2.4389	0.99065	7.8471	-0.032033	10.239
187.14	2.5857	1.5498	14.302	43.201	152.33	-22.529	3.902e+05	0	1.292e+07	0	16.605	8101.9	3.2148e+05	0	0	0	0	0	1.9615e+06	7.9766e+05	2.5962	1.0558	7.9989	-0.03145	10.759
188.04	2.6003	1.4415	14.314	43.261	152.36	-22.524	3.8752e+05	0	1.292e+07	0	16.676	8123.8	3.2566e+05	0	0	0	0	0	1.9899e+06	8.0949e+05	2.6268	1.0686	8.0416	-0.031372	10.861
189.44	2.6235	1.274	14.332	43.348	152.39	-22.516	3.8328e+05	0	1.292e+07	0	16.791	8167.9	3.3255e+05	0	0	0	0	0	2.0253e+06	8.2468e+05	2.659	1.0827	8.1095	-0.03175	10.975
192.23	2.6698	0.95758	14.368	43.491	152.46	-22.5	3.749e+05	0	1.292e+07	0	16.995	8288.7	3.4723e+05	0	0	0	0	0	2.164e+06	8.8435e+05	2.7997	1.1442	8.2463	-0.033052	11.415
195.31	2.7216	0.63422	14.408	43.607	152.54	-22.481	3.656e+05	0	1.292e+07	0	17.214	8474.4	3.6522e+05	0	0	0	0	0	2.3504e+06	9.6418e+05	2.9743	1.2201	8.4012	-0.033436	11.957
197.52	2.7591	0.42071	14.438	43.662	152.59	-22.468	3.5894e+05	0	1.292e+07	0	17.37	8640.9	3.7926e+05	0	0	0	0	0	2.4821e+06	1.0237e+06	3.0805	1.2705	8.5143	-0.033078	12.277
198.1	2.7689	0.36765	14.445	43.673	152.61	-22.464	3.5721e+05	0	1.292e+07	0	17.413	8688.8	3.8308e+05	0	0	0	0	0	2.5068e+06	1.035e+06	3.0939	1.2774	8.5439	-0.033082	12.32
199.09	2.7858	0.27784	14.458	43.689	152.63	-22.458	3.5422e+05	0	1.292e+07	0	17.489	8776	3.8983e+05	0	0	0	0	0	2.5481e+06	1.0541e+06	3.1136	1.288	8.5954	-0.033403	12.386
201.16	2.8213	0.099347	14.486	43.708	152.69	-22.445	3.4798e+05	0	1.292e+07	0	17.634	8977	4.0465e+05	0	0	0	0	0	2.6829e+06	1.1154e+06	3.205	1.3325	8.7041	-0.034804	12.662
203.76	2.8659	-0.10332	14.521	43.707	152.76	-22.428	3.4017e+05	0	1.292e+07	0	17.807	9264.1	4.2451e+05	0	0	0	0	0	2.887e+06	1.2086e+06	3.3419	1.399	8.8419	-0.036408	13.066
206.17	2.9077	-0.27003	14.554	43.684	152.82	-22.413	3.329e+05	0	1.292e+07	0	17.964	9567.3	4.444e+05	0	0	0	0	0	3.0999e+06	1.3077e+06	3.4747	1.4658	8.9719	-0.037105	13.441
207.76	2.9354	-0.36815	14.576	43.658	152.87	-22.402	3.281e+05	0	1.292e+07	0	18.075	9786	4.5825e+05	0	0	0	0	0	3.2231e+06	1.3654e+06	3.532	1.4962	9.0585	-0.03724	13.611
208.16	2.9424	-0.39157	14.582	43.65	152.88	-22.4	3.269e+05	0	1.292e+07	0	18.105	9843.4	4.6184e+05	0	0	0	0	0	3.2484e+06	1.3773e+06	3.539	1.5004	9.0804	-0.037311	13.634
209.15	2.9596	-0.44744	14.595	43.629	152.9	-22.393	3.2391e+05	0	1.292e+07	0	18.177	9989.7	4.7088e+05	0	0	0	0	0	3.3153e+06	1.4087e+06	3.5589	1.5122	9.1348	-0.037875	13.699
211.23	2.9959	-0.55282	14.624	43.575	152.96	-22.379	3.1767e+05	0	1.292e+07	0	18.318	10314	4.9055e+05	0	0	0	0	0	3.5112e+06	1.5005e+06	3.6505	1.5601	9.2493	-0.040219	13.969
213.82	3.0412	-0.65934	14.661	43.492	153.04	-22.362	3.0986e+05	0	1.292e+07	0	18.486	10755	5.1659e+05	0	0	0	0	0	3.802e+06	1.6421e+06	3.791	1.6374	9.3935	-0.042878	14.355
216.23	3.0835	-0.73138	14.695	43.402	153.1	-22.345	3.0259e+05	0	1.292e+07	0	18.65	11198	5.4225e+05	0	0	0	0	0	4.0943e+06	1.7837e+06	3.921	1.7082	9.5287	-0.044176	14.701
217.83	3.1113	-0.76455	14.717	43.337	153.15	-22.334	2.9779e+05	0	1.292e+07	0	18.769	11506	5.5988e+05	0	0	0	0	0	4.2671e+06	1.8665e+06	3.9771	1.7397	9.6181	-0.044455	14.852
218.23	3.1184	-0.77132	14.723	43.321	153.16	-22.331	2.9659e+05	0	1.292e+07	0	18.801	11585	5.6441e+05	0	0	0	0	0	4.3043e+06	1.8841e+06	3.9842	1.744	9.6406	-0.044553	14.872
219.22	3.1357	-0.78548	14.737	43.278	153.19	-22.324	2.936e+05	0	1.292e+07	0	18.88	11785	5.7577e+05	0	0	0	0	0	4.4011e+06	1.9301e+06	4.0049	1.7563	9.6965	-0.045246	14.93
221.29	3.172	-0.80104	14.767	43.188	153.25	-22.309	2.8736e+05	0	1.292e+07	0	19.042	12216	6.0019e+05	0	0	0	0	0	4.6656e+06	2.0593e+06	4.0957	1.8078	9.8135	-0.048031	15.166
223.88	3.2172	-0.79063	14.805	43.072	153.33	-22.29	2.7955e+05	0	1.292e+07	0	19.252	12775	6.3183e+05	0	0	0	0	0	5.0282e+06	2.2413e+06	4.221	1.8815	9.9596	-0.050919	15.495
226.3	3.2592	-0.75019	14.84	42.967	153.4	-22.272	2.7228e+05	0	1.292e+07	0	19.468	13308	6.6225e+05	0	0	0	0	0	5.3695e+06	2.4133e+06	4.3268	1.9447	10.095	-0.051963	15.775
227.89	3.2867	-0.70787	14.864	42.9	153.45	-22.26	2.6748e+05	0	1.292e+07	0	19.622	13663	6.827e+05	0	0	0	0	0	5.5658e+06	2.5109e+06	4.3685	1.9707	10.184	-0.051976	15.892
228.29	3.2937	-0.69551	14.87	42.884	153.46	-22.257	2.6628e+05	0	1.292e+07	0	19.662	13752	6.8789e+05	0	0	0	0	0	5.6086e+06	2.5319e+06	4.3735	1.9743	10.207	-0.052045	15.907
229.28	3.3108	-0.66209	14.885	42.846	153.49	-22.25	2.6329e+05	0	1.292e+07	0	19.763	13973	7.008e+05	0	0	0	0	0	5.7185e+06	2.5861e+06	4.3888	1.9848	10.262	-0.05269	15.953
231.35	3.3466	-0.57744	14.916	42.771	153.56	-22.234	2.5705e+05	0	1.292e+07	0	19.982	14430	7.2802e+05	0	0	0	0	0	6.001e+06	2.7308e+06	4.4599	2.0295	10.377	-0.055095	16.14
233.95	3.391	-0.44123	14.955	42.693	153.64	-22.214	2.4924e+05	0	1.292e+07	0	20.276	14981	7.6213e+05	0	0	0	0	0	6.3654e+06	2.9206e+06	4.5565	2.0906	10.519	-0.056856	16.389
236.36	3.4321	-0.28458	14.991	42.64	153.72	-22.195	2.4197e+05	0	1.292e+07	0	20.568	15463	7.9365e+05	0	0	0	0	0	6.6806e+06	3.0861e+06	4.6333	2.1403	10.65	-0.056302	16.59
237.95	3.4591	-0.167	15.016	42.619	153.77	-22.182	2.3717e+05	0	1.2919e+07	0	20.764	15756	8.1412e+05	0	0	0	0	0	6.8489e+06	3.174e+06	4.6616	2.1603	10.735	-0.055407	16.67
238.35	3.4659	-0.13592	15.022	42.615	153.78	-22.179	2.3597e+05	0	1.2919e+07	0	20.813	15826	8.1922e+05	0	0	0	0	0	6.8847e+06	3.1926e+06	4.6652	2.1633	10.756	-0.055351	16.681
239.34	3.4827	-0.056461	15.037	42.609	153.81	-22.171	2.3298e+05	0	1.2919e+07	0	20.936	15993	8.3174e+05	0	0	0	0	0	6.9769e+06	3.241e+06	4.6783	2.1732	10.808	-0.055601	16.72
241.42	3.5178	0.12253	15.069	42.613	153.88	-22.154	2.2674e+05	0	1.2919e+07	0	21.208	16307	8.5729e+05	0	0	0	0	0	7.2079e+06	3.3663e+06	4.74	2.2137	10.917	-0.056018	16.883
244.01	3.5614	0.37165	15.109	42.652	153.97	-22.133	2.1893e+05	0	1.292e+07	0	21.557	16621	8.8764e+05	0	0	0	0	0	7.4822e+06	3.5209e+06	4.8276	2.2717	11.05	-0.054024	17.11
246.42	3.6019	0.62695	15.147	42.727	154.05	-22.113	2.1166e+05	0	1.292e+07	0	21.876	16819	9.1385e+05	0	0	0	0	0	7.6888e+06	3.6433e+06	4.9024	2.323	11.171	-0.049268	17.304
248.02	3.6286	0.80533	15.172	42.799	154.1	-22.099	2.0686e+05	0	1.292e+07	0	22.072	16895	9.2986e+05	0	0	0	0	0	7.7734e+06	3.6961e+06	4.9342	2.3461	11.249	-0.046181	17.392
248.42	3.6353	0.85113	15.179	42.82	154.11	-22.096	2.0566e+05	0	1.292e+07	0	22.119	16907	9.3373e+05	0	0	0	0	0	7.7866e+06	3.7049e+06	4.9391	2.35	11.269	-0.0458	17.407
248.42	3.6353	0.85113	15.179	42.82	154.11	-22.096	2.0566e+05	0	4.8482e+06	0	14.561	16907	9.3373e+05	0	0	0	0	0	3.5331e+06	1.3672e+06	0.45331	0.17542	11.269	-0.0458	17.407
249.47	3.6459	0.90694	15.196	42.879	154.15	-22.087	2.045e+05	0	4.8482e+06	0	14.603	16864	9.3816e+05	0	0	0	0	0	3.539e+06	1.3739e+06	0.45522	0.17673	11.298	-0.045366	17.463
251.34	3.6649	1.0096	15.225	42.994	154.21	-22.071	2.0243e+05	0	4.8482e+06	0	14.695	16764	9.4536e+05	0	0	0	0	0	3.5672e+06	1.3972e+06	0.46159	0.1808	11.35	-0.043596	17.64
252.93	3.6809	1.0998	15.251	43.101	154.27	-22.057	2.0067e+05	0	4.8482e+06	0	14.756	16654	9.5075e+05	0	0	0	0	0	3.5745e+06	1.4083e+06	0.46558	0.18343	11.393	-0.042087	17.754
253.37	3.6854	1.125	15.258	43.132	154.28	-22.053	2.0019e+05	0	4.8482e+06	0	14.768	16620	9.5213e+05	0	0	0	0	0	3.5723e+06	1.4091e+06	0.46625	0.18391	11.405	-0.041856	17.775
254.42	3.696	1.1856	15.275	43.211	154.32	-22.044	1.9903e+05	0	4.8483e+06	0	14.798	16531	9.5522e+05	0	0	0	0	0	3.5679e+06	1.4117e+06	0.46817	0.18524	11.433	-0.0416	17.832
256.29	3.715	1.2955	15.305	43.361	154.38	-22.028	1.9696e+05	0	4.8483e+06	0	14.866	16349	9.5996e+05	0	0	0	0	0	3.5766e+06	1.427e+06	0.47455	0.18934	11.483	-0.040345	18.01
257.88	3.7311	1.3907	15.331	43.5	154.44	-22.014	1.9521e+05	0	4.8483e+06	0	14.905	16170	9.6321e+05	0	0	0	0	0	3.5679e+06	1.4324e+06	0.47864	0.19216	11.524	-0.039121	18.122
258.32	3.7356	1.417	15.338	43.54	154.45	-22.01	1.9472e+05	0	4.8483e+06	0	14.912	16117	9.6398e+05	0	0	0	0	0	3.5613e+06	1.4315e+06	0.47932	0.19267	11.535	-0.038934	18.142
259.37	3.7463	1.48	15.355	43.639	154.49	-22.001	1.9356e+05	0	4.8484e+06	0	14.927	15983	9.6562e+05	0	0	0	0	0	3.5462e+06	1.4301e+06	0.48129	0.19409	11.562	-0.038746	18.198
261.25	3.7655	1.5928	15.386	43.828	154.55	-21.984	1.915e+05	0	4.8484e+06	0	14.969	15722	9.6775e+05	0	0	0	0	0	3.5349e+06	1.4381e+06	0.48774	0.19842	11.61	-0.037688	18.372
262.84	3.7817	1.689	15.412	44	154.61	-21.97	1.8974e+05	0	4.8484e+06	0	14.985	15478	9.6877e+05	0	0	0	0	0	3.508e+06	1.4352e+06	0.49163	0.20114	11.649	-0.036573	18.481
263.28	3.7863	1.7154	15.419	44.049	154.63	-21.966	1.8926e+05	0	4.8485e+06	0	14.986	15408	9.6892e+05	0	0	0	0	0	3.4966e+06	1.4321e+06	0.49227	0.20162	11.66	-0.036401	18.5
264.33	3.7971	1.7781	15.436	44.17	154.66	-21.956	1.881e+05	0	4.8485e+06	0	14.988	15233	9.6909e+05	0	0	0	0	0	3.47e+06	1.4255e+06	0.49413	0.20299	11.686	-0.036222	18.554
266.2	3.8165	1.889	15.467	44.399	154.73	-21.939	1.8603e+05	0	4.8485e+06	0	15.003	14904	9.6864e+05	0	0	0	0	0	3.4364e+06	1.4228e+06	0.50015	0.20708	11.731	-0.035193	18.718
267.79	3.8331	1.982	15.493	44.604	154.78	-21.925	1.8428e+05	0	4.8486e+06	0	15.001	14607	9.6752e+05	0	0	0	0	0	3.3917e+06	1.4114e+06	0.50367	0.20959	11.769	-0.034101	18.818
268.23	3.8377	2.0073	15.501	44.663	154.8	-21.921	1.8379e+05	0	4.8486e+06	0	14.997	14523	9.6709e+05	0	0	0	0	0	3.3759e+06	1.4062e+06	0.50424	0.21003	11.78	-0.033932	18.835
269.28	3.8488	2.0671	15.518	44.806	154.84	-21.911	1.8263e+05	0	4.8486e+06	0	14.989	14316	9.6589e+05	0	0	0	0	0	3.3388e+06	1.3944e+06	0.5059	0.21128	11.805	-0.033734	18.884
271.15	3.8687	2.1712	15.549	45.074	154.9	-21.894	1.8056e+05	0	4.8487e+06	0	14.984	13935	9.6307e+05	0	0	0	0	0	3.2842e+06	1.3813e+06	0.51124	0.21502	11.849	-0.032663	19.031
272.74	3.8858	2.2572	15.576	45.312	154.96	-21.879	1.7881e+05	0	4.8487e+06	0	14.968	13600	9.6003e+05	0	0	0	0	0	3.2245e+06	1.3629e+06	0.51432	0.21739	11.887	-0.031564	19.117
273.18	3.8905	2.2803	15.583	45.379	154.98	-21.875	1.7833e+05	0	4.8487e+06	0	14.962	13506	9.5909e+05	0	0	0	0	0	3.2052e+06	1.3561e+06	0.5148	0.2178	11.897	-0.031392	19.132
274.23	3.9019	2.3346	15.601	45.544	155.02	-21.865	1.7717e+05	0	4.8487e+06	0	14.949	13277	9.5669e+05	0	0	0	0	0	3.1597e+06	1.3403e+06	0.51622	0.21897	11.921	-0.031168	19.174
276.11	3.9225	2.428	15.632	45.849	155.08	-21.848	1.751e+05	0	4.8488e+06	0	14.933	12864	9.5185e+05	0	0	0	0	0	3.0879e+06	1.3185e+06	0.5207	0.22233	11.965	-0.030048	19.297
277.7	3.9401	2.5036	15.659	46.118	155.14	-21.833	1.7334e+05	0	4.8488e+06	0	14.916	12507	9.4721e+05	0	0	0	0	0	3.0157e+06	1.2929e+06	0.52305	0.22424	12.002	-0.028948	19.366
278.14	3.945	2.5238	15.666	46.194	155.16	-21.829	1.7286e+05	0	4.8489e+06	0	14.911	12408	9.4586e+05	0	0	0	0	0	2.9938e+06	1.2846e+06	0.5234	0.22458	12.012	-0.028776	19.378
279.19	3.9568	2.5707	15.684	46.378	155.2	-21.818	1.717e+05	0	4.8489e+06	0	14.9	12169	9.4249e+05	0	0	0	0	0	2.9421e+06	1.2651e+06	0.52445	0.22552	12.036	-0.028533	19.411
281.06	3.9782	2.6499	15.716	46.717	155.26	-21.801	1.6963e+05	0	4.8489e+06	0	14.888	11742	9.3608e+05	0	0	0	0	0	2.8566e+06	1.2348e+06	0.52771	0.22812	12.08	-0.027393	19.505
282.65	3.9965	2.7127	15.743	47.013	155.32	-21.785	1.6788e+05	0	4.849e+06	0	14.88	11381	9.303e+05	0	0	0	0	0	2.7764e+06	1.204e+06	0.52919	0.22948	12.118	-0.026322	19.554
283.09	4.0016	2.7291	15.75	47.097	155.34	-21.781	1.6739e+05	0	4.849e+06	0	14.88	11291	9.2906e+05	0	0	0	0	0	2.7552e+06	1.1958e+06	0.52931	0.22973	12.134	-0.026154	19.562
284.14	4.014	2.7674	15.768	47.299	155.38	-21.771	1.6623e+05	0	4.849e+06	0	14.881	11075	9.2594e+05	0	0	0	0	0	2.7047e+06	1.1765e+06	0.52977	0.23043	12.171	-0.025907	19.585
286.01	4.0362	2.8312	15.8	47.667	155.45	-21.752	1.6417e+05	0	4.8491e+06	0	14.89	10689	9.2003e+05	0	0	0	0	0	2.6183e+06	1.1442e+06	0.53134	0.2322	12.238	-0.024802	19.646
287.6	4.0553	2.8809	15.827	47.987	155.51	-21.737	1.6241e+05	0	4.8491e+06	0	14.903	10363	9.1472e+05	0	0	0	0	0	2.5397e+06	1.1131e+06	0.53161	0.233	12.296	-0.023798	19.672
288.04	4.0607	2.8938	15.835	48.077	155.52	-21.733	1.6193e+05	0	4.8491e+06	0	14.907	10273	9.1321e+05	0	0	0	0	0	2.5175e+06	1.1042e+06	0.53157	0.23315	12.313	-0.023641	19.676
289.09	4.0736	2.9234	15.853	48.294	155.56	-21.722	1.6077e+05	0	4.8491e+06	0	14.92	10059	9.0952e+05	0	0	0	0	0	2.465e+06	1.0831e+06	0.53157	0.23357	12.352	-0.023409	19.689
290.97	4.0968	2.9712	15.885	48.688	155.63	-21.703	1.587e+05	0	4.8492e+06	0	14.951	9681	9.0273e+05	0	0	0	0	0	2.3729e+06	1.0463e+06	0.5317	0.23443	12.422	-0.022399	19.715
292.56	4.1168	3.0071	15.913	49.028	155.69	-21.688	1.5695e+05	0	4.8492e+06	0	14.986	9364.7	8.9678e+05	0	0	0	0	0	2.2925e+06	1.013e+06	0.53102	0.23465	12.483	-0.021503	19.719
292.99	4.1224	3.0161	15.92	49.123	155.71	-21.683	1.5646e+05	0	4.8492e+06	0	14.997	9278.2	8.9511e+05	0	0	0	0	0	2.2704e+06	1.0038e+06	0.53081	0.23469	12.5	-0.021365	19.719
294.05	4.1358	3.0365	15.939	49.352	155.75	-21.673	1.553e+05	0	4.8492e+06	0	15.025	9072.5	8.9107e+05	0	0	0	0	0	2.2182e+06	9.8223e+05	0.53037	0.23485	12.541	-0.021172	19.722
295.92	4.1602	3.068	15.971	49.766	155.82	-21.653	1.5323e+05	0	4.8493e+06	0	15.085	8712.3	8.8376e+05	0	0	0	0	0	2.1253e+06	9.4322e+05	0.52916	0.23484	12.614	-0.020344	19.716
297.51	4.1811	3.0898	15.999	50.122	155.88	-21.637	1.5148e+05	0	4.8493e+06	0	15.145	8413.6	8.7747e+05	0	0	0	0	0	2.0465e+06	9.0958e+05	0.52763	0.23451	12.678	-0.019621	19.698
297.95	4.187	3.0951	16.007	50.221	155.9	-21.633	1.51e+05	0	4.8493e+06	0	15.163	8332.3	8.7572e+05	0	0	0	0	0	2.0254e+06	9.0062e+05	0.52728	0.23446	12.696	-0.019514	19.695
297.95	4.187	3.0951	16.007	50.221	155.9	-21.633	1.51e+05	0	4.2028e+06	0	13.205	8332.3	8.7572e+05	0	0	0	0	0	2.0254e+06	9.0062e+05	0.52728	0.23446	12.696	-0.019514	19.695
298.87	4.1972	3.1048	16.023	50.429	155.94	-21.623	1.5012e+05	0	4.2028e+06	0	13.218	8155.9	8.7075e+05	0	0	0	0	0	1.9811e+06	8.8189e+05	0.5269	0.23455	12.727	-0.0196	19.696
300.85	4.2196	3.1207	16.058	50.882	156.01	-21.603	1.4822e+05	0	4.2028e+06	0	13.254	7785.2	8.6004e+05	0	0	0	0	0	1.8869e+06	8.4171e+05	0.52576	0.23453	12.794	-0.019916	19.69
303.49	4.2501	3.1316	16.104	51.494	156.12	-21.575	1.4569e+05	0	4.2028e+06	0	13.326	7348.1	8.4799e+05	0	0	0	0	0	1.7682e+06	7.9036e+05	0.52197	0.23332	12.92	-0.01981	19.635
306.28	4.2831	3.1308	16.154	52.143	156.23	-21.546	1.4303e+05	0	4.2029e+06	0	13.427	6917.2	8.359e+05	0	0	0	0	0	1.6441e+06	7.3497e+05	0.51557	0.23048	13.064	-0.018788	19.519
308.65	4.3119	3.1203	16.196	52.699	156.32	-21.52	1.4076e+05	0	4.2029e+06	0	13.533	6566.6	8.2572e+05	0	0	0	0	0	1.542e+06	6.888e+05	0.50937	0.22753	13.191	-0.017548	19.4
310.14	4.3303	3.1094	16.223	53.05	156.38	-21.504	1.3933e+05	0	4.2029e+06	0	13.606	6354.3	8.1939e+05	0	0	0	0	0	1.4829e+06	6.6265e+05	0.50623	0.22621	13.272	-0.01698	19.345
310.51	4.3349	3.1063	16.229	53.136	156.39	-21.5	1.3898e+05	0	4.2029e+06	0	13.624	6302.8	8.1784e+05	0	0	0	0	0	1.4695e+06	6.5692e+05	0.50574	0.22609	13.292	-0.016937	19.339
311.75	4.3505	3.0945	16.252	53.427	156.44	-21.487	1.3779e+05	0	4.2029e+06	0	13.687	6132.7	8.1267e+05	0	0	0	0	0	1.4242e+06	6.3727e+05	0.50374	0.22541	13.36	-0.016904	19.309
314.34	4.3835	3.0635	16.298	54.034	156.55	-21.459	1.3532e+05	0	4.203e+06	0	13.84	5791.2	8.0205e+05	0	0	0	0	0	1.3251e+06	5.919e+05	0.49633	0.2217	13.505	-0.016581	19.162
317.57	4.4258	3.0122	16.357	54.79	156.68	-21.423	1.3222e+05	0	4.203e+06	0	14.058	5391.5	7.8929e+05	0	0	0	0	0	1.2033e+06	5.3459e+05	0.48413	0.21508	13.691	-0.015404	18.894
320.59	4.4664	2.9527	16.411	55.487	156.8	-21.389	1.2934e+05	0	4.203e+06	0	14.279	5046.1	7.7801e+05	0	0	0	0	0	1.0977e+06	4.8502e+05	0.47186	0.2085	13.869	-0.013693	18.613
322.58	4.4937	2.908	16.448	55.942	156.88	-21.367	1.2744e+05	0	4.2031e+06	0	14.427	4832.4	7.7093e+05	0	0	0	0	0	1.0374e+06	4.576e+05	0.46567	0.20541	13.988	-0.012812	18.479
323.08	4.5007	2.8962	16.457	56.056	156.9	-21.361	1.2696e+05	0	4.2031e+06	0	14.464	4780.4	7.6919e+05	0	0	0	0	0	1.0249e+06	4.5196e+05	0.46506	0.20508	14.018	-0.012726	18.461
324.32	4.5179	2.8664	16.48	56.337	156.95	-21.347	1.2578e+05	0	4.2031e+06	0	14.556	4654.4	7.6498e+05	0	0	0	0	0	9.9555e+05	4.3822e+05	0.46398	0.20423	14.094	-0.012642	18.414
326.9	4.5546	2.8007	16.527	56.918	157.06	-21.318	1.233e+05	0	4.2031e+06	0	14.767	4404.1	7.5655e+05	0	0	0	0	0	9.2917e+05	4.0545e+05	0.45765	0.1997	14.253	-0.012253	18.203
330.14	4.6014	2.7119	16.587	57.63	157.2	-21.28	1.2021e+05	0	4.2031e+06	0	15.043	4115.3	7.4682e+05	0	0	0	0	0	8.4872e+05	3.6546e+05	0.44736	0.19263	14.457	-0.011402	17.872
333.15	4.646	2.6232	16.643	58.279	157.32	-21.244	1.1732e+05	0	4.2031e+06	0	15.304	3869.1	7.3861e+05	0	0	0	0	0	7.8048e+05	3.3222e+05	0.43758	0.18626	14.65	-0.010344	17.556
335.14	4.676	2.5622	16.68	58.698	157.41	-21.221	1.1542e+05	0	4.2031e+06	0	15.472	3718.1	7.3366e+05	0	0	0	0	0	7.4287e+05	3.146e+05	0.4334	0.18354	14.779	-0.0098564	17.412
335.64	4.6836	2.5467	16.69	58.802	157.43	-21.215	1.1494e+05	0	4.2031e+06	0	15.513	3681.5	7.3247e+05	0	0	0	0	0	7.348e+05	3.11e+05	0.43296	0.18325	14.812	-0.0098172	17.394
338.31	4.7245	2.4624	16.74	59.351	157.55	-21.183	1.1239e+05	0	4.2032e+06	0	15.746	3495.2	7.2654e+05	0	0	0	0	0	6.8604e+05	2.8785e+05	0.42578	0.17865	14.988	-0.0097317	17.159
343.06	4.7993	2.3046	16.83	60.292	157.75	-21.125	1.0785e+05	0	4.2032e+06	0	16.198	3198.8	7.178e+05	0	0	0	0	0	5.9071e+05	2.4107e+05	0.40058	0.16348	15.307	-0.0085511	16.386
347.09	4.8647	2.164	16.907	61.051	157.93	-21.074	1.0399e+05	0	4.2032e+06	0	16.575	2980.3	7.1233e+05	0	0	0	0	0	5.264e+05	2.1079e+05	0.38314	0.15343	15.583	-0.0069823	15.842
348.21	4.883	2.1247	16.928	61.254	157.98	-21.06	1.0293e+05	0	4.2032e+06	0	16.675	2924.9	7.1114e+05	0	0	0	0	0	5.1244e+05	2.0461e+05	0.38005	0.15174	15.66	-0.0067389	15.74
349.96	4.9122	2.0627	16.962	61.569	158.06	-21.038	1.0125e+05	0	4.2032e+06	0	16.83	2841.6	7.0955e+05	0	0	0	0	0	4.9347e+05	1.9646e+05	0.3767	0.14997	15.782	-0.006599	15.623
353.44	4.9708	1.9394	17.029	62.168	158.21	-20.993	97923	0	4.2032e+06	0	17.158	2690.6	7.0744e+05	0	0	0	0	0	4.4984e+05	1.7658e+05	0.36267	0.14236	16.026	-0.0060293	15.181
357.29	5.0372	1.8018	17.105	62.798	158.39	-20.943	94237	0	4.2032e+06	0	17.525	2543.5	7.068e+05	0	0	0	0	0	4.0627e+05	1.5709e+05	0.34648	0.13397	16.301	-0.0051601	14.671
360.05	5.0857	1.7036	17.159	63.225	158.52	-20.906	91597	0	4.2032e+06	0	17.785	2450.2	7.0747e+05	0	0	0	0	0	3.8151e+05	1.4642e+05	0.33776	0.12963	16.499	-0.004609	14.391
360.77	5.0984	1.6783	17.173	63.333	158.55	-20.897	90910	0	4.2032e+06	0	17.851	2427.4	7.078e+05	0	0	0	0	0	3.7686e+05	1.4456e+05	0.33677	0.12918	16.551	-0.0045602	14.355
363.44	5.1462	1.5848	17.226	63.722	158.68	-20.861	88359	0	4.2032e+06	0	18.104	2348.3	7.0959e+05	0	0	0	0	0	3.562e+05	1.3573e+05	0.32904	0.12538	16.745	-0.004405	14.108
368.19	5.233	1.4203	17.32	64.369	158.9	-20.795	83814	0	4.2032e+06	0	18.582	2226.8	7.151e+05	0	0	0	0	0	3.131e+05	1.1696e+05	0.30501	0.11393	17.093	-0.0035562	13.351
372.22	5.3085	1.283	17.402	64.87	159.09	-20.739	79958	0	4.2033e+06	0	18.985	2141.7	7.2221e+05	0	0	0	0	0	2.8644e+05	1.0594e+05	0.29012	0.1073	17.392	-0.0026656	12.874
373.34	5.3296	1.2459	17.424	65	159.15	-20.723	78894	0	4.2033e+06	0	19.094	2121	7.2458e+05	0	0	0	0	0	2.8113e+05	1.0396e+05	0.28752	0.10632	17.475	-0.0025115	12.786
374.25	5.3472	1.2156	17.443	65.105	159.19	-20.71	78016	0	4.2033e+06	0	19.183	2104.7	7.2666e+05	0	0	0	0	0	2.7821e+05	1.0296e+05	0.28674	0.10611	17.544	-0.0024799	12.756
376.23	5.3853	1.1511	17.483	65.325	159.29	-20.682	76120	0	4.2033e+06	0	19.379	2072	7.3158e+05	0	0	0	0	0	2.6996e+05	99913	0.28261	0.1046	17.692	-0.0023574	12.616
378.88	5.4368	1.0672	17.537	65.602	159.42	-20.643	73590	0	4.2033e+06	0	19.648	2033.6	7.3904e+05	0	0	0	0	0	2.5835e+05	95550	0.27557	0.10192	17.892	-0.0021557	12.383
381.67	5.4919	0.98055	17.594	65.874	159.55	-20.603	70926	0	4.2033e+06	0	20.033	1999.3	7.481e+05	0	0	0	0	0	2.356e+05	70842	0.25561	0.076861	18.103	-0.0019011	12.132
384.04	5.5397	0.90798	17.643	66.09	159.67	-20.567	68656	0	4.2033e+06	0	20.28	1975	7.5686e+05	0	0	0	0	0	2.275e+05	68386	0.24988	0.075111	18.285	-0.0017077	11.952
385.53	5.57	0.86372	17.674	66.218	159.75	-20.545	67229	0	4.2033e+06	0	20.436	1961.8	7.6281e+05	0	0	0	0	0	2.2387e+05	67389	0.24754	0.074513	18.399	-0.001629	11.878
385.9	5.5775	0.85289	17.682	66.249	159.77	-20.539	66877	0	4.2033e+06	0	20.474	1958.8	7.6434e+05	0	0	0	0	0	2.2327e+05	67244	0.24725	0.074466	18.428	-0.0016234	11.868
387.14	5.6029	0.81706	17.708	66.349	159.83	-20.521	65692	0	4.2033e+06	0	20.605	1949.4	7.6964e+05	0	0	0	0	0	2.2051e+05	66496	0.24537	0.073992	18.523	-0.0016098	11.809
389.73	5.6565	0.74412	17.762	66.548	159.96	-20.481	63217	0	4.2033e+06	0	20.887	1933.3	7.8155e+05	0	0	0	0	0	2.1175e+05	63846	0.23759	0.071638	18.723	-0.001547	11.557
392.96	5.7246	0.65645	17.83	66.773	160.13	-20.431	60123	0	4.2033e+06	0	21.25	1919.4	7.9809e+05	0	0	0	0	0	2.0072e+05	60467	0.22684	0.068335	18.975	-0.0014133	11.21
395.98	5.7891	0.57843	17.894	66.96	160.29	-20.384	57239	0	4.2033e+06	0	21.595	1912.7	8.152e+05	0	0	0	0	0	1.9219e+05	57930	0.21796	0.065698	19.211	-0.001243	10.92
397.96	5.8322	0.52914	17.936	67.071	160.39	-20.352	55338	0	4.2033e+06	0	21.824	1911.5	8.2742e+05	0	0	0	0	0	1.889e+05	57095	0.21437	0.064794	19.367	-0.0011583	10.801
398.46	5.8431	0.51704	17.947	67.098	160.42	-20.344	54860	0	4.2033e+06	0	21.882	1911.5	8.3061e+05	0	0	0	0	0	1.8844e+05	57009	0.21384	0.064694	19.407	-0.0011495	10.784
400.22	5.8817	0.47554	17.984	67.187	160.51	-20.316	53180	0	4.2033e+06	0	22.088	1913	8.422e+05	0	0	0	0	0	1.8567e+05	56308	0.21054	0.06385	19.546	-0.0011214	10.674
403.7	5.9591	0.39732	18.059	67.344	160.69	-20.259	49856	0	4.2033e+06	0	22.513	1921.3	8.6697e+05	0	0	0	0	0	1.7618e+05	53557	0.19892	0.060467	19.822	-0.00096355	10.284
407.55	6.0467	0.31654	18.143	67.488	160.9	-20.195	46169	0	4.2033e+06	0	22.997	1938.9	8.9738e+05	0	0	0	0	0	1.6806e+05	51325	0.18802	0.057422	20.132	-0.00064343	9.9157
410.31	6.1106	0.26304	18.203	67.572	161.05	-20.149	43529	0	4.2033e+06	0	23.35	1956.7	9.2115e+05	0	0	0	0	0	1.6529e+05	50790	0.18324	0.056304	20.355	-0.000407	9.7504
411.03	6.1274	0.24978	18.219	67.592	161.09	-20.136	42843	0	4.2033e+06	0	23.443	1962.1	9.2761e+05	0	0	0	0	0	1.6524e+05	50867	0.18268	0.056236	20.414	-0.00037167	9.7319
413.7	6.1903	0.20291	18.278	67.657	161.24	-20.091	40291	0	4.2033e+06	0	23.795	1984.6	9.5265e+05	0	0	0	0	0	1.6301e+05	50496	0.17818	0.055195	20.632	-9.2448e-05	9.5766
418.45	6.3048	0.12847	18.383	67.742	161.51	-20.008	35746	0	4.2033e+06	0	24.446	2034.2	1.0014e+06	0	0	0	0	0	1.5911e+05	49868	0.16967	0.053178	21.025	0.0011676	9.2827
422.48	6.4045	0.075312	18.474	67.787	161.74	-19.936	31890	0	4.2033e+06	0	25.011	2085.7	1.0471e+06	0	0	0	0	0	1.6357e+05	51872	0.17011	0.053948	21.363	0.0024545	9.3043
423.59	6.4324	0.062575	18.499	67.796	161.8	-19.915	30826	0	4.2033e+06	0	25.17	2101.4	1.0605e+06	0	0	0	0	0	1.6524e+05	52574	0.17057	0.054269	21.457	0.0027553	9.322
423.59	6.4324	0.062575	18.499	67.796	161.8	-19.915	30826	0	0	0	1.0439	2101.4	1.0605e+06	0	0	0	0	0	1.6524e+05	52574	0.17057	0.054269	21.457	0.0027553	9.322
430.91	6.4301	-0.020157	18.664	67.813	162.22	-19.782	30826	0	0	0	1.2236	2095	1.0581e+06	0	0	0	0	0	1.9406e+05	62076	0.20093	0.064274	21.452	0.014934	10.378
447.7	6.4214	-0.12262	19.037	67.655	163.19	-19.472	30826	0	0	0	2.2356	2136	1.0655e+06	0	0	0	0	0	3.5055e+05	1.2459e+05	0.35599	0.12652	21.402	0.1014	15.175
472.94	6.3993	-0.094092	19.584	67.326	164.63	-18.996	30826	0	0	0	2.8199	2221.2	1.0788e+06	0	0	0	0	0	4.3783e+05	1.6665e+05	0.42758	0.16275	21.284	0.30817	17.214
505.16	6.3696	-0.052659	20.261	67.081	166.45	-18.372	30826	0	0	0	2.6418	2276.8	1.0819e+06	0	0	0	0	0	4.1172e+05	1.512e+05	0.39227	0.14406	21.153	0.63492	16.211
542.48	6.3368	-0.046513	21.014	66.879	168.52	-17.628	30826	0	0	0	2.6965	2317.5	1.08e+06	0	0	0	0	0	4.2022e+05	1.5415e+05	0.39334	0.14429	21.018	0.95411	16.239
582.73	6.3008	-0.052651	21.787	66.666	170.73	-16.802	30826	0	0	0	2.7031	2359.8	1.0772e+06	0	0	0	0	0	4.2171e+05	1.5339e+05	0.38765	0.141	20.871	1.0901	16.075
623.58	6.2638	-0.065453	22.527	66.399	172.93	-15.94	30826	0	0	0	2.8284	2419.9	1.0777e+06	0	0	0	0	0	4.4101e+05	1.6131e+05	0.39532	0.1446	20.714	1.1513	16.293
662.66	6.227	-0.073917	23.193	66.103	175.01	-15.096	30826	0	0	0	2.8788	2490.9	1.0803e+06	0	0	0	0	0	4.4927e+05	1.6319e+05	0.39124	0.14211	20.555	1.1769	16.174
697.68	6.1931	-0.076623	23.754	65.814	176.85	-14.325	30826	0	0	0	3.0147	2563.5	1.0837e+06	0	0	0	0	0	4.7016e+05	1.7156e+05	0.39784	0.14517	20.407	1.1067	16.361
726.62	6.1655	-0.098711	24.19	65.556	178.34	-13.678	30826	0	0	0	2.7749	2631.8	1.0881e+06	0	0	0	0	0	4.3516e+05	1.5213e+05	0.35867	0.12539	20.284	0.98138	15.239
747.79	6.1479	-0.16285	24.494	65.264	179.43	-13.2	30826	0	0	0	2.7668	2723	1.1003e+06	0	0	0	0	0	4.3505e+05	1.4992e+05	0.34657	0.11942	20.19	0.88147	14.891
759.98	6.1369	-0.18266	24.663	65.033	180.05	-12.923	30826	0	0	0	3.0191	2799.7	1.1116e+06	0	0	0	0	0	4.7363e+05	1.6661e+05	0.36696	0.12909	20.126	0.84459	15.474
762.87	6.1342	-0.18488	24.702	64.977	180.2	-12.857	30826	0	0	0	3.1159	2818.6	1.1143e+06	0	0	0	0	0	4.8828e+05	1.7328e+05	0.37579	0.13336	20.11	0.84363	15.727
771.45	6.1253	-0.17744	24.818	64.809	180.64	-12.661	30826	0	0	0	3.3415	2875	1.1221e+06	0	0	0	0	0	5.2233e+05	1.8876e+05	0.3941	0.14242	20.061	0.86645	16.25
791.05	6.1026	-0.11586	25.078	64.498	181.63	-12.211	30826	0	0	0	3.6008	2976.2	1.133e+06	0	0	0	0	0	5.6122e+05	2.0562e+05	0.40905	0.14987	19.949	0.98236	16.676
820.27	6.0694	-0.051804	25.447	64.258	183.09	-11.535	30826	0	0	0	3.3358	3040.4	1.1324e+06	0	0	0	0	0	5.2191e+05	1.8363e+05	0.37237	0.13101	19.812	1.1414	15.625
857.13	6.0306	-0.048059	25.883	64.074	184.91	-10.675	30826	0	0	0	3.3413	3076.5	1.1242e+06	0	0	0	0	0	5.2309e+05	1.8289e+05	0.36882	0.12896	19.664	1.2069	15.522
899.1	5.9854	-0.052017	26.336	63.856	186.96	-9.6872	30826	0	0	0	3.3904	3120.3	1.1149e+06	0	0	0	0	0	5.3094e+05	1.8513e+05	0.3691	0.1287	19.491	1.2017	15.528
943.33	5.937	-0.070187	26.764	63.577	189.09	-8.6378	30826	0	0	0	3.5129	3186.4	1.108e+06	0	0	0	0	0	5.5008e+05	1.9224e+05	0.37447	0.13087	19.301	1.2317	15.68
986.8	5.8876	-0.077198	27.14	63.241	191.15	-7.6003	30826	0	0	0	3.6099	3276.8	1.1046e+06	0	0	0	0	0	5.6548e+05	1.9692e+05	0.37434	0.13036	19.103	1.3123	15.673
1026.6	5.8411	-0.078173	27.445	62.922	193.01	-6.6483	30826	0	0	0	3.7821	3364.3	1.1012e+06	0	0	0	0	0	5.921e+05	2.0706e+05	0.38177	0.13351	18.916	1.3485	15.883
1059.9	5.8013	-0.080322	27.671	62.665	194.55	-5.8491	30826	0	0	0	3.6428	3433.3	1.0969e+06	0	0	0	0	0	5.7184e+05	1.9516e+05	0.36129	0.1233	18.759	1.2563	15.297
1084.5	5.7755	-0.16466	27.817	62.384	195.68	-5.2581	30826	0	0	0	3.3472	3531	1.1023e+06	0	0	0	0	0	5.2847e+05	1.7275e+05	0.32465	0.10613	18.644	1.1338	14.242
1098.8	5.7609	-0.21809	27.894	62.099	196.33	-4.9159	30826	0	0	0	3.6839	3646.7	1.1144e+06	0	0	0	0	0	5.8059e+05	1.9396e+05	0.34536	0.11538	18.566	1.0709	14.839
1102.2	5.7571	-0.22168	27.912	62.026	196.48	-4.8344	30826	0	0	0	3.8188	3676.9	1.1175e+06	0	0	0	0	0	6.0119e+05	2.0284e+05	0.35467	0.11966	18.546	1.0674	15.106
1109.5	5.7482	-0.21841	27.95	61.863	196.82	-4.6588	30826	0	0	0	4.087	3744.4	1.1241e+06	0	0	0	0	0	6.4196e+05	2.2063e+05	0.3719	0.12781	18.5	1.083	15.597
1126.3	5.7256	-0.16144	28.034	61.538	197.58	-4.256	30826	0	0	0	4.4141	3875.7	1.1345e+06	0	0	0	0	0	6.9163e+05	2.4099e+05	0.3871	0.13488	18.392	1.193	16.029
1151.5	5.6914	-0.09005	28.15	61.239	198.71	-3.6518	30826	0	0	0	4.1346	3981.1	1.1358e+06	0	0	0	0	0	6.4995e+05	2.1797e+05	0.35414	0.11877	18.251	1.3933	15.088
1183.7	5.6526	-0.098835	28.28	60.953	200.15	-2.8822	30826	0	0	0	4.0301	4075.2	1.1331e+06	0	0	0	0	0	6.3474e+05	2.091e+05	0.33787	0.1113	18.097	1.5481	14.611
1221	5.6017	-0.10935	28.404	60.561	201.79	-1.9939	30826	0	0	0	4.2877	4209.5	1.1305e+06	0	0	0	0	0	6.6244e+05	2.5935e+05	0.34136	0.13364	17.893	1.5489	14.332
1261.3	5.5386	-0.10378	28.505	60.144	203.55	-1.042	30826	0	0	0	4.4335	4341.6	1.1217e+06	0	0	0	0	0	6.8497e+05	2.6766e+05	0.34223	0.13373	17.649	1.5299	14.384
1302.1	5.4741	-0.092077	28.574	59.757	205.31	-0.084452	30826	0	0	0	4.5633	4455.9	1.1094e+06	0	0	0	0	0	7.05e+05	2.75e+05	0.3432	0.13387	17.405	1.6022	14.44
1341.2	5.4099	-0.089481	28.612	59.426	206.98	0.82232	30826	0	0	0	4.6559	4539	1.093e+06	0	0	0	0	0	7.1942e+05	2.8006e+05	0.34381	0.13384	17.169	1.6865	14.486
1376.2	5.3523	-0.099425	28.622	59.119	208.45	1.6267	30826	0	0	0	4.6955	4619.1	1.0786e+06	0	0	0	0	0	7.261e+05	2.8114e+05	0.34099	0.13203	16.957	1.697	14.43
1405.2	5.306	-0.16375	28.611	58.791	209.66	2.2848	30826	0	0	0	4.4083	4731.7	1.0724e+06	0	0	0	0	0	6.8504e+05	2.5712e+05	0.31405	0.11787	16.779	1.5924	13.655
1426.4	5.2764	-0.29566	28.589	58.351	210.53	2.7627	30826	0	0	0	4.1512	4945.2	1.0839e+06	0	0	0	0	0	6.4884e+05	2.357e+05	0.28461	0.10339	16.644	1.4668	12.764
1438.5	5.2591	-0.3648	28.571	57.977	211.04	3.0363	30826	0	0	0	4.7043	5148.3	1.0985e+06	0	0	0	0	0	7.3332e+05	2.7287e+05	0.30898	0.11497	16.555	1.3925	13.524
1441.4	5.2545	-0.3663	28.567	57.879	211.16	3.1012	30826	0	0	0	4.8285	5202.4	1.1022e+06	0	0	0	0	0	7.5217e+05	2.8117e+05	0.31362	0.11724	16.531	1.3889	13.668
1450	5.2402	-0.36337	28.553	57.591	211.51	3.2929	30826	0	0	0	5.139	5363.4	1.1129e+06	0	0	0	0	0	7.9935e+05	3.0147e+05	0.3233	0.12193	16.46	1.4117	13.971
1469.6	5.2041	-0.27889	28.522	57.007	212.31	3.7287	30826	0	0	0	5.5666	5686.7	1.1299e+06	0	0	0	0	0	8.6413e+05	3.277e+05	0.32962	0.125	16.294	1.5534	14.176
1498.8	5.1504	-0.17128	28.467	56.44	213.5	4.3721	30826	0	0	0	5.2529	5973	1.1336e+06	0	0	0	0	0	8.1856e+05	2.9825e+05	0.29728	0.10831	16.076	1.7057	13.211
1535.7	5.0875	-0.15909	28.377	55.905	214.98	5.1725	30826	0	0	0	5.2736	6222.6	1.1283e+06	0	0	0	0	0	8.2317e+05	2.9509e+05	0.28695	0.10287	15.833	1.7161	12.91
1577.7	5.0132	-0.11243	28.248	55.392	216.66	6.0689	30826	0	0	0	5.4701	6431.6	1.113e+06	0	0	0	0	0	8.5372e+05	3.0476e+05	0.28793	0.10279	15.558	1.6299	12.967
1621.9	4.9339	-0.088023	28.08	55.023	218.4	6.9947	30826	0	0	0	5.5189	6514.2	1.0841e+06	0	0	0	0	0	8.6167e+05	3.0573e+05	0.28693	0.10181	15.282	1.5912	12.96
1665.4	4.855	-0.093907	27.891	54.695	220.09	7.885	30826	0	0	0	5.572	6562.1	1.0527e+06	0	0	0	0	0	8.7037e+05	3.0756e+05	0.28771	0.10167	15.011	1.8375	13.01
1705.1	4.7835	-0.15205	27.706	54.297	221.61	8.6816	30826	0	0	0	5.6104	6682.3	1.0304e+06	0	0	0	0	0	8.7758e+05	3.0766e+05	0.28488	0.099874	14.758	2.0438	12.941
1738.4	4.7234	-0.21378	27.538	53.8	222.88	9.3366	30826	0	0	0	5.5606	6915.4	1.0215e+06	0	0	0	0	0	8.7194e+05	3.0027e+05	0.27351	0.094187	14.534	2.0383	12.583
1763.1	4.684	-0.38666	27.399	53.228	223.81	9.813	30826	0	0	0	4.9496	7278.9	1.0301e+06	0	0	0	0	0	7.8207e+05	2.5468e+05	0.23306	0.075896	14.369	1.8914	11.217
1777.3	4.6628	-0.51504	27.312	52.693	224.35	10.086	30826	0	0	0	5.6545	7684.8	1.0487e+06	0	0	0	0	0	8.9211e+05	2.9652e+05	0.25182	0.083698	14.264	1.7709	11.874
1780.7	4.6568	-0.51416	27.292	52.55	224.47	10.151	30826	0	0	0	5.9192	7794.4	1.0533e+06	0	0	0	0	0	9.3275e+05	3.1304e+05	0.25959	0.08712	14.235	1.7593	12.141
1787	4.6451	-0.50258	27.254	52.288	224.71	10.271	30826	0	0	0	6.3327	7998.5	1.0615e+06	0	0	0	0	0	9.961e+05	3.3895e+05	0.27014	0.091924	14.179	1.7691	12.5
1801.6	4.6146	-0.37593	27.169	51.764	225.25	10.546	30826	0	0	0	6.9375	8393.2	1.0728e+06	0	0	0	0	0	1.0883e+06	3.7479e+05	0.28128	0.096863	14.048	1.8614	12.887
1823.6	4.5691	-0.20798	27.04	51.27	226.07	10.956	30826	0	0	0	6.4158	8716.4	1.0713e+06	0	0	0	0	0	1.0102e+06	3.3171e+05	0.2514	0.082552	13.874	2.073	11.858
1851.9	4.5158	-0.15023	26.871	50.884	227.11	11.477	30826	0	0	0	6.2867	8915	1.0577e+06	0	0	0	0	0	9.9128e+05	3.191e+05	0.2412	0.077643	13.693	2.2859	11.474
1885.2	4.4537	-0.1215	26.668	50.535	228.33	12.076	30826	0	0	0	6.2531	9061.3	1.0365e+06	0	0	0	0	0	9.8702e+05	3.1329e+05	0.23628	0.075	13.504	2.3906	11.274
1921.7	4.3865	-0.13608	26.435	50.181	229.65	12.72	30826	0	0	0	6.3451	9192.1	1.0119e+06	0	0	0	0	0	1.0023e+06	3.1576e+05	0.23652	0.074515	13.3	2.4053	11.252
1959.7	4.3158	-0.14653	26.182	49.768	231	13.373	30826	0	0	0	6.4235	9373.7	9.8836e+05	0	0	0	0	0	1.0156e+06	3.1663e+05	0.23503	0.073272	13.086	2.4264	11.168
1997.1	4.2456	-0.15837	25.924	49.344	232.33	14.002	30826	0	0	0	6.5844	9570.2	9.6566e+05	0	0	0	0	0	1.0417e+06	3.226e+05	0.23611	0.073122	12.873	2.4621	11.173
2032.3	4.1792	-0.16514	25.676	48.925	233.55	14.577	30826	0	0	0	6.6038	9777.5	9.4504e+05	0	0	0	0	0	1.046e+06	3.1942e+05	0.23207	0.070866	12.672	2.4896	11.003
2063.3	4.1207	-0.17635	25.45	48.543	234.62	15.072	30826	0	0	0	6.7831	9974.8	9.2731e+05	0	0	0	0	0	1.0748e+06	3.268e+05	0.23374	0.071069	12.495	2.4292	11.035
2088.6	4.0736	-0.22358	25.256	48.199	235.49	15.469	30826	0	0	0	6.2958	10181	9.1505e+05	0	0	0	0	0	1.0005e+06	2.9532e+05	0.21317	0.062921	12.352	2.3059	10.276
2107	4.0443	-0.42552	25.103	47.797	236.12	15.752	30826	0	0	0	5.9322	10557	9.1812e+05	0	0	0	0	0	9.4598e+05	2.7273e+05	0.19437	0.056037	12.263	2.1723	9.5691
2117.5	4.0268	-0.50311	25.014	47.438	236.47	15.913	30826	0	0	0	6.8576	10951	9.2681e+05	0	0	0	0	0	1.0917e+06	3.217e+05	0.21623	0.063722	12.21	2.0931	10.365
2120	4.0221	-0.49714	24.993	47.353	236.56	15.951	30826	0	0	0	7.067	11044	9.2851e+05	0	0	0	0	0	1.1244e+06	3.3305e+05	0.22084	0.065415	12.196	2.0876	10.528
2126.3	4.0097	-0.46545	24.942	47.138	236.77	16.046	30826	0	0	0	7.4382	11277	9.3237e+05	0	0	0	0	0	1.1824e+06	3.5243e+05	0.22742	0.067789	12.158	2.1095	10.758
2140.9	3.9791	-0.31131	24.828	46.741	237.26	16.264	30826	0	0	0	7.7532	11708	9.3516e+05	0	0	0	0	0	1.2313e+06	3.6625e+05	0.22812	0.067855	12.081	2.2653	10.772
2162.9	3.9345	-0.16804	24.661	46.403	238	16.59	30826	0	0	0	7.118	11991	9.2476e+05	0	0	0	0	0	1.1325e+06	3.2587e+05	0.20488	0.058952	11.967	2.537	9.9175
2191.2	3.8816	-0.18136	24.446	46.077	238.94	17.001	30826	0	0	0	7.0216	12206	9.0751e+05	0	0	0	0	0	1.1182e+06	3.182e+05	0.19873	0.056549	11.826	2.7074	9.6648
2224.5	3.819	-0.18455	24.197	45.66	240.03	17.472	30826	0	0	0	7.1548	12516	8.8885e+05	0	0	0	0	0	1.14e+06	3.2193e+05	0.19758	0.055795	11.661	2.7117	9.5962
2261	3.7497	-0.17213	23.918	45.227	241.21	17.975	30826	0	0	0	7.3134	12814	8.6623e+05	0	0	0	0	0	1.1658e+06	3.2672e+05	0.19735	0.055307	11.475	2.6386	9.5587
2298.9	3.6763	-0.12187	23.624	44.859	242.42	18.482	30826	0	0	0	7.4178	12965	8.3671e+05	0	0	0	0	0	1.1827e+06	3.2896e+05	0.19787	0.055038	11.273	2.5811	9.547
2336.4	3.6036	-0.095052	23.329	44.612	243.6	18.967	30826	0	0	0	7.4602	12895	8.0094e+05	0	0	0	0	0	1.1897e+06	3.2896e+05	0.20013	0.055337	11.064	2.5741	9.5993
2371.5	3.5357	-0.11718	23.051	44.39	244.69	19.408	30826	0	0	0	7.3957	12808	7.6771e+05	0	0	0	0	0	1.1802e+06	3.2373e+05	0.1999	0.05483	10.869	2.5626	9.5602
2402.5	3.4767	-0.18624	22.8	44.107	245.64	19.786	30826	0	0	0	7.4714	12886	7.4394e+05	0	0	0	0	0	1.1932e+06	3.2549e+05	0.20087	0.054792	10.703	2.468	9.5709
2427.9	3.4294	-0.27817	22.587	43.767	246.41	20.088	30826	0	0	0	7.1213	13154	7.3081e+05	0	0	0	0	0	1.1396e+06	3.0454e+05	0.18793	0.050223	10.577	2.302	9.0669
2446.3	3.3992	-0.53709	22.419	43.343	246.96	20.302	30826	0	0	0	6.5716	13723	7.3307e+05	0	0	0	0	0	1.0548e+06	2.7658e+05	0.16672	0.043718	10.508	2.1364	8.2258
2456.8	3.3819	-0.66255	22.32	42.956	247.28	20.424	30826	0	0	0	7.6579	14352	7.4188e+05	0	0	0	0	0	1.2283e+06	3.2607e+05	0.18564	0.049284	10.476	2.0472	8.964
2459.3	3.3771	-0.65053	22.298	42.86	247.35	20.452	30826	0	0	0	7.9954	14508	7.4373e+05	0	0	0	0	0	1.2815e+06	3.4251e+05	0.19162	0.051212	10.467	2.0389	9.1879
2465.6	3.3644	-0.59321	22.243	42.627	247.54	20.524	30826	0	0	0	8.4749	14886	7.4758e+05	0	0	0	0	0	1.3571e+06	3.6502e+05	0.19776	0.05319	10.44	2.0567	9.4139
2480.1	3.3333	-0.36954	22.124	42.218	247.97	20.689	30826	0	0	0	8.6342	15495	7.4832e+05	0	0	0	0	0	1.3818e+06	3.6862e+05	0.19344	0.051603	10.367	2.2029	9.2408
2502.1	3.2883	-0.18083	21.949	41.892	248.61	20.933	30826	0	0	0	8.0136	15804	7.3495e+05	0	0	0	0	0	1.2831e+06	3.3525e+05	0.17612	0.046016	10.245	2.4687	8.5523
2530.5	3.2329	-0.12077	21.737	41.658	249.43	21.24	30826	0	0	0	7.9819	15801	7.0975e+05	0	0	0	0	0	1.2782e+06	3.3162e+05	0.17548	0.045525	10.085	2.6756	8.5009
2563.7	3.1685	-0.11446	21.5	41.454	250.38	21.59	30826	0	0	0	7.8304	15632	6.774e+05	0	0	0	0	0	1.2547e+06	3.2246e+05	0.17411	0.044746	9.8954	2.7817	8.3793
2600.3	3.0997	-0.22143	21.253	41.132	251.41	21.963	30826	0	0	0	7.8573	15678	6.4853e+05	0	0	0	0	0	1.2603e+06	3.2108e+05	0.17439	0.044425	9.6977	2.9903	8.2907
2638.2	3.0281	-0.28894	21.038	40.586	252.46	22.338	30826	0	0	0	8.1095	16201	6.2844e+05	0	0	0	0	0	1.3018e+06	3.2871e+05	0.1743	0.044011	9.5023	3.5252	8.1921
2675.7	2.954	-0.14107	20.932	40.131	253.47	22.696	30826	0	0	0	8.558	16482	6.0247e+05	0	0	0	0	0	1.373e+06	3.4535e+05	0.1807	0.045451	9.2933	4.5965	8.3314
2710.8	2.8831	-0.0012086	20.957	40.035	254.4	23.024	30826	0	0	0	8.2521	15923	5.634e+05	0	0	0	0	0	1.3238e+06	3.2975e+05	0.18035	0.044923	9.0751	5.6109	8.2148
2741.8	2.8224	-0.04746	21.022	40.001	255.2	23.307	30826	0	0	0	8.3803	15335	5.2929e+05	0	0	0	0	0	1.3447e+06	3.3494e+05	0.19021	0.047377	8.8856	5.4088	8.4836
2767.1	2.7724	-0.067145	21.033	39.943	255.84	23.534	30826	0	0	0	7.9615	14925	5.0339e+05	0	0	0	0	0	1.2784e+06	3.1526e+05	0.1858	0.04582	8.7311	4.27	8.2528
2785.5	2.7412	-0.4353	20.965	39.759	256.31	23.696	30826	0	0	0	6.9724	14992	4.9296e+05	0	0	0	0	0	1.1227e+06	2.7413e+05	0.16243	0.039663	8.6418	3.3658	7.3618
2796.1	2.7243	-0.67773	20.908	39.465	256.57	23.788	30826	0	0	0	7.8995	15465	4.9437e+05	0	0	0	0	0	1.2729e+06	3.1071e+05	0.17854	0.043581	8.6027	3.0895	7.9354
2798.6	2.7198	-0.68862	20.897	39.386	256.63	23.81	30826	0	0	0	8.2526	15596	4.9477e+05	0	0	0	0	0	1.3294e+06	3.257e+05	0.18491	0.045301	8.5923	3.0701	8.1581
2804.9	2.7079	-0.6798	20.869	39.18	256.79	23.865	30826	0	0	0	8.6571	15940	4.9573e+05	0	0	0	0	0	1.394e+06	3.4252e+05	0.18971	0.046611	8.5647	3.0604	8.3152
2819.4	2.6795	-0.57807	20.811	38.751	257.15	23.989	30826	0	0	0	8.7115	16637	4.956e+05	0	0	0	0	0	1.4028e+06	3.417e+05	0.1829	0.044552	8.4952	3.0516	8.0446
2841.4	2.6379	-0.55829	20.72	38.182	257.68	24.175	30826	0	0	0	8.4392	17559	4.9308e+05	0	0	0	0	0	1.3593e+06	3.2945e+05	0.16793	0.0407	8.3904	3.0262	7.4605
2869.8	2.5827	-0.41626	20.603	37.514	258.36	24.408	30826	0	0	0	9.0853	18618	4.862e+05	0	0	0	0	0	1.4625e+06	3.5295e+05	0.1704	0.041124	8.2464	2.7119	7.4913
2903	2.5135	-0.0027671	20.421	37.214	259.14	24.674	30826	0	0	0	8.9929	18455	4.5785e+05	0	0	0	0	0	1.4456e+06	3.4671e+05	0.16992	0.040753	8.0392	1.7882	7.3928
2939.6	2.4408	-0.0010185	20.079	37.293	259.98	24.954	30826	0	0	0	8.3601	17194	4.161e+05	0	0	0	0	0	1.3444e+06	3.2024e+05	0.16962	0.040402	7.8029	0.62288	7.2927
2977.5	2.3702	-0.35801	19.605	37.009	260.82	25.231	30826	0	0	0	8.3673	16929	3.8878e+05	0	0	0	0	0	1.3482e+06	3.1923e+05	0.17275	0.040904	7.5896	0.036508	7.3205
3015	2.2992	-0.43861	19.127	36.343	261.64	25.49	30826	0	0	0	8.9595	17637	3.7285e+05	0	0	0	0	0	1.4442e+06	3.4015e+05	0.17763	0.041836	7.3908	0.38663	7.4116
3050.1	2.2294	-0.23429	18.774	35.87	262.39	25.721	30826	0	0	0	9.0294	17836	3.5197e+05	0	0	0	0	0	1.4547e+06	3.407e+05	0.17692	0.041436	7.1862	1.1768	7.3135
3081.1	2.1677	-0.14872	18.544	35.655	263.03	25.916	30826	0	0	0	8.9731	17430	3.2849e+05	0	0	0	0	0	1.4455e+06	3.3686e+05	0.17989	0.041923	6.9961	1.5164	7.3431
3106.4	2.1187	-0.24906	18.372	35.496	263.54	26.07	30826	0	0	0	8.3239	17068	3.102e+05	0	0	0	0	0	1.3419e+06	3.1149e+05	0.17054	0.039588	6.8446	1.5201	6.9889
3124.8	2.088	-0.81742	18.236	35.17	263.91	26.178	30826	0	0	0	7.4071	17438	3.0429e+05	0	0	0	0	0	1.1963e+06	2.8404e+05	0.14882	0.035334	6.7583	1.4741	6.2512
3135.3	2.0711	-1.1462	18.158	34.781	264.11	26.24	30826	0	0	0	8.6243	18231	3.0601e+05	0	0	0	0	0	1.3952e+06	3.2471e+05	0.166	0.038634	6.7191	1.4391	6.7997
3137.8	2.0666	-1.1421	18.141	34.678	264.16	26.254	30826	0	0	0	9.118	18444	3.0641e+05	0	0	0	0	0	1.4751e+06	3.4112e+05	0.17348	0.04012	6.7084	1.4357	7.0388
3144.2	2.0545	-1.059	18.102	34.426	264.29	26.29	30826	0	0	0	9.7053	18964	3.0696e+05	0	0	0	0	0	1.5692e+06	3.6268e+05	0.17949	0.041486	6.679	1.4552	7.2203
3158.7	2.0247	-0.71415	18.021	33.969	264.57	26.372	30826	0	0	0	9.7329	19791	3.0436e+05	0	0	0	0	0	1.5717e+06	3.6287e+05	0.17227	0.039772	6.6003	1.5843	6.9646
3180.7	1.9809	-0.52746	17.914	33.517	264.99	26.494	30826	0	0	0	9.0802	20350	2.9507e+05	0	0	0	0	0	1.4645e+06	3.4339e+05	0.15611	0.036603	6.4748	1.798	6.4068
3209	1.9243	-0.42238	17.809	33.045	265.51	26.646	30826	0	0	0	9.3603	20704	2.8048e+05	0	0	0	0	0	1.5093e+06	3.5229e+05	0.15813	0.03691	6.308	1.9829	6.4239
3242.3	1.8567	-0.25868	17.725	32.69	266.11	26.818	30826	0	0	0	9.1362	20398	2.5871e+05	0	0	0	0	0	1.4723e+06	3.4341e+05	0.15657	0.03652	6.0994	2.0673	6.3172
3278.8	1.7843	-0.38206	17.65	32.338	266.75	26.998	30826	0	0	0	9.0832	19935	2.3573e+05	0	0	0	0	0	1.4647e+06	3.4047e+05	0.15938	0.037047	5.8741	2.0369	6.2756
3316.8	1.7096	-0.49646	17.585	31.816	267.38	27.178	30826	0	0	0	9.1796	19882	2.1566e+05	0	0	0	0	0	1.481e+06	3.4404e+05	0.16157	0.037535	5.6422	1.9228	6.1669
3354.3	1.6346	-0.43514	17.524	31.287	267.98	27.347	30826	0	0	0	9.4663	19719	1.9591e+05	0	0	0	0	0	1.5271e+06	3.529e+05	0.168	0.038822	5.401	1.7538	6.1763
3389.4	1.5632	-0.33054	17.456	30.928	268.52	27.498	30826	0	0	0	9.2581	19062	1.7576e+05	0	0	0	0	0	1.493e+06	3.4497e+05	0.1699	0.039257	5.1691	1.5285	6.0782
3420.4	1.5018	-0.50202	17.362	30.596	268.98	27.625	30826	0	0	0	9.2559	18521	1.5959e+05	0	0	0	0	0	1.4939e+06	3.4388e+05	0.17496	0.040275	4.9697	1.2436	6.0833
3445.7	1.4532	-0.84437	17.251	30.189	269.34	27.725	30826	0	0	0	8.4496	18468	1.4895e+05	0	0	0	0	0	1.3635e+06	3.2626e+05	0.16016	0.038321	4.813	0.98842	5.6374
3464.1	1.4231	-2.1083	17.136	29.561	269.6	27.795	30826	0	0	0	7.0328	19525	1.4673e+05	0	0	0	0	0	1.1358e+06	3.0762e+05	0.12618	0.034175	4.7199	0.82781	4.7721
3474.6	1.4074	-2.947	17.065	28.887	269.74	27.834	30826	0	0	0	8.2992	21213	1.4951e+05	0	0	0	0	0	1.346e+06	3.4741e+05	0.13763	0.035525	4.675	0.7761	5.0402
3477.1	1.4034	-3.0116	17.049	28.706	269.78	27.843	30826	0	0	0	9.1469	21692	1.503e+05	0	0	0	0	0	1.4845e+06	3.7005e+05	0.14845	0.037005	4.6633	0.77086	5.2901
3481	1.3966	-2.9969	17.027	28.424	269.83	27.857	30826	0	0	0	9.9005	22451	1.514e+05	0	0	0	0	0	1.6068e+06	3.9284e+05	0.15525	0.037956	4.6438	0.77034	5.4411
3489.8	1.3785	-2.5067	16.983	27.823	269.95	27.89	30826	0	0	0	11.234	24030	1.525e+05	0	0	0	0	0	1.8204e+06	4.3503e+05	0.16433	0.039271	4.5898	0.77871	5.6276
3503.5	1.3478	-1.7228	16.921	27.152	270.13	27.938	30826	0	0	0	10.248	25521	1.5007e+05	0	0	0	0	0	1.6511e+06	4.2647e+05	0.14034	0.036248	4.4943	0.80474	5.0372
3521.5	1.3066	-1.4578	16.837	26.501	270.36	28	30826	0	0	0	9.8309	26571	1.4368e+05	0	0	0	0	0	1.5769e+06	4.3315e+05	0.12874	0.035362	4.3633	0.8332	4.7157
3543.3	1.2537	-1.1472	16.747	25.865	270.63	28.072	30826	0	0	0	9.837	27045	1.3318e+05	0	0	0	0	0	1.5732e+06	4.4335e+05	0.12618	0.03556	4.1925	0.83294	4.6037
3568.3	1.193	-1.3069	16.643	25.25	270.93	28.151	30826	0	0	0	9.2388	26996	1.2019e+05	0	0	0	0	0	1.4729e+06	4.4081e+05	0.11835	0.035421	3.9951	0.77051	4.3679
3595.6	1.1237	-1.948	16.517	24.349	271.24	28.232	30826	0	0	0	9.3696	27632	1.0755e+05	0	0	0	0	0	1.4813e+06	5.0763e+05	0.11629	0.03985	3.7705	0.6277	4.0855
3624.5	1.0383	-2.3461	16.361	23.166	271.54	28.311	30826	0	0	0	9.7932	28490	92867	0	0	0	0	0	1.5291e+06	5.9821e+05	0.11643	0.045546	3.4932	0.39072	3.8106
3654	0.93693	-2.694	16.147	21.892	271.83	28.384	30826	0	0	0	9.8596	28462	75201	0	0	0	0	0	1.5131e+06	6.8262e+05	0.11532	0.052025	3.1615	0.064506	3.4889
3683.4	0.82495	-3.3708	15.841	20.537	272.08	28.448	30826	0	0	0	9.9815	27459	56900	0	0	0	0	0	1.5136e+06	7.5291e+05	0.11957	0.059477	2.7923	-0.32253	3.2802
3711.6	0.71046	-3.8504	15.415	19.158	272.29	28.501	30826	0	0	0	10.3	25374	40266	0	0	0	0	0	1.5577e+06	7.9721e+05	0.13316	0.068152	2.4078	-0.72244	3.2526
3737.8	0.60161	-3.8829	14.847	17.99	272.46	28.541	30826	0	0	0	10.49	21874	26586	0	0	0	0	0	1.5965e+06	7.873e+05	0.15832	0.078073	2.0389	-1.0695	3.431
3761.3	0.51057	-3.5137	14.162	17.138	272.59	28.57	30826	0	0	0	10.456	18018	17236	0	0	0	0	0	1.6196e+06	7.0339e+05	0.19499	0.084683	1.7303	-1.2935	3.5413
3781.3	0.44293	-3.3674	13.454	16.581	272.68	28.59	30826	0	0	0	9.9752	14805	11675	0	0	0	0	0	1.5654e+06	6.1353e+05	0.22936	0.089893	1.5011	-1.3682	3.6816
3797.2	0.39773	-4.3696	12.853	16.143	272.75	28.604	30826	0	0	0	9.3212	12792	8703.8	0	0	0	0	0	1.4808e+06	5.493e+05	0.25109	0.093145	1.3479	-1.3423	3.7477
3808.5	0.3704	-5.0729	12.403	15.778	272.79	28.612	30826	0	0	0	10.16	11751	7209.3	0	0	0	0	0	1.6318e+06	5.3917e+05	0.30124	0.099531	1.2553	-1.296	4.2475
3814.9	0.35424	-3.8958	12.106	15.588	272.82	28.617	30826	0	0	0	12.32	11076	6387.5	0	0	0	0	0	1.983e+06	5.7146e+05	0.38836	0.11192	1.2005	-1.2676	5.2191
3816.4	0.34991	-3.2288	12.027	15.555	272.82	28.618	30826	0	0	0	12.293	10862	6168.2	0	0	0	0	0	1.9755e+06	5.6517e+05	0.3945	0.11286	1.1858	-1.2659	5.2655
