time	v	gamma	zeta	alt	lon	lat	mFuel	PlaceHolder	Thrust	PlaceHolder	Accel	q	heating_rate	PlaceHolder	PlaceHolder	PlaceHolder	PlaceHolder	PlaceHolder	L	D	M	eta	Alpha	
s	km/s	deg	deg	km	deg	deg	kg	-	N	-	m/s^2	pa	W/m^2	-	-	-	-	-	N	N	Mach	deg	deg																										
0	0.06	87	79.911	0.55	150.81	-22.533	1.37e+06	0	2.3131e+07	0	3.6638	2090.9	72.856	0	0	0	0	0	1.0308e+05	88289	0.52866	0.45282	0.17742	-0.11508	0.0002776
0.81906	0.06302	86.626	80.054	0.6003	150.81	-22.533	1.365e+06	0	2.3145e+07	0	3.7105	2295.4	84.42	0	0	0	0	0	1.1314e+05	96911	0.52857	0.45276	0.18646	-0.119	1.1231e-05
2.6239	0.069811	85.709	80.314	0.71987	150.81	-22.533	1.3541e+06	0	2.3179e+07	0	3.8172	2784.1	114.68	0	0	0	0	0	1.3728e+05	1.1761e+05	0.52877	0.45302	0.20683	-0.13607	8.6346e-06
5.1334	0.079584	84.223	80.585	0.90652	150.81	-22.532	1.3388e+06	0	2.3231e+07	0	3.9763	3552.8	169.46	0	0	0	0	0	1.7538e+05	1.5058e+05	0.52936	0.4545	0.2363	-0.16348	8.5633e-06
7.9654	0.091115	82.252	80.81	1.1464	150.81	-22.532	1.3217e+06	0	2.3296e+07	0	4.1747	4548.4	253.04	0	0	0	0	0	2.2482e+05	1.9352e+05	0.53006	0.45627	0.27128	-0.18283	1.0456e-05
10.688	0.10276	80.069	80.972	1.4071	150.81	-22.532	1.3051e+06	0	2.3366e+07	0	4.3888	5638.3	360.51	0	0	0	0	0	2.7907e+05	2.4084e+05	0.53078	0.45806	0.30689	-0.17971	1.4317e-05
12.888	0.11262	78.111	81.078	1.6396	150.81	-22.531	1.2918e+06	0	2.3428e+07	0	4.5817	6616.9	471.19	0	0	0	0	0	3.2788e+05	2.8358e+05	0.53139	0.45959	0.33723	-0.16855	2.2962e-05
14.231	0.11884	76.836	81.133	1.7912	150.81	-22.531	1.2836e+06	0	2.3467e+07	0	4.7092	7258.2	551.08	0	0	0	0	0	3.5996e+05	3.1173e+05	0.53184	0.46057	0.35652	-0.1638	0.00014355
14.558	0.12039	76.516	81.146	1.8293	150.81	-22.531	1.2816e+06	0	2.3477e+07	0	4.7416	7419.8	572.12	0	0	0	0	0	3.7935e+05	3.1915e+05	0.54827	0.46127	0.36131	-0.16391	0.031602
14.995	0.12247	76.084	81.163	1.8809	150.81	-22.531	1.279e+06	0	2.349e+07	0	4.7853	7638.8	601.25	0	0	0	0	0	3.7908e+05	3.2848e+05	0.53218	0.46114	0.36778	-0.16533	0.00036039
15.989	0.12727	75.08	81.198	2.0011	150.81	-22.531	1.273e+06	0	2.3521e+07	0	4.8884	8150.4	671.99	0	0	0	0	0	4.0457e+05	3.5105e+05	0.53231	0.46189	0.38274	-0.17262	3.8794e-05
17.455	0.13454	73.547	81.247	2.1859	150.81	-22.53	1.2641e+06	0	2.3568e+07	0	5.0487	8940.7	788.76	0	0	0	0	0	4.4425e+05	3.8637e+05	0.53285	0.46343	0.4055	-0.18941	3.6897e-05
19.275	0.14391	71.566	81.301	2.4275	150.81	-22.53	1.253e+06	0	2.3628e+07	0	5.2616	9981.5	956.69	0	0	0	0	0	4.9694e+05	4.3466e+05	0.5339	0.46699	0.43497	-0.21259	3.4135e-05
21.302	0.15481	69.272	81.354	2.7126	150.81	-22.529	1.2407e+06	0	2.3698e+07	0	5.5179	11220	1178	0	0	0	0	0	5.5988e+05	4.9295e+05	0.53513	0.47116	0.46952	-0.2328	4.1384e-05
23.371	0.16648	66.849	81.402	3.0207	150.81	-22.528	1.2281e+06	0	2.3771e+07	0	5.8007	12572	1447.5	0	0	0	0	0	6.2893e+05	5.5766e+05	0.53646	0.47567	0.50681	-0.24222	4.7125e-05
25.314	0.178	64.517	81.443	3.3256	150.81	-22.526	1.2164e+06	0	2.3842e+07	0	6.0854	13926	1747.3	0	0	0	0	0	6.9839e+05	6.2351e+05	0.53781	0.48015	0.54388	-0.24293	0.00011395
26.974	0.18829	62.493	81.475	3.5977	150.81	-22.525	1.2063e+06	0	2.3904e+07	0	6.3426	15146	2044.7	0	0	0	0	0	7.6124e+05	6.8386e+05	0.53897	0.48418	0.57722	-0.23961	6.4329e-05
28.217	0.19627	60.964	81.497	3.8081	150.81	-22.524	1.1987e+06	0	2.395e+07	0	6.5423	16099	2295.3	0	0	0	0	0	8.1291e+05	7.3307e+05	0.5415	0.48832	0.60325	-0.23776	0.0029695
28.942	0.20104	60.073	81.51	3.9335	150.81	-22.523	1.1943e+06	0	2.3978e+07	0	6.6602	16670	2453.4	0	0	0	0	0	9.1818e+05	7.7117e+05	0.59068	0.49611	0.61887	-0.23847	0.093841
29.116	0.20219	59.862	81.513	3.9638	150.81	-22.523	1.1933e+06	0	2.3985e+07	0	6.6882	16808	2492.6	0	0	0	0	0	9.3409e+05	7.8022e+05	0.59598	0.49781	0.62266	-0.23928	0.10336
29.643	0.20573	59.216	81.521	4.0566	150.81	-22.523	1.1901e+06	0	2.4005e+07	0	6.771	17231	2615.2	0	0	0	0	0	9.061e+05	8.0606e+05	0.56391	0.50165	0.63428	-0.24358	0.041829
30.835	0.21388	57.746	81.54	4.2696	150.81	-22.522	1.1828e+06	0	2.405e+07	0	6.9661	18208	2911.1	0	0	0	0	0	9.5616e+05	8.7037e+05	0.56315	0.51262	0.66116	-0.26426	0.037509
32.568	0.22615	55.673	81.566	4.5883	150.81	-22.52	1.1723e+06	0	2.4117e+07	0	7.2749	19676	3392.8	0	0	0	0	0	1.4643e+06	9.8352e+05	0.79807	0.53604	0.70187	-0.30654	0.46928
34.675	0.24166	53.397	81.593	4.9893	150.81	-22.517	1.1595e+06	0	2.4199e+07	0	7.6834	21519	4065.2	0	0	0	0	0	2.3892e+06	1.1455e+06	1.1906	0.57085	0.75384	-0.35625	1.1837
36.948	0.25907	51.318	81.618	5.4396	150.81	-22.514	1.1457e+06	0	2.4288e+07	0	8.1227	23548	4904.1	0	0	0	0	0	3.4386e+06	1.3741e+06	1.5659	0.62578	0.8128	-0.38159	1.832
39.165	0.27654	49.529	81.639	5.8971	150.81	-22.511	1.1323e+06	0	2.4375e+07	0	8.3483	25515	5835.9	0	0	0	0	0	3.5909e+06	1.6668e+06	1.5092	0.70054	0.87278	-0.36823	1.6122
41.11	0.29225	47.916	81.658	6.3125	150.81	-22.508	1.1205e+06	0	2.4451e+07	0	8.4729	27207	6748.7	0	0	0	0	0	3.2313e+06	1.9071e+06	1.2736	0.75171	0.92737	-0.33963	1.1079
42.591	0.30446	46.669	81.672	6.6371	150.81	-22.505	1.1115e+06	0	2.4508e+07	0	8.6191	28470	7508	0	0	0	0	0	3.3355e+06	2.1292e+06	1.2564	0.80201	0.97027	-0.31665	1.0126
43.464	0.31174	45.96	81.68	6.8317	150.81	-22.503	1.1062e+06	0	2.4542e+07	0	8.7176	29198	7980.5	0	0	0	0	0	3.5267e+06	2.2768e+06	1.2953	0.83624	0.99604	-0.3098	1.039
43.673	0.3135	45.793	81.682	6.8787	150.81	-22.503	1.1049e+06	0	2.455e+07	0	8.7413	29370	8096.9	0	0	0	0	0	3.5723e+06	2.3121e+06	1.3043	0.84419	1.0023	-0.31005	1.0446
44.111	0.31717	45.449	81.686	6.9773	150.81	-22.502	1.1022e+06	0	2.4567e+07	0	8.7842	29727	8342.8	0	0	0	0	0	3.6088e+06	2.3777e+06	1.3018	0.85773	1.0154	-0.312	1.021
45.104	0.32557	44.681	81.695	7.2033	150.82	-22.5	1.0962e+06	0	2.4604e+07	0	8.8868	30525	8919.6	0	0	0	0	0	3.7466e+06	2.5353e+06	1.3162	0.8907	1.0454	-0.32126	1.0005
46.571	0.3381	43.596	81.708	7.5421	150.82	-22.497	1.0873e+06	0	2.466e+07	0	9.0392	31659	9814.8	0	0	0	0	0	4.005e+06	2.7809e+06	1.3566	0.94195	1.0906	-0.33985	1.0003
48.391	0.35384	42.329	81.722	7.9712	150.82	-22.493	1.0763e+06	0	2.4728e+07	0	9.2177	32987	10998	0	0	0	0	0	4.3268e+06	3.0977e+06	1.4066	1.0071	1.1481	-0.36111	0.99826
50.418	0.37158	41.021	81.737	8.4597	150.82	-22.488	1.064e+06	0	2.4802e+07	0	9.4423	34343	12406	0	0	0	0	0	4.6415e+06	3.3892e+06	1.4494	1.0583	1.2139	-0.36854	0.99852
52.486	0.39022	39.762	81.751	8.9701	150.82	-22.483	1.0514e+06	0	2.4876e+07	0	9.8131	35633	13970	0	0	0	0	0	4.7463e+06	3.3892e+06	1.4284	1.02	1.2839	-0.35206	0.99564
54.429	0.40844	38.622	81.765	9.4603	150.82	-22.477	1.0396e+06	0	2.4944e+07	0	10.173	36787	15587	0	0	0	0	0	4.8375e+06	3.3694e+06	1.4102	0.98221	1.3533	-0.32297	0.99664
56.09	0.42454	37.686	81.776	9.8874	150.82	-22.472	1.0295e+06	0	2.5001e+07	0	10.482	37713	17083	0	0	0	0	0	4.906e+06	3.3449e+06	1.395	0.95115	1.4153	-0.29314	0.99882
57.333	0.43692	37.004	81.785	10.212	150.82	-22.469	1.022e+06	0	2.5042e+07	0	10.702	38367	18276	0	0	0	0	0	4.9469e+06	3.3389e+06	1.3827	0.93326	1.4635	-0.27371	0.99833
58.058	0.44426	36.615	81.79	10.404	150.82	-22.466	1.0176e+06	0	2.5066e+07	0	10.835	38728	19000	0	0	0	0	0	4.9809e+06	3.333e+06	1.3792	0.9229	1.4923	-0.26796	1.0042
58.231	0.44603	36.522	81.791	10.45	150.82	-22.466	1.0165e+06	0	2.5072e+07	0	10.867	38813	19177	0	0	0	0	0	4.9928e+06	3.3316e+06	1.3795	0.9205	1.4993	-0.26828	1.0074
58.881	0.45271	36.178	81.796	10.623	150.82	-22.464	1.0126e+06	0	2.5093e+07	0	10.975	39123	19849	0	0	0	0	0	4.9585e+06	3.319e+06	1.3592	0.90976	1.5256	-0.27028	0.98549
60.333	0.46792	35.417	81.806	11.013	150.82	-22.459	1.0038e+06	0	2.514e+07	0	11.237	39762	21413	0	0	0	0	0	4.9575e+06	3.2888e+06	1.337	0.88699	1.5859	-0.27709	0.97393
62.407	0.49036	34.355	81.82	11.582	150.82	-22.452	9.9116e+05	0	2.5218e+07	0	11.608	39919	23618	0	0	0	0	0	4.7716e+06	3.2033e+06	1.2818	0.86055	1.6619	-0.28239	0.9129
64.852	0.51805	32.995	81.837	12.265	150.82	-22.442	9.7632e+05	0	2.5304e+07	0	11.919	40000	26460	0	0	0	0	0	3.5097e+06	3.0321e+06	0.94094	0.81288	1.7557	-0.26878	0.37949
67.375	0.54814	31.377	81.856	12.982	150.83	-22.432	9.61e+05	0	2.5384e+07	0	12.402	40000	29706	0	0	0	0	0	2.6143e+06	2.8687e+06	0.7009	0.76909	1.8577	-0.2341	3.5633e-05
69.669	0.57682	29.943	81.873	13.639	150.83	-22.423	9.4707e+05	0	2.545e+07	0	12.997	39931	32951	0	0	0	0	0	3.293e+06	2.7997e+06	0.88437	0.75189	1.9548	-0.19852	0.33823
71.46	0.59995	28.98	81.886	14.157	150.83	-22.414	9.362e+05	0	2.5497e+07	0	13.5	39811	35664	0	0	0	0	0	4.152e+06	2.7655e+06	1.1184	0.74495	2.0333	-0.17316	0.77047
72.53	0.61409	28.468	81.893	14.469	150.83	-22.409	9.297e+05	0	2.5524e+07	0	13.781	39706	37359	0	0	0	0	0	4.5237e+06	2.7395e+06	1.2218	0.7399	2.0812	-0.16465	0.96999
72.789	0.61754	28.35	81.895	14.545	150.83	-22.408	9.2813e+05	0	2.553e+07	0	13.836	39676	37777	0	0	0	0	0	4.5293e+06	2.7279e+06	1.2242	0.73732	2.0929	-0.1644	0.97877
73.317	0.62463	28.108	81.898	14.7	150.83	-22.405	9.2492e+05	0	2.5543e+07	0	13.939	39611	38639	0	0	0	0	0	4.4819e+06	2.7005e+06	1.2134	0.7311	2.1169	-0.16473	0.96868
74.508	0.64084	27.566	81.906	15.052	150.83	-22.4	9.1769e+05	0	2.5571e+07	0	14.179	39443	40636	0	0	0	0	0	4.4133e+06	2.6391e+06	1.1999	0.71752	2.1718	-0.16583	0.96555
76.242	0.66498	26.789	81.918	15.569	150.83	-22.391	9.0716e+05	0	2.5608e+07	0	14.531	39146	43671	0	0	0	0	0	4.3182e+06	2.5507e+06	1.1829	0.69876	2.2536	-0.16715	0.96623
78.348	0.69519	25.863	81.932	16.204	150.83	-22.379	8.9437e+05	0	2.5651e+07	0	14.963	38707	47566	0	0	0	0	0	4.2036e+06	2.441e+06	1.1646	0.67629	2.356	-0.16354	0.97241
80.622	0.72887	24.886	81.947	16.898	150.84	-22.366	8.8057e+05	0	2.5693e+07	0	15.428	38141	52026	0	0	0	0	0	4.0825e+06	2.3285e+06	1.1479	0.65468	2.4702	-0.14799	0.98829
82.839	0.76279	23.955	81.961	17.581	150.84	-22.353	8.671e+05	0	2.573e+07	0	15.88	37506	56634	0	0	0	0	0	3.9401e+06	2.2197e+06	1.1266	0.63467	2.5851	-0.12511	0.99762
84.783	0.79342	23.154	81.974	18.185	150.84	-22.341	8.553e+05	0	2.5759e+07	0	16.272	36889	60886	0	0	0	0	0	3.797e+06	2.1309e+06	1.1038	0.61947	2.6889	-0.10453	0.9958
86.264	0.81729	22.552	81.984	18.649	150.84	-22.331	8.463e+05	0	2.578e+07	0	16.574	36385	64257	0	0	0	0	0	3.7009e+06	2.0641e+06	1.0908	0.60836	2.7698	-0.090727	1.0033
87.137	0.83158	22.201	81.989	18.923	150.84	-22.325	8.41e+05	0	2.5791e+07	0	16.755	36076	66299	0	0	0	0	0	3.6695e+06	2.0272e+06	1.0908	0.60259	2.8182	-0.086578	1.0231
87.347	0.83504	22.118	81.991	18.988	150.84	-22.323	8.3973e+05	0	2.5794e+07	0	16.798	36001	66795	0	0	0	0	0	3.6562e+06	2.0179e+06	1.0891	0.60109	2.83	-0.086462	1.0242
87.997	0.84581	21.86	81.995	19.193	150.84	-22.319	8.3578e+05	0	2.5802e+07	0	16.929	35764	68347	0	0	0	0	0	3.5801e+06	1.9858e+06	1.0735	0.59544	2.8665	-0.086008	1.0069
89.449	0.87022	21.286	82.004	19.651	150.84	-22.309	8.2697e+05	0	2.582e+07	0	17.227	35220	71899	0	0	0	0	0	3.4588e+06	1.9182e+06	1.0531	0.58407	2.9492	-0.083227	0.9975
91.522	0.90588	20.477	82.017	20.307	150.85	-22.293	8.1437e+05	0	2.5843e+07	0	17.66	34366	77118	0	0	0	0	0	3.3084e+06	1.8235e+06	1.0324	0.56901	3.0679	-0.077188	0.99901
93.968	0.94916	19.544	82.033	21.083	150.85	-22.274	7.9952e+05	0	2.5868e+07	0	18.178	33277	83503	0	0	0	0	0	3.1734e+06	1.7161e+06	1.0227	0.55304	3.2087	-0.065811	1.0312
96.49	0.99513	18.627	82.048	21.884	150.85	-22.254	7.8421e+05	0	2.5891e+07	0	18.733	32147	90430	0	0	0	0	0	3.3963e+06	1.6414e+06	1.133	0.54756	3.358	-0.050052	1.344
98.785	1.0381	17.876	82.062	22.615	150.86	-22.234	7.7027e+05	0	2.5909e+07	0	19.25	31109	97005	0	0	0	0	0	3.8382e+06	1.5985e+06	1.3231	0.55102	3.497	-0.035511	1.8552
100.58	1.0723	17.335	82.073	23.186	150.86	-22.218	7.594e+05	0	2.5921e+07	0	19.624	30292	1.0231e+05	0	0	0	0	0	3.8161e+06	1.5323e+06	1.351	0.54246	3.6076	-0.026298	1.9946
101.65	1.0931	17.015	82.08	23.528	150.86	-22.208	7.529e+05	0	2.5928e+07	0	19.841	29803	1.0555e+05	0	0	0	0	0	3.7238e+06	1.4872e+06	1.3399	0.53513	3.6748	-0.023457	2.0114
101.9	1.0982	16.938	82.081	23.611	150.86	-22.206	7.5133e+05	0	2.593e+07	0	19.894	29685	1.0635e+05	0	0	0	0	0	3.6964e+06	1.4758e+06	1.3354	0.53313	3.6911	-0.023302	2.0111
102.55	1.1109	16.745	82.085	23.819	150.86	-22.2	7.4738e+05	0	2.5934e+07	0	20.026	29389	1.0836e+05	0	0	0	0	0	3.6344e+06	1.448e+06	1.3262	0.52838	3.7323	-0.022541	2.0159
104.01	1.1398	16.316	82.094	24.284	150.86	-22.186	7.3857e+05	0	2.5943e+07	0	20.324	28729	1.1292e+05	0	0	0	0	0	3.4728e+06	1.3838e+06	1.2963	0.51654	3.8254	-0.018359	2.0029
106.08	1.1819	15.707	82.106	24.948	150.87	-22.166	7.2597e+05	0	2.5954e+07	0	20.756	27797	1.1965e+05	0	0	0	0	0	3.2884e+06	1.3003e+06	1.2686	0.50166	3.9607	-0.010726	2.0169
108.53	1.2328	14.992	82.121	25.729	150.87	-22.14	7.1112e+05	0	2.5966e+07	0	21.231	26719	1.2788e+05	0	0	0	0	0	2.9466e+06	1.2334e+06	1.1827	0.49504	4.1237	-0.0014223	2.0272
111.05	1.2865	14.252	82.136	26.531	150.87	-22.113	6.9581e+05	0	2.5976e+07	0	21.723	25640	1.3673e+05	0	0	0	0	0	2.6904e+06	1.1906e+06	1.1252	0.49799	4.2958	0.0068107	2.1865
113.34	1.3365	13.602	82.149	27.255	150.88	-22.087	6.8187e+05	0	2.5984e+07	0	22.181	24693	1.4509e+05	0	0	0	0	0	2.7516e+06	1.1844e+06	1.195	0.51439	4.4555	0.011837	2.7559
115.13	1.3763	13.114	82.159	27.816	150.88	-22.066	6.71e+05	0	2.599e+07	0	22.543	23978	1.5182e+05	0	0	0	0	0	2.5973e+06	1.1538e+06	1.1616	0.51604	4.5823	0.013488	2.9802
116.2	1.4004	12.821	82.165	28.149	150.88	-22.053	6.645e+05	0	2.5994e+07	0	22.762	23562	1.5595e+05	0	0	0	0	0	2.439e+06	1.1286e+06	1.1101	0.51365	4.6591	0.013584	3.0197
116.46	1.4062	12.75	82.167	28.23	150.88	-22.05	6.6293e+05	0	2.5994e+07	0	22.815	23463	1.5696e+05	0	0	0	0	0	2.396e+06	1.1219e+06	1.0951	0.51275	4.6777	0.01363	3.021
117.11	1.421	12.572	82.17	28.431	150.88	-22.042	6.5898e+05	0	2.5996e+07	0	22.951	23217	1.5952e+05	0	0	0	0	0	2.2843e+06	1.1044e+06	1.0551	0.5101	4.7248	0.014177	3.0167
118.56	1.4544	12.171	82.178	28.878	150.89	-22.024	6.5017e+05	0	2.6e+07	0	23.259	22682	1.6536e+05	0	0	0	0	0	2.0535e+06	1.0683e+06	0.97091	0.50511	4.8311	0.017117	3.0288
120.64	1.503	11.592	82.19	29.51	150.89	-21.997	6.3757e+05	0	2.6005e+07	0	23.71	21953	1.7401e+05	0	0	0	0	0	1.727e+06	1.0175e+06	0.84363	0.49704	4.9853	0.022215	3.0284
123.08	1.5615	10.914	82.203	30.241	150.9	-21.965	6.2272e+05	0	2.601e+07	0	24.254	21154	1.8473e+05	0	0	0	0	0	1.5975e+06	9.7911e+05	0.80983	0.49635	5.171	0.027225	3.035
125.61	1.6232	10.237	82.217	30.977	150.9	-21.93	6.0741e+05	0	2.6015e+07	0	24.824	20397	1.964e+05	0	0	0	0	0	1.4919e+06	9.4405e+05	0.78434	0.49633	5.3668	0.030065	3.0402
127.9	1.6807	9.6359	82.229	31.631	150.91	-21.897	5.9347e+05	0	2.6019e+07	0	25.35	19769	2.0765e+05	0	0	0	0	0	1.4012e+06	9.1474e+05	0.76008	0.49621	5.5489	0.03007	3.0426
129.69	1.7263	9.1818	82.239	32.13	150.91	-21.87	5.826e+05	0	2.6021e+07	0	25.756	19298	2.1675e+05	0	0	0	0	0	1.4262e+06	9.076e+05	0.79253	0.50434	5.6905	0.028969	3.2873
130.76	1.754	8.918	82.244	32.423	150.91	-21.854	5.761e+05	0	2.6023e+07	0	26.002	19003	2.2221e+05	0	0	0	0	0	1.4491e+06	9.0372e+05	0.81774	0.50999	5.7713	0.028434	3.4637
131.02	1.7607	8.8552	82.246	32.493	150.91	-21.85	5.7453e+05	0	2.6023e+07	0	26.062	18934	2.2355e+05	0	0	0	0	0	1.4453e+06	9.0135e+05	0.81857	0.5105	5.791	0.028407	3.4818
131.67	1.7777	8.6984	82.249	32.668	150.91	-21.84	5.7058e+05	0	2.6024e+07	0	26.214	18765	2.2696e+05	0	0	0	0	0	1.4416e+06	8.9644e+05	0.82387	0.51231	5.8405	0.029	3.5435
133.12	1.8159	8.3542	82.257	33.055	150.92	-21.817	5.6177e+05	0	2.6026e+07	0	26.555	18406	2.3481e+05	0	0	0	0	0	1.4401e+06	8.8708e+05	0.83904	0.51684	5.9522	0.032442	3.7018
135.2	1.8714	7.8783	82.267	33.595	150.92	-21.783	5.4917e+05	0	2.6028e+07	0	27.047	17940	2.4656e+05	0	0	0	0	0	1.4531e+06	8.7627e+05	0.86863	0.52381	6.1141	0.038029	3.9192
137.64	1.9381	7.339	82.28	34.211	150.93	-21.742	5.3432e+05	0	2.6031e+07	0	27.639	17456	2.6134e+05	0	0	0	0	0	1.4326e+06	8.5972e+05	0.88005	0.52815	6.3088	0.042606	4.0269
140.16	2.0085	6.8037	82.293	34.823	150.94	-21.699	5.1901e+05	0	2.6033e+07	0	28.263	17031	2.7771e+05	0	0	0	0	0	1.4028e+06	8.4424e+05	0.88331	0.5316	6.5142	0.04265	4.0951
142.46	2.0739	6.3415	82.304	35.359	150.94	-21.657	5.0507e+05	0	2.6034e+07	0	28.809	16703	2.9369e+05	0	0	0	0	0	1.5903e+06	8.7181e+05	1.021	0.55972	6.7049	0.037769	4.7774
144.25	2.1256	6.0121	82.313	35.764	150.95	-21.624	4.942e+05	0	2.6036e+07	0	29.2	16483	3.0688e+05	0	0	0	0	0	1.979e+06	9.4837e+05	1.2876	0.61702	6.8561	0.031753	5.9513
145.32	2.1569	5.8316	82.318	36	150.95	-21.604	4.877e+05	0	2.6036e+07	0	29.43	16363	3.1505e+05	0	0	0	0	0	2.1853e+06	9.988e+05	1.4322	0.65459	6.9473	0.030143	6.5303
145.58	2.1645	5.7894	82.32	36.057	150.95	-21.599	4.8613e+05	0	2.6036e+07	0	29.505	16335	3.1706e+05	0	0	0	0	0	2.1286e+06	9.8506e+05	1.3974	0.64667	6.9695	0.030613	6.405
145.58	2.1645	5.7894	82.32	36.057	150.95	-21.599	4.8613e+05	0	2.3198e+07	0	26.083	16335	3.1706e+05	0	0	0	0	0	2.1286e+06	9.8506e+05	1.3974	0.64667	6.9695	0.030613	6.405
145.9	2.1729	5.7363	82.321	36.127	150.95	-21.593	4.8439e+05	0	2.3199e+07	0	26.159	16285	3.1908e+05	0	0	0	0	0	2.0771e+06	9.7208e+05	1.3678	0.64011	6.9935	0.030241	6.2999
146.47	2.1878	5.6407	82.324	36.25	150.95	-21.582	4.8129e+05	0	2.3199e+07	0	26.302	16199	3.2274e+05	0	0	0	0	0	1.9432e+06	9.3851e+05	1.2864	0.6213	7.0365	0.028989	6.0031
146.96	2.2005	5.5586	82.326	36.354	150.95	-21.573	4.7867e+05	0	2.3199e+07	0	26.416	16129	3.2589e+05	0	0	0	0	0	1.8747e+06	9.2253e+05	1.2465	0.61338	7.0732	0.028122	5.8478
147.09	2.2041	5.5359	82.327	36.383	150.95	-21.57	4.7794e+05	0	2.3199e+07	0	26.446	16110	3.2677e+05	0	0	0	0	0	1.8623e+06	9.1953e+05	1.2397	0.61211	7.0834	0.027985	5.8224
147.3	2.2097	5.5001	82.328	36.428	150.95	-21.566	4.768e+05	0	2.3199e+07	0	26.494	16080	3.2817e+05	0	0	0	0	0	1.8473e+06	9.1582e+05	1.232	0.61076	7.0995	0.027877	5.7952
147.72	2.2207	5.4293	82.33	36.516	150.96	-21.558	4.7453e+05	0	2.32e+07	0	26.59	16024	3.3096e+05	0	0	0	0	0	1.8028e+06	9.0529e+05	1.2065	0.60588	7.1314	0.027491	5.6984
148.19	2.233	5.3506	82.332	36.613	150.96	-21.549	4.7202e+05	0	2.32e+07	0	26.697	15963	3.3411e+05	0	0	0	0	0	1.7595e+06	8.9498e+05	1.182	0.60125	7.1669	0.02706	5.6064
148.52	2.2419	5.2943	82.334	36.682	150.96	-21.542	4.7022e+05	0	2.32e+07	0	26.772	15921	3.3638e+05	0	0	0	0	0	1.7372e+06	8.8951e+05	1.1701	0.59916	7.1925	0.02683	5.5641
148.6	2.2442	5.2796	82.334	36.7	150.96	-21.54	4.6975e+05	0	2.32e+07	0	26.791	15910	3.3698e+05	0	0	0	0	0	1.7337e+06	8.8861e+05	1.1686	0.59895	7.1991	0.026812	5.5596
148.93	2.2528	5.2253	82.336	36.766	150.96	-21.534	4.6801e+05	0	2.32e+07	0	26.864	15871	3.3921e+05	0	0	0	0	0	1.7145e+06	8.8387e+05	1.1585	0.59722	7.2239	0.026756	5.5245
149.5	2.2682	5.1288	82.339	36.883	150.96	-21.522	4.6492e+05	0	2.32e+07	0	26.996	15804	3.4325e+05	0	0	0	0	0	1.6712e+06	8.7354e+05	1.134	0.59275	7.2683	0.026516	5.4347
149.98	2.2813	5.047	82.341	36.981	150.96	-21.513	4.6229e+05	0	2.3201e+07	0	27.106	15750	3.4673e+05	0	0	0	0	0	1.6489e+06	8.68e+05	1.1227	0.591	7.3061	0.026305	5.3983
150.12	2.2849	5.0245	82.342	37.008	150.96	-21.51	4.6157e+05	0	2.3201e+07	0	27.136	15736	3.477e+05	0	0	0	0	0	1.6444e+06	8.6684e+05	1.1207	0.59076	7.3166	0.026278	5.3929
150.44	2.2936	4.9707	82.343	37.072	150.96	-21.504	4.5983e+05	0	2.3201e+07	0	27.208	15702	3.5004e+05	0	0	0	0	0	1.6342e+06	8.6422e+05	1.1161	0.59024	7.3418	0.026296	5.3812
151.01	2.3092	4.8754	82.346	37.185	150.97	-21.492	4.5673e+05	0	2.3201e+07	0	27.337	15644	3.5428e+05	0	0	0	0	0	1.6179e+06	8.6002e+05	1.1091	0.58953	7.3868	0.026287	5.3645
151.5	2.3224	4.795	82.349	37.279	150.97	-21.482	4.541e+05	0	2.3201e+07	0	27.446	15598	3.5793e+05	0	0	0	0	0	1.6124e+06	8.5836e+05	1.1086	0.59013	7.4251	0.02622	5.3737
151.63	2.3261	4.7729	82.349	37.305	150.97	-21.479	4.5338e+05	0	2.3201e+07	0	27.476	15586	3.5895e+05	0	0	0	0	0	1.6108e+06	8.579e+05	1.1083	0.59027	7.4358	0.026217	5.3759
151.95	2.3349	4.7202	82.351	37.367	150.97	-21.473	4.5164e+05	0	2.3201e+07	0	27.548	15557	3.6142e+05	0	0	0	0	0	1.6078e+06	8.5699e+05	1.1083	0.59073	7.4613	0.026294	5.3832
152.52	2.3507	4.6269	82.354	37.477	150.97	-21.461	4.4854e+05	0	2.3202e+07	0	27.675	15509	3.6586e+05	0	0	0	0	0	1.6128e+06	8.5772e+05	1.1152	0.59308	7.5069	0.026463	5.4259
153.01	2.3641	4.5486	82.356	37.568	150.97	-21.451	4.4592e+05	0	2.3202e+07	0	27.782	15471	3.697e+05	0	0	0	0	0	1.6206e+06	8.5923e+05	1.1233	0.59559	7.5458	0.026504	5.4724
153.14	2.3678	4.5271	82.357	37.593	150.97	-21.448	4.4519e+05	0	2.3202e+07	0	27.812	15461	3.7077e+05	0	0	0	0	0	1.6213e+06	8.5934e+05	1.1246	0.59606	7.5566	0.026518	5.4808
153.36	2.3737	4.4933	82.358	37.633	150.97	-21.443	4.4405e+05	0	2.3202e+07	0	27.86	15445	3.7247e+05	0	0	0	0	0	1.6213e+06	8.5928e+05	1.1257	0.59662	7.5736	0.026579	5.4907
153.77	2.3853	4.4268	82.36	37.71	150.97	-21.435	4.4178e+05	0	2.3202e+07	0	27.952	15415	3.7587e+05	0	0	0	0	0	1.6295e+06	8.6103e+05	1.1336	0.59898	7.6074	0.02683	5.5346
154.24	2.3983	4.3538	82.362	37.795	150.97	-21.425	4.3927e+05	0	2.3202e+07	0	28.055	15385	3.7969e+05	0	0	0	0	0	1.6441e+06	8.6422e+05	1.146	0.6024	7.645	0.027108	5.5989
154.57	2.4076	4.302	82.363	37.856	150.98	-21.418	4.3747e+05	0	2.3202e+07	0	28.129	15364	3.8246e+05	0	0	0	0	0	1.652e+06	8.6603e+05	1.1531	0.60448	7.6721	0.027246	5.6376
154.66	2.41	4.2886	82.364	37.871	150.98	-21.416	4.37e+05	0	2.3202e+07	0	28.148	15359	3.8318e+05	0	0	0	0	0	1.6524e+06	8.6612e+05	1.1537	0.60475	7.6791	0.027271	5.6424
154.98	2.419	4.2389	82.365	37.929	150.98	-21.409	4.3526e+05	0	2.3202e+07	0	28.22	15340	3.859e+05	0	0	0	0	0	1.6588e+06	8.6762e+05	1.1596	0.60654	7.7054	0.027524	5.6756
155.55	2.4352	4.1515	82.368	38.03	150.98	-21.397	4.3217e+05	0	2.3203e+07	0	28.345	15309	3.908e+05	0	0	0	0	0	1.6926e+06	8.7534e+05	1.1857	0.61316	7.7523	0.028247	5.8017
156.04	2.4489	4.0785	82.37	38.115	150.98	-21.386	4.2954e+05	0	2.3203e+07	0	28.451	15286	3.9503e+05	0	0	0	0	0	1.7193e+06	8.8153e+05	1.2062	0.61845	7.7923	0.028633	5.9025
156.17	2.4527	4.0585	82.371	38.139	150.98	-21.383	4.2882e+05	0	2.3203e+07	0	28.481	15279	3.9621e+05	0	0	0	0	0	1.7233e+06	8.8251e+05	1.2095	0.61939	7.8033	0.028705	5.92
156.49	2.4619	4.0108	82.373	38.194	150.98	-21.376	4.2708e+05	0	2.3203e+07	0	28.553	15265	3.9906e+05	0	0	0	0	0	1.7342e+06	8.8519e+05	1.2183	0.62184	7.8299	0.028975	5.9662
157.06	2.4782	3.9272	82.375	38.292	150.98	-21.364	4.2398e+05	0	2.3203e+07	0	28.675	15243	4.042e+05	0	0	0	0	0	1.7885e+06	8.9868e+05	1.2582	0.63225	7.8774	0.029734	6.1384
157.55	2.4921	3.8576	82.378	38.374	150.99	-21.353	4.2135e+05	0	2.3203e+07	0	28.778	15226	4.0864e+05	0	0	0	0	0	1.8313e+06	9.0958e+05	1.2898	0.64062	7.9179	0.030127	6.2728
157.68	2.4959	3.8386	82.378	38.397	150.99	-21.35	4.2063e+05	0	2.3203e+07	0	28.808	15222	4.0987e+05	0	0	0	0	0	1.8379e+06	9.1136e+05	1.2948	0.64206	7.9291	0.0302	6.2957
158.01	2.5052	3.7934	82.38	38.45	150.99	-21.343	4.1889e+05	0	2.3203e+07	0	28.879	15212	4.1286e+05	0	0	0	0	0	1.8558e+06	9.1612e+05	1.3083	0.64582	7.956	0.03047	6.356
158.58	2.5217	3.7142	82.383	38.544	150.99	-21.33	4.1579e+05	0	2.3203e+07	0	28.998	15197	4.1825e+05	0	0	0	0	0	1.9272e+06	9.34e+05	1.3599	0.65906	8.0041	0.031207	6.572
159.06	2.5357	3.6487	82.385	38.623	150.99	-21.32	4.1317e+05	0	2.3204e+07	0	29.103	15187	4.2289e+05	0	0	0	0	0	1.9771e+06	9.4587e+05	1.3961	0.66789	8.0451	0.031562	6.7307
159.2	2.5396	3.6308	82.386	38.645	150.99	-21.317	4.1244e+05	0	2.3204e+07	0	29.134	15185	4.2419e+05	0	0	0	0	0	1.9843e+06	9.4759e+05	1.4014	0.66922	8.0565	0.031626	6.7564
159.52	2.5489	3.5882	82.387	38.696	150.99	-21.309	4.107e+05	0	2.3204e+07	0	29.207	15179	4.2731e+05	0	0	0	0	0	1.9993e+06	9.5118e+05	1.4125	0.67199	8.0837	0.031873	6.8113
160.09	2.5656	3.5137	82.39	38.787	150.99	-21.296	4.0761e+05	0	2.3204e+07	0	29.328	15172	4.3295e+05	0	0	0	0	0	2.0776e+06	9.7054e+05	1.4685	0.68601	8.1325	0.032508	7.0436
160.58	2.5798	3.4523	82.392	38.863	150.99	-21.285	4.0498e+05	0	2.3204e+07	0	29.43	15167	4.3782e+05	0	0	0	0	0	2.1355e+06	9.8662e+05	1.5099	0.69758	8.1739	0.032769	7.1992
160.71	2.5837	3.4356	82.393	38.883	151	-21.282	4.0425e+05	0	2.3204e+07	0	29.463	15166	4.3917e+05	0	0	0	0	0	2.1295e+06	9.851e+05	1.5058	0.69654	8.1854	0.032816	7.1893
160.71	2.5837	3.4356	82.393	38.883	151	-21.282	4.0425e+05	0	2.1147e+07	0	26.712	15166	4.3917e+05	0	0	0	0	0	2.1295e+06	9.851e+05	1.5058	0.69654	8.1854	0.032816	7.1893
160.99	2.5913	3.4001	82.394	38.927	151	-21.276	4.0285e+05	0	2.1147e+07	0	26.774	15156	4.4165e+05	0	0	0	0	0	2.1089e+06	9.7945e+05	1.4922	0.69303	8.2073	0.033105	7.1511
161.5	2.6047	3.3367	82.397	39.004	151	-21.264	4.0036e+05	0	2.1147e+07	0	26.887	15139	4.4613e+05	0	0	0	0	0	2.0604e+06	9.6628e+05	1.4595	0.68447	8.2464	0.033918	7.0549
161.93	2.6162	3.2829	82.399	39.069	151	-21.254	3.9825e+05	0	2.1147e+07	0	26.98	15127	4.4998e+05	0	0	0	0	0	2.0376e+06	9.6018e+05	1.4445	0.68071	8.2798	0.034347	7.0169
162.05	2.6194	3.2681	82.399	39.087	151	-21.252	3.9766e+05	0	2.1147e+07	0	27.005	15124	4.5106e+05	0	0	0	0	0	2.0333e+06	9.5903e+05	1.4418	0.68003	8.289	0.034426	7.011
162.33	2.627	3.2326	82.4	39.129	151	-21.245	3.9626e+05	0	2.1147e+07	0	27.066	15117	4.5365e+05	0	0	0	0	0	2.0237e+06	9.5653e+05	1.4356	0.67857	8.3112	0.034712	6.9984
162.84	2.6407	3.1697	82.403	39.203	151	-21.233	3.9377e+05	0	2.1147e+07	0	27.173	15106	4.5833e+05	0	0	0	0	0	2.0061e+06	9.523e+05	1.4241	0.67604	8.3508	0.035525	6.9711
163.26	2.6523	3.1165	82.405	39.265	151	-21.223	3.9166e+05	0	2.1147e+07	0	27.264	15099	4.6237e+05	0	0	0	0	0	1.9976e+06	9.5029e+05	1.4187	0.67493	8.3846	0.035957	6.9648
163.38	2.6555	3.1019	82.405	39.282	151	-21.22	3.9107e+05	0	2.1147e+07	0	27.289	15097	4.6349e+05	0	0	0	0	0	1.9955e+06	9.498e+05	1.4174	0.67465	8.3939	0.036038	6.9637
163.67	2.6632	3.0669	82.407	39.323	151.01	-21.214	3.8967e+05	0	2.1147e+07	0	27.349	15094	4.662e+05	0	0	0	0	0	1.9902e+06	9.4858e+05	1.414	0.67394	8.4164	0.036334	6.9599
164.17	2.677	3.005	82.409	39.395	151.01	-21.202	3.8718e+05	0	2.1147e+07	0	27.456	15090	4.7109e+05	0	0	0	0	0	1.9824e+06	9.4687e+05	1.4088	0.67291	8.4565	0.037181	6.9573
164.6	2.6887	2.9528	82.411	39.454	151.01	-21.192	3.8507e+05	0	2.1147e+07	0	27.547	15088	4.7531e+05	0	0	0	0	0	1.9797e+06	9.464e+05	1.4071	0.67266	8.4908	0.037639	6.9652
164.72	2.692	2.9385	82.412	39.471	151.01	-21.189	3.8448e+05	0	2.1147e+07	0	27.572	15088	4.7648e+05	0	0	0	0	0	1.9789e+06	9.4625e+05	1.4065	0.67256	8.5002	0.037725	6.9669
165	2.6998	2.9042	82.413	39.51	151.01	-21.182	3.8309e+05	0	2.1147e+07	0	27.633	15088	4.7932e+05	0	0	0	0	0	1.9767e+06	9.459e+05	1.405	0.6723	8.523	0.03804	6.9706
165.51	2.7137	2.8436	82.415	39.578	151.01	-21.17	3.8059e+05	0	2.1147e+07	0	27.739	15090	4.8443e+05	0	0	0	0	0	1.98e+06	9.4699e+05	1.4071	0.67298	8.5636	0.038949	6.996
165.94	2.7255	2.7927	82.418	39.636	151.01	-21.16	3.7848e+05	0	2.1148e+07	0	27.829	15094	4.8884e+05	0	0	0	0	0	1.988e+06	9.4951e+05	1.4125	0.67462	8.5983	0.039447	7.0261
166.06	2.7288	2.7787	82.418	39.651	151.01	-21.157	3.7789e+05	0	2.1148e+07	0	27.853	15095	4.9006e+05	0	0	0	0	0	1.9894e+06	9.4999e+05	1.4133	0.6749	8.6079	0.03954	7.0321
166.34	2.7367	2.7454	82.419	39.689	151.01	-21.15	3.765e+05	0	2.1148e+07	0	27.913	15099	4.9302e+05	0	0	0	0	0	1.9935e+06	9.5139e+05	1.4159	0.67573	8.6309	0.03988	7.0483
166.85	2.7507	2.6866	82.422	39.754	151.02	-21.138	3.74e+05	0	2.1148e+07	0	28.016	15107	4.9837e+05	0	0	0	0	0	2.0198e+06	9.5886e+05	1.4338	0.68067	8.672	0.040865	7.1195
167.27	2.7627	2.6375	82.424	39.809	151.02	-21.127	3.7189e+05	0	2.1148e+07	0	28.102	15115	5.0297e+05	0	0	0	0	0	2.0442e+06	9.6574e+05	1.4503	0.68515	8.7071	0.041409	7.1834
167.39	2.766	2.6241	82.424	39.824	151.02	-21.124	3.713e+05	0	2.1148e+07	0	28.127	15118	5.0425e+05	0	0	0	0	0	2.0481e+06	9.6691e+05	1.4528	0.68586	8.7168	0.04151	7.1945
167.68	2.774	2.592	82.426	39.86	151.02	-21.117	3.6991e+05	0	2.1148e+07	0	28.186	15125	5.0734e+05	0	0	0	0	0	2.0588e+06	9.7005e+05	1.4597	0.68777	8.7401	0.041875	7.2237
168.18	2.7882	2.5358	82.428	39.923	151.02	-21.105	3.6741e+05	0	2.1148e+07	0	28.286	15139	5.1291e+05	0	0	0	0	0	2.1037e+06	9.8231e+05	1.4901	0.69582	8.7817	0.042931	7.3323
168.61	2.8002	2.489	82.43	39.976	151.02	-21.094	3.653e+05	0	2.1148e+07	0	28.372	15153	5.1771e+05	0	0	0	0	0	2.1386e+06	9.9188e+05	1.5135	0.70196	8.8172	0.043514	7.4158
168.73	2.8036	2.4762	82.431	39.99	151.02	-21.091	3.6471e+05	0	2.1148e+07	0	28.397	15157	5.1905e+05	0	0	0	0	0	2.1442e+06	9.9349e+05	1.517	0.70291	8.827	0.043621	7.4297
169.01	2.8116	2.4458	82.432	40.024	151.02	-21.084	3.6332e+05	0	2.1148e+07	0	28.456	15167	5.2227e+05	0	0	0	0	0	2.1581e+06	9.9748e+05	1.5259	0.70526	8.8505	0.044006	7.464
169.52	2.8259	2.3924	82.434	40.084	151.03	-21.072	3.6082e+05	0	2.1148e+07	0	28.556	15187	5.2809e+05	0	0	0	0	0	2.2091e+06	1.0113e+06	1.5599	0.71406	8.8926	0.045116	7.581
169.95	2.8381	2.3482	82.436	40.134	151.03	-21.061	3.5871e+05	0	2.1148e+07	0	28.643	15206	5.3309e+05	0	0	0	0	0	2.2453e+06	1.0211e+06	1.5835	0.72015	8.9285	0.045721	7.6632
170.07	2.8415	2.3361	82.437	40.148	151.03	-21.058	3.5813e+05	0	2.1148e+07	0	28.668	15211	5.3448e+05	0	0	0	0	0	2.2511e+06	1.0228e+06	1.587	0.72106	8.9384	0.045832	7.6765
170.35	2.8496	2.3073	82.438	40.181	151.03	-21.051	3.5673e+05	0	2.1148e+07	0	28.728	15225	5.3784e+05	0	0	0	0	0	2.2645e+06	1.0266e+06	1.5951	0.72315	8.9622	0.04623	7.7073
170.85	2.864	2.2568	82.441	40.238	151.03	-21.038	3.5423e+05	0	2.1148e+07	0	28.831	15250	5.439e+05	0	0	0	0	0	2.3113e+06	1.0395e+06	1.6253	0.731	9.0048	0.047367	7.8094
171.28	2.8763	2.215	82.443	40.286	151.03	-21.027	3.5212e+05	0	2.1148e+07	0	28.917	15273	5.4912e+05	0	0	0	0	0	2.3443e+06	1.0504e+06	1.646	0.73755	9.041	0.047978	7.8773
171.4	2.8797	2.2036	82.443	40.3	151.03	-21.024	3.5154e+05	0	2.1148e+07	0	28.942	15280	5.5057e+05	0	0	0	0	0	2.3495e+06	1.0525e+06	1.649	0.73866	9.051	0.04809	7.8878
171.69	2.8879	2.1763	82.444	40.331	151.03	-21.017	3.5014e+05	0	2.1148e+07	0	29.001	15296	5.5407e+05	0	0	0	0	0	2.3603e+06	1.057e+06	1.6548	0.74102	9.0751	0.048493	7.909
172.19	2.9024	2.1285	82.447	40.386	151.04	-21.004	3.4764e+05	0	2.1148e+07	0	29.104	15327	5.6038e+05	0	0	0	0	0	2.395e+06	1.0691e+06	1.6757	0.748	9.1181	0.049635	7.9805
172.62	2.9148	2.0888	82.449	40.432	151.04	-20.993	3.4553e+05	0	2.1148e+07	0	29.191	15355	5.6581e+05	0	0	0	0	0	2.4204e+06	1.0802e+06	1.6904	0.75445	9.1548	0.050238	8.0361
172.74	2.9183	2.0779	82.449	40.444	151.04	-20.99	3.4495e+05	0	2.1148e+07	0	29.214	15362	5.6732e+05	0	0	0	0	0	2.426e+06	1.0831e+06	1.6935	0.75604	9.1649	0.050349	8.0485
173.02	2.9265	2.0521	82.451	40.474	151.04	-20.982	3.4355e+05	0	2.1149e+07	0	29.273	15382	5.7097e+05	0	0	0	0	0	2.4353e+06	1.0883e+06	1.6979	0.75877	9.1893	0.050753	8.0683
173.53	2.9412	2.007	82.453	40.527	151.04	-20.969	3.4105e+05	0	2.1149e+07	0	29.357	15418	5.7753e+05	0	0	0	0	0	2.5114e+06	1.1201e+06	1.7468	0.7791	9.2327	0.051888	8.2477
173.96	2.9537	1.9701	82.455	40.571	151.04	-20.958	3.3894e+05	0	2.1149e+07	0	29.43	15450	5.8318e+05	0	0	0	0	0	2.5757e+06	1.1467e+06	1.7878	0.79593	9.2697	0.052476	8.3982
174.07	2.9572	1.96	82.456	40.583	151.04	-20.955	3.3836e+05	0	2.1149e+07	0	29.46	15459	5.8475e+05	0	0	0	0	0	2.5647e+06	1.1432e+06	1.7792	0.79307	9.2799	0.052585	8.3697
174.07	2.9572	1.96	82.456	40.583	151.04	-20.955	3.3836e+05	0	1.9099e+07	0	26.465	15459	5.8475e+05	0	0	0	0	0	2.5647e+06	1.1432e+06	1.7792	0.79307	9.2799	0.052585	8.3697
174.42	2.9663	1.9302	82.457	40.618	151.04	-20.946	3.368e+05	0	1.9099e+07	0	26.543	15475	5.8877e+05	0	0	0	0	0	2.522e+06	1.1289e+06	1.7477	0.78232	9.3068	0.05341	8.264
175.05	2.9827	1.8764	82.46	40.679	151.05	-20.93	3.3403e+05	0	1.9099e+07	0	26.689	15506	5.9607e+05	0	0	0	0	0	2.4263e+06	1.0967e+06	1.678	0.75844	9.3551	0.055655	8.0279
175.57	2.9967	1.8302	82.463	40.73	151.05	-20.916	3.3168e+05	0	1.9099e+07	0	26.793	15536	6.0238e+05	0	0	0	0	0	2.402e+06	1.0921e+06	1.658	0.75387	9.3963	0.056741	7.9673
175.72	3.0006	1.8175	82.463	40.744	151.05	-20.912	3.3103e+05	0	1.9099e+07	0	26.821	15544	6.0414e+05	0	0	0	0	0	2.3983e+06	1.092e+06	1.6545	0.75337	9.4077	0.056934	7.9575
176.07	3.0098	1.7872	82.465	40.777	151.05	-20.902	3.2948e+05	0	1.9099e+07	0	26.887	15566	6.084e+05	0	0	0	0	0	2.3941e+06	1.093e+06	1.6494	0.75303	9.4351	0.057592	7.9449
176.69	3.0265	1.7336	82.468	40.835	151.05	-20.886	3.2671e+05	0	1.9099e+07	0	27.005	15606	6.161e+05	0	0	0	0	0	2.3851e+06	1.0944e+06	1.639	0.75204	9.4841	0.059307	7.9175
177.22	3.0406	1.6886	82.47	40.882	151.05	-20.872	3.2436e+05	0	1.9099e+07	0	27.104	15643	6.2275e+05	0	0	0	0	0	2.3856e+06	1.0979e+06	1.6354	0.75265	9.5259	0.060054	7.9119
177.36	3.0445	1.6763	82.471	40.895	151.05	-20.868	3.2371e+05	0	1.9099e+07	0	27.131	15653	6.246e+05	0	0	0	0	0	2.386e+06	1.0989e+06	1.6346	0.75286	9.5375	0.06019	7.9109
177.71	3.0539	1.6468	82.473	40.926	151.06	-20.858	3.2216e+05	0	1.9099e+07	0	27.197	15679	6.2908e+05	0	0	0	0	0	2.386e+06	1.1012e+06	1.6319	0.75316	9.5653	0.060715	7.9059
178.33	3.0707	1.5949	82.476	40.98	151.06	-20.841	3.1939e+05	0	1.9099e+07	0	27.315	15728	6.3719e+05	0	0	0	0	0	2.3879e+06	1.1058e+06	1.6281	0.75398	9.6151	0.061984	7.9005
178.86	3.085	1.5514	82.478	41.025	151.06	-20.827	3.1704e+05	0	1.9099e+07	0	27.414	15773	6.4419e+05	0	0	0	0	0	2.3946e+06	1.1113e+06	1.6281	0.75558	9.6575	0.062421	7.907
179.01	3.089	1.5395	82.479	41.037	151.06	-20.823	3.1639e+05	0	1.9099e+07	0	27.441	15785	6.4615e+05	0	0	0	0	0	2.3962e+06	1.1127e+06	1.6279	0.75596	9.6692	0.062503	7.9081
179.24	3.0952	1.5208	82.48	41.056	151.06	-20.817	3.1537e+05	0	1.9099e+07	0	27.485	15805	6.4925e+05	0	0	0	0	0	2.398e+06	1.1149e+06	1.627	0.75642	9.6878	0.062701	7.908
179.69	3.1076	1.4841	82.482	41.093	151.06	-20.804	3.1334e+05	0	1.9099e+07	0	27.571	15847	6.5545e+05	0	0	0	0	0	2.4025e+06	1.1193e+06	1.6258	0.75748	9.7246	0.063431	7.9095
180.2	3.1214	1.4439	82.484	41.133	151.07	-20.79	3.1109e+05	0	1.9099e+07	0	27.667	15895	6.6243e+05	0	0	0	0	0	2.4111e+06	1.1254e+06	1.6267	0.75929	9.7657	0.064076	7.9192
180.56	3.1313	1.4155	82.486	41.161	151.07	-20.78	3.0948e+05	0	1.9099e+07	0	27.735	15931	6.675e+05	0	0	0	0	0	2.4178e+06	1.13e+06	1.6276	0.76067	9.7952	0.064331	7.9273
180.65	3.1339	1.4081	82.486	41.168	151.07	-20.778	3.0907e+05	0	1.9099e+07	0	27.753	15940	6.6883e+05	0	0	0	0	0	2.4191e+06	1.1311e+06	1.6275	0.76093	9.8028	0.064376	7.9281
180.88	3.1402	1.3902	82.487	41.186	151.07	-20.771	3.0804e+05	0	1.9099e+07	0	27.797	15964	6.7209e+05	0	0	0	0	0	2.4217e+06	1.1335e+06	1.6268	0.76147	9.8217	0.064636	7.9289
181.34	3.1528	1.3551	82.49	41.22	151.07	-20.759	3.0602e+05	0	1.9099e+07	0	27.884	16011	6.7863e+05	0	0	0	0	0	2.4292e+06	1.1392e+06	1.627	0.76298	9.8591	0.065604	7.9361
181.84	3.1667	1.3167	82.492	41.258	151.07	-20.745	3.0377e+05	0	1.9099e+07	0	27.979	16066	6.8597e+05	0	0	0	0	0	2.4439e+06	1.1474e+06	1.6313	0.76583	9.9007	0.066504	7.9589
182.2	3.1768	1.2896	82.494	41.284	151.07	-20.734	3.0216e+05	0	1.91e+07	0	28.047	16107	6.9131e+05	0	0	0	0	0	2.4555e+06	1.1536e+06	1.6348	0.76804	9.9306	0.066886	7.9774
182.3	3.1794	1.2826	82.494	41.29	151.07	-20.732	3.0174e+05	0	1.91e+07	0	28.065	16118	6.9271e+05	0	0	0	0	0	2.4576e+06	1.155e+06	1.6351	0.76844	9.9384	0.066946	7.98
182.53	3.1858	1.2656	82.495	41.307	151.07	-20.725	3.0072e+05	0	1.91e+07	0	28.109	16145	6.9614e+05	0	0	0	0	0	2.4629e+06	1.1584e+06	1.6359	0.76945	9.9575	0.06726	7.9867
182.98	3.1985	1.2323	82.497	41.338	151.08	-20.712	2.987e+05	0	1.91e+07	0	28.193	16199	7.0301e+05	0	0	0	0	0	2.4832e+06	1.1684e+06	1.6439	0.77352	9.9954	0.068427	8.0223
183.49	3.2126	1.1962	82.499	41.372	151.08	-20.698	2.9645e+05	0	1.91e+07	0	28.285	16261	7.1074e+05	0	0	0	0	0	2.5203e+06	1.1832e+06	1.6621	0.78027	10.038	0.069532	8.0922
183.85	3.2227	1.1709	82.501	41.396	151.08	-20.688	2.9484e+05	0	1.91e+07	0	28.351	16307	7.1634e+05	0	0	0	0	0	2.5472e+06	1.1937e+06	1.6751	0.78502	10.068	0.07001	8.1422
183.94	3.2253	1.1644	82.502	41.403	151.08	-20.685	2.9442e+05	0	1.91e+07	0	28.369	16319	7.1781e+05	0	0	0	0	0	2.5516e+06	1.1956e+06	1.6768	0.78571	10.076	0.070081	8.1493
184.17	3.2318	1.1487	82.503	41.418	151.08	-20.679	2.934e+05	0	1.91e+07	0	28.412	16349	7.2142e+05	0	0	0	0	0	2.5645e+06	1.201e+06	1.6822	0.78778	10.095	0.070436	8.1709
184.63	3.2446	1.1181	82.505	41.447	151.08	-20.665	2.9137e+05	0	1.91e+07	0	28.492	16409	7.2863e+05	0	0	0	0	0	2.6147e+06	1.2197e+06	1.7088	0.79708	10.133	0.071746	8.2698
185.13	3.2588	1.0854	82.507	41.478	151.08	-20.651	2.8913e+05	0	1.91e+07	0	28.576	16478	7.3674e+05	0	0	0	0	0	2.6871e+06	1.2458e+06	1.7487	0.81078	10.176	0.07297	8.4163
185.49	3.269	1.0629	82.509	41.5	151.09	-20.641	2.8752e+05	0	1.91e+07	0	28.638	16528	7.4261e+05	0	0	0	0	0	2.7319e+06	1.2623e+06	1.7725	0.81899	10.207	0.073492	8.5041
185.59	3.2717	1.0572	82.509	41.506	151.09	-20.638	2.871e+05	0	1.91e+07	0	28.656	16542	7.4415e+05	0	0	0	0	0	2.7386e+06	1.265e+06	1.7754	0.82006	10.215	0.073566	8.5154
185.82	3.2782	1.0433	82.51	41.52	151.09	-20.631	2.8608e+05	0	1.91e+07	0	28.698	16574	7.4793e+05	0	0	0	0	0	2.7583e+06	1.2726e+06	1.7846	0.82336	10.234	0.073937	8.5506
186.27	3.2911	1.0165	82.512	41.547	151.09	-20.618	2.8405e+05	0	1.91e+07	0	28.775	16640	7.5547e+05	0	0	0	0	0	2.8292e+06	1.298e+06	1.8233	0.8365	10.273	0.075282	8.6919
186.77	3.3054	0.98837	82.515	41.576	151.09	-20.603	2.818e+05	0	1.91e+07	0	28.858	16715	7.6395e+05	0	0	0	0	0	2.9159e+06	1.3289e+06	1.8708	0.85255	10.316	0.076478	8.8648
187.14	3.3157	0.96917	82.516	41.596	151.09	-20.593	2.802e+05	0	1.91e+07	0	28.921	16770	7.7009e+05	0	0	0	0	0	2.9659e+06	1.347e+06	1.8966	0.86138	10.347	0.076954	8.96
187.23	3.3184	0.96429	82.517	41.602	151.09	-20.59	2.7978e+05	0	1.91e+07	0	28.939	16784	7.7169e+05	0	0	0	0	0	2.9731e+06	1.3498e+06	1.8996	0.86244	10.355	0.077021	8.9715
187.46	3.325	0.95248	82.518	41.614	151.09	-20.583	2.7875e+05	0	1.91e+07	0	28.982	16820	7.7564e+05	0	0	0	0	0	2.9937e+06	1.3579e+06	1.9087	0.86577	10.375	0.077368	9.0061
187.91	3.338	0.92995	82.52	41.639	151.1	-20.57	2.7673e+05	0	1.91e+07	0	29.054	16890	7.8352e+05	0	0	0	0	0	3.0725e+06	1.3887e+06	1.9508	0.88171	10.414	0.078586	9.1507
188.42	3.3524	0.90672	82.522	41.666	151.1	-20.555	2.7448e+05	0	1.91e+07	0	29.13	16970	7.9235e+05	0	0	0	0	0	3.1804e+06	1.4306e+06	2.0097	0.904	10.458	0.079547	9.3524
188.78	3.3628	0.89123	82.524	41.685	151.1	-20.544	2.7287e+05	0	1.91e+07	0	29.187	17029	7.9874e+05	0	0	0	0	0	3.2476e+06	1.457e+06	2.0452	0.91754	10.489	0.079862	9.4745
188.87	3.3655	0.88734	82.525	41.69	151.1	-20.541	2.7246e+05	0	1.91e+07	0	29.204	17044	8.0041e+05	0	0	0	0	0	3.257e+06	1.4609e+06	2.0493	0.91919	10.497	0.079905	9.4892
189.1	3.3721	0.878	82.526	41.702	151.1	-20.534	2.7143e+05	0	1.91e+07	0	29.243	17081	8.0452e+05	0	0	0	0	0	3.2918e+06	1.4748e+06	2.0666	0.92591	10.517	0.080177	9.5495
189.56	3.3851	0.8606	82.528	41.725	151.1	-20.521	2.6941e+05	0	1.91e+07	0	29.311	17156	8.127e+05	0	0	0	0	0	3.395e+06	1.5151e+06	2.1222	0.94707	10.556	0.081047	9.7396
190.06	3.3996	0.84346	82.53	41.751	151.11	-20.505	2.6716e+05	0	1.91e+07	0	29.38	17240	8.2186e+05	0	0	0	0	0	3.5396e+06	1.5712e+06	2.2017	0.97731	10.6	0.081489	10.01
190.42	3.41	0.83268	82.532	41.769	151.11	-20.495	2.6555e+05	0	1.91e+07	0	29.43	17301	8.2847e+05	0	0	0	0	0	3.6363e+06	1.6104e+06	2.254	0.99823	10.631	0.081482	10.176
190.52	3.4128	0.83006	82.532	41.773	151.11	-20.492	2.6513e+05	0	1.91e+07	0	29.454	17316	8.302e+05	0	0	0	0	0	3.6235e+06	1.6059e+06	2.244	0.99454	10.64	0.081477	10.146
190.52	3.4128	0.83006	82.532	41.773	151.11	-20.492	2.6513e+05	0	1.7047e+07	0	26.14	17316	8.302e+05	0	0	0	0	0	3.6235e+06	1.6059e+06	2.244	0.99454	10.64	0.081477	10.146
190.76	3.4188	0.82313	82.533	41.785	151.11	-20.485	2.6418e+05	0	1.7047e+07	0	26.191	17349	8.3401e+05	0	0	0	0	0	3.5793e+06	1.5899e+06	2.2125	0.98276	10.658	0.081826	10.051
191.18	3.4297	0.80991	82.535	41.806	151.11	-20.472	2.6249e+05	0	1.7047e+07	0	26.294	17407	8.4087e+05	0	0	0	0	0	3.448e+06	1.5429e+06	2.1242	0.95052	10.691	0.082699	9.7652
191.54	3.439	0.79778	82.537	41.823	151.11	-20.461	2.6106e+05	0	1.7047e+07	0	26.372	17457	8.4676e+05	0	0	0	0	0	3.3775e+06	1.5185e+06	2.0748	0.93277	10.718	0.083035	9.6044
191.64	3.4416	0.79438	82.538	41.828	151.11	-20.458	2.6066e+05	0	1.7047e+07	0	26.392	17471	8.484e+05	0	0	0	0	0	3.3677e+06	1.5153e+06	2.0671	0.93007	10.726	0.083101	9.5799
191.88	3.4477	0.78615	82.539	41.84	151.11	-20.45	2.5971e+05	0	1.7047e+07	0	26.44	17505	8.5235e+05	0	0	0	0	0	3.3428e+06	1.5071e+06	2.0478	0.92327	10.745	0.083397	9.5182
192.31	3.4587	0.77107	82.541	41.86	151.11	-20.437	2.5802e+05	0	1.7048e+07	0	26.534	17567	8.5944e+05	0	0	0	0	0	3.2646e+06	1.48e+06	1.9929	0.90349	10.778	0.084097	9.3397
192.67	3.4681	0.75781	82.542	41.876	151.12	-20.426	2.5659e+05	0	1.7048e+07	0	26.607	17620	8.6553e+05	0	0	0	0	0	3.2262e+06	1.4674e+06	1.9636	0.89308	10.806	0.084319	9.2457
192.77	3.4707	0.75414	82.543	41.881	151.12	-20.423	2.5619e+05	0	1.7048e+07	0	26.626	17635	8.6722e+05	0	0	0	0	0	3.2214e+06	1.466e+06	1.959	0.89151	10.814	0.084365	9.2315
193.01	3.4769	0.74534	82.544	41.892	151.12	-20.416	2.5524e+05	0	1.7048e+07	0	26.671	17670	8.7129e+05	0	0	0	0	0	3.2099e+06	1.4628e+06	1.948	0.88775	10.833	0.084611	9.1975
193.43	3.4881	0.72956	82.546	41.911	151.12	-20.403	2.5355e+05	0	1.7048e+07	0	26.757	17735	8.7862e+05	0	0	0	0	0	3.1747e+06	1.4516e+06	1.9197	0.87774	10.866	0.085137	9.1073
193.79	3.4975	0.7161	82.548	41.927	151.12	-20.392	2.5211e+05	0	1.7048e+07	0	26.824	17790	8.849e+05	0	0	0	0	0	3.1631e+06	1.4488e+06	1.9067	0.87336	10.895	0.08523	9.0678
193.89	3.5002	0.71241	82.548	41.931	151.12	-20.388	2.5172e+05	0	1.7048e+07	0	26.843	17806	8.8664e+05	0	0	0	0	0	3.1624e+06	1.449e+06	1.9046	0.87271	10.903	0.085253	9.0619
194.13	3.5064	0.70361	82.549	41.941	151.12	-20.381	2.5077e+05	0	1.7048e+07	0	26.886	17843	8.9085e+05	0	0	0	0	0	3.1615e+06	1.4498e+06	1.9001	0.87133	10.922	0.085435	9.0493
194.56	3.5177	0.68809	82.551	41.959	151.12	-20.368	2.4908e+05	0	1.7048e+07	0	26.964	17911	8.9839e+05	0	0	0	0	0	3.1581e+06	1.4504e+06	1.8909	0.86843	10.956	0.085729	9.0231
194.92	3.5272	0.67511	82.553	41.975	151.13	-20.357	2.4764e+05	0	1.7048e+07	0	27.027	17969	9.0486e+05	0	0	0	0	0	3.1644e+06	1.4544e+06	1.8886	0.86802	10.984	0.085642	9.019
195.02	3.5299	0.67158	82.553	41.979	151.13	-20.353	2.4725e+05	0	1.7048e+07	0	27.045	17985	9.0666e+05	0	0	0	0	0	3.1666e+06	1.4557e+06	1.8881	0.86799	10.992	0.085631	9.0187
195.26	3.5362	0.66318	82.554	41.989	151.13	-20.346	2.463e+05	0	1.7048e+07	0	27.087	18024	9.1098e+05	0	0	0	0	0	3.1721e+06	1.459e+06	1.8873	0.86809	11.011	0.085719	9.0185
195.68	3.5475	0.64854	82.556	42.006	151.13	-20.333	2.4461e+05	0	1.7048e+07	0	27.159	18094	9.1875e+05	0	0	0	0	0	3.1896e+06	1.468e+06	1.8904	0.87006	11.046	0.085664	9.033
196.04	3.5571	0.63652	82.558	42.02	151.13	-20.321	2.4317e+05	0	1.7048e+07	0	27.218	18155	9.254e+05	0	0	0	0	0	3.2118e+06	1.4785e+06	1.8972	0.87333	11.075	0.085305	9.0595
196.14	3.5597	0.63327	82.559	42.024	151.13	-20.318	2.4278e+05	0	1.7048e+07	0	27.235	18172	9.2724e+05	0	0	0	0	0	3.2172e+06	1.4811e+06	1.8986	0.87406	11.083	0.085244	9.0654
196.38	3.5661	0.6256	82.56	42.033	151.13	-20.311	2.4183e+05	0	1.7048e+07	0	27.274	18212	9.3169e+05	0	0	0	0	0	3.2318e+06	1.488e+06	1.903	0.87617	11.102	0.085185	9.0825
196.81	3.5775	0.61248	82.562	42.05	151.13	-20.297	2.4014e+05	0	1.7048e+07	0	27.339	18285	9.3966e+05	0	0	0	0	0	3.279e+06	1.5082e+06	1.9231	0.88454	11.136	0.084595	9.1542
197.17	3.5871	0.60201	82.563	42.064	151.14	-20.286	2.387e+05	0	1.7048e+07	0	27.394	18348	9.4648e+05	0	0	0	0	0	3.3207e+06	1.526e+06	1.9409	0.89191	11.166	0.08382	9.2174
197.27	3.5898	0.59922	82.564	42.067	151.14	-20.282	2.383e+05	0	1.7048e+07	0	27.41	18365	9.4838e+05	0	0	0	0	0	3.3292e+06	1.5298e+06	1.944	0.89329	11.174	0.083683	9.229
197.51	3.5962	0.59267	82.565	42.076	151.14	-20.275	2.3735e+05	0	1.7048e+07	0	27.448	18407	9.5293e+05	0	0	0	0	0	3.3517e+06	1.5397e+06	1.9527	0.897	11.193	0.083398	9.2605
197.93	3.6076	0.58175	82.567	42.092	151.14	-20.261	2.3566e+05	0	1.7048e+07	0	27.509	18482	9.611e+05	0	0	0	0	0	3.4218e+06	1.5685e+06	1.9854	0.91009	11.228	0.081991	9.3746
198.29	3.6173	0.57333	82.569	42.105	151.14	-20.25	2.3423e+05	0	1.7048e+07	0	27.562	18547	9.6808e+05	0	0	0	0	0	3.4768e+06	1.5913e+06	2.0104	0.92014	11.257	0.080587	9.462
198.39	3.62	0.57112	82.569	42.109	151.14	-20.247	2.3383e+05	0	1.7048e+07	0	27.577	18564	9.7002e+05	0	0	0	0	0	3.4877e+06	1.596e+06	2.0147	0.92195	11.265	0.080335	9.4775
198.63	3.6264	0.566	82.57	42.117	151.14	-20.239	2.3288e+05	0	1.7048e+07	0	27.615	18607	9.7468e+05	0	0	0	0	0	3.5153e+06	1.6078e+06	2.026	0.92663	11.285	0.079711	9.5179
199.06	3.6379	0.55773	82.572	42.133	151.14	-20.225	2.3119e+05	0	1.7048e+07	0	27.674	18684	9.8302e+05	0	0	0	0	0	3.5995e+06	1.642e+06	2.0659	0.94241	11.319	0.077086	9.6564
199.42	3.6476	0.55168	82.574	42.145	151.15	-20.214	2.2976e+05	0	1.7048e+07	0	27.727	18750	9.9015e+05	0	0	0	0	0	3.6619e+06	1.6676e+06	2.0944	0.95376	11.349	0.074758	9.7558
199.52	3.6503	0.55014	82.574	42.149	151.15	-20.21	2.2936e+05	0	1.7048e+07	0	27.743	18768	9.9213e+05	0	0	0	0	0	3.674e+06	1.6727e+06	2.0993	0.95577	11.357	0.074337	9.7732
199.76	3.6567	0.54662	82.575	42.157	151.15	-20.203	2.2841e+05	0	1.7048e+07	0	27.781	18812	9.9688e+05	0	0	0	0	0	3.7041e+06	1.6854e+06	2.1116	0.96081	11.376	0.073217	9.8169
200.18	3.6682	0.54125	82.577	42.172	151.15	-20.189	2.2672e+05	0	1.7048e+07	0	27.841	18890	1.0054e+06	0	0	0	0	0	3.7952e+06	1.7222e+06	2.1545	0.97768	11.411	0.068827	9.9657
200.54	3.678	0.53775	82.579	42.184	151.15	-20.177	2.2529e+05	0	1.7048e+07	0	27.893	18956	1.0127e+06	0	0	0	0	0	3.8654e+06	1.7514e+06	2.1867	0.99079	11.441	0.065171	10.072
200.64	3.6806	0.53692	82.58	42.188	151.15	-20.174	2.2489e+05	0	1.7048e+07	0	27.909	18975	1.0147e+06	0	0	0	0	0	3.8791e+06	1.7573e+06	2.1923	0.99317	11.449	0.064509	10.091
200.88	3.6871	0.53512	82.581	42.196	151.15	-20.166	2.2394e+05	0	1.7048e+07	0	27.946	19019	1.0195e+06	0	0	0	0	0	3.9139e+06	1.7723e+06	2.2069	0.99934	11.468	0.062679	10.139
201.31	3.6986	0.53297	82.583	42.211	151.15	-20.152	2.2225e+05	0	1.7048e+07	0	28.003	19097	1.0282e+06	0	0	0	0	0	4.0234e+06	1.8177e+06	2.2593	1.0207	11.503	0.055774	10.307
201.67	3.7084	0.53236	82.584	42.223	151.16	-20.14	2.2081e+05	0	1.7048e+07	0	28.054	19164	1.0355e+06	0	0	0	0	0	4.1061e+06	1.8522e+06	2.2977	1.0364	11.533	0.050238	10.43
201.77	3.7111	0.53234	82.585	42.227	151.16	-20.137	2.2042e+05	0	1.7048e+07	0	28.07	19183	1.0376e+06	0	0	0	0	0	4.122e+06	1.859e+06	2.3044	1.0392	11.541	0.049234	10.452
201.77	3.7111	0.53234	82.585	42.227	151.16	-20.137	2.2042e+05	0	1.4995e+07	0	24.553	19183	1.0376e+06	0	0	0	0	0	4.122e+06	1.859e+06	2.3044	1.0392	11.541	0.049234	10.452
201.79	3.7116	0.53234	82.585	42.227	151.16	-20.136	2.2034e+05	0	1.4995e+07	0	24.555	19186	1.0379e+06	0	0	0	0	0	4.1229e+06	1.8594e+06	2.3045	1.0393	11.543	0.049188	10.453
201.83	3.7125	0.53235	82.585	42.229	151.16	-20.135	2.2021e+05	0	1.4995e+07	0	24.561	19191	1.0386e+06	0	0	0	0	0	4.125e+06	1.8605e+06	2.305	1.0396	11.545	0.049037	10.455
201.86	3.7132	0.53235	82.585	42.23	151.16	-20.134	2.201e+05	0	1.4995e+07	0	24.565	19196	1.0392e+06	0	0	0	0	0	4.1267e+06	1.8613e+06	2.3054	1.0398	11.548	0.048933	10.456
201.87	3.7134	0.53235	82.585	42.23	151.16	-20.134	2.2007e+05	0	1.4995e+07	0	24.566	19197	1.0393e+06	0	0	0	0	0	4.127e+06	1.8615e+06	2.3054	1.0398	11.548	0.048915	10.456
201.89	3.7139	0.53236	82.585	42.231	151.16	-20.133	2.1999e+05	0	1.4995e+07	0	24.569	19200	1.0397e+06	0	0	0	0	0	4.128e+06	1.8619e+06	2.3056	1.0399	11.55	0.048865	10.457
201.93	3.7148	0.53237	82.586	42.232	151.16	-20.132	2.1986e+05	0	1.4995e+07	0	24.575	19206	1.0403e+06	0	0	0	0	0	4.1303e+06	1.863e+06	2.3062	1.0402	11.552	0.048701	10.459
201.96	3.7156	0.53238	82.586	42.233	151.16	-20.131	2.1975e+05	0	1.4995e+07	0	24.579	19211	1.0409e+06	0	0	0	0	0	4.1321e+06	1.8639e+06	2.3066	1.0405	11.555	0.048588	10.461
201.97	3.7158	0.53239	82.586	42.234	151.16	-20.13	2.1972e+05	0	1.4995e+07	0	24.58	19212	1.0411e+06	0	0	0	0	0	4.1324e+06	1.8641e+06	2.3067	1.0405	11.555	0.048569	10.461
201.99	3.7163	0.5324	82.586	42.234	151.16	-20.13	2.1965e+05	0	1.4995e+07	0	24.583	19215	1.0414e+06	0	0	0	0	0	4.1334e+06	1.8646e+06	2.3068	1.0406	11.557	0.048516	10.462
202.03	3.7171	0.53242	82.586	42.236	151.16	-20.128	2.1951e+05	0	1.4995e+07	0	24.588	19221	1.0421e+06	0	0	0	0	0	4.1359e+06	1.8657e+06	2.3075	1.0409	11.559	0.04834	10.464
202.06	3.7179	0.53244	82.586	42.237	151.16	-20.127	2.194e+05	0	1.4995e+07	0	24.593	19225	1.0426e+06	0	0	0	0	0	4.1377e+06	1.8666e+06	2.308	1.0412	11.562	0.048221	10.466
202.07	3.7181	0.53245	82.586	42.237	151.16	-20.127	2.1937e+05	0	1.4995e+07	0	24.594	19227	1.0428e+06	0	0	0	0	0	4.1381e+06	1.8668e+06	2.3081	1.0412	11.562	0.0482	10.466
202.09	3.7186	0.53246	82.586	42.238	151.16	-20.126	2.193e+05	0	1.4995e+07	0	24.597	19230	1.0432e+06	0	0	0	0	0	4.1391e+06	1.8673e+06	2.3083	1.0413	11.564	0.048145	10.467
202.13	3.7195	0.5325	82.586	42.239	151.16	-20.125	2.1916e+05	0	1.4995e+07	0	24.602	19235	1.0438e+06	0	0	0	0	0	4.1417e+06	1.8685e+06	2.309	1.0417	11.566	0.04796	10.47
202.16	3.7202	0.53253	82.587	42.24	151.16	-20.124	2.1905e+05	0	1.4995e+07	0	24.607	19240	1.0444e+06	0	0	0	0	0	4.1436e+06	1.8694e+06	2.3095	1.0419	11.569	0.047835	10.472
202.17	3.7204	0.53254	82.587	42.24	151.16	-20.124	2.1902e+05	0	1.4995e+07	0	24.608	19241	1.0445e+06	0	0	0	0	0	4.144e+06	1.8696e+06	2.3096	1.042	11.569	0.047814	10.472
202.19	3.7209	0.53256	82.587	42.241	151.16	-20.123	2.1895e+05	0	1.4995e+07	0	24.611	19244	1.0449e+06	0	0	0	0	0	4.1451e+06	1.8701e+06	2.3098	1.0421	11.571	0.047756	10.473
202.23	3.7218	0.5326	82.587	42.242	151.16	-20.122	2.1881e+05	0	1.4995e+07	0	24.616	19250	1.0456e+06	0	0	0	0	0	4.1477e+06	1.8713e+06	2.3106	1.0425	11.574	0.047565	10.476
202.26	3.7226	0.53264	82.587	42.244	151.16	-20.121	2.187e+05	0	1.4995e+07	0	24.621	19255	1.0461e+06	0	0	0	0	0	4.1497e+06	1.8722e+06	2.3111	1.0427	11.576	0.047436	10.478
202.27	3.7228	0.53265	82.587	42.244	151.16	-20.12	2.1867e+05	0	1.4995e+07	0	24.622	19256	1.0463e+06	0	0	0	0	0	4.1501e+06	1.8725e+06	2.3112	1.0428	11.576	0.047414	10.478
202.29	3.7233	0.53268	82.587	42.245	151.16	-20.12	2.186e+05	0	1.4995e+07	0	24.625	19259	1.0467e+06	0	0	0	0	0	4.1511e+06	1.873e+06	2.3114	1.0429	11.578	0.047355	10.479
202.33	3.7242	0.53274	82.587	42.246	151.16	-20.119	2.1846e+05	0	1.4995e+07	0	24.63	19265	1.0473e+06	0	0	0	0	0	4.1538e+06	1.8742e+06	2.3123	1.0433	11.581	0.04716	10.482
202.36	3.7249	0.53278	82.588	42.247	151.16	-20.117	2.1835e+05	0	1.4995e+07	0	24.635	19269	1.0479e+06	0	0	0	0	0	4.1558e+06	1.8752e+06	2.3128	1.0436	11.583	0.047029	10.484
202.37	3.7251	0.5328	82.588	42.247	151.16	-20.117	2.1832e+05	0	1.4995e+07	0	24.636	19271	1.048e+06	0	0	0	0	0	4.1562e+06	1.8754e+06	2.3129	1.0436	11.584	0.047006	10.484
202.39	3.7256	0.53283	82.588	42.248	151.16	-20.116	2.1825e+05	0	1.4995e+07	0	24.639	19274	1.0484e+06	0	0	0	0	0	4.1573e+06	1.8759e+06	2.3131	1.0437	11.585	0.046946	10.485
202.43	3.7265	0.5329	82.588	42.249	151.16	-20.115	2.1811e+05	0	1.4995e+07	0	24.644	19279	1.0491e+06	0	0	0	0	0	4.16e+06	1.8771e+06	2.3139	1.0441	11.588	0.046751	10.488
202.46	3.7273	0.53296	82.588	42.251	151.16	-20.114	2.18e+05	0	1.4995e+07	0	24.648	19284	1.0496e+06	0	0	0	0	0	4.162e+06	1.8781e+06	2.3145	1.0444	11.59	0.046619	10.49
202.47	3.7275	0.53297	82.588	42.251	151.16	-20.114	2.1797e+05	0	1.4995e+07	0	24.65	19285	1.0498e+06	0	0	0	0	0	4.1624e+06	1.8783e+06	2.3146	1.0444	11.591	0.046596	10.49
202.49	3.728	0.53301	82.588	42.252	151.16	-20.113	2.179e+05	0	1.4995e+07	0	24.653	19288	1.0502e+06	0	0	0	0	0	4.1635e+06	1.8788e+06	2.3148	1.0446	11.592	0.046537	10.491
202.53	3.7289	0.53309	82.588	42.253	151.16	-20.112	2.1777e+05	0	1.4995e+07	0	24.658	19294	1.0508e+06	0	0	0	0	0	4.1662e+06	1.8801e+06	2.3156	1.045	11.595	0.046344	10.494
202.56	3.7296	0.53316	82.588	42.254	151.16	-20.111	2.1765e+05	0	1.4995e+07	0	24.662	19299	1.0514e+06	0	0	0	0	0	4.1682e+06	1.881e+06	2.3162	1.0452	11.597	0.046214	10.496
202.57	3.7298	0.53317	82.589	42.254	151.16	-20.111	2.1762e+05	0	1.4995e+07	0	24.664	19300	1.0516e+06	0	0	0	0	0	4.1686e+06	1.8812e+06	2.3162	1.0453	11.598	0.046192	10.497
202.59	3.7303	0.53322	82.589	42.255	151.16	-20.11	2.1755e+05	0	1.4995e+07	0	24.667	19303	1.0519e+06	0	0	0	0	0	4.1697e+06	1.8817e+06	2.3165	1.0454	11.599	0.046135	10.497
202.63	3.7312	0.53331	82.589	42.256	151.16	-20.109	2.1742e+05	0	1.4995e+07	0	24.672	19309	1.0526e+06	0	0	0	0	0	4.1723e+06	1.883e+06	2.3173	1.0458	11.602	0.045947	10.5
202.66	3.732	0.53338	82.589	42.257	151.16	-20.108	2.173e+05	0	1.4995e+07	0	24.676	19313	1.0532e+06	0	0	0	0	0	4.1743e+06	1.8839e+06	2.3178	1.046	11.604	0.045822	10.502
202.67	3.7322	0.5334	82.589	42.258	151.16	-20.107	2.1727e+05	0	1.4995e+07	0	24.678	19315	1.0533e+06	0	0	0	0	0	4.1747e+06	1.8841e+06	2.3179	1.0461	11.605	0.045801	10.503
202.69	3.7327	0.53346	82.589	42.258	151.16	-20.107	2.172e+05	0	1.4995e+07	0	24.68	19318	1.0537e+06	0	0	0	0	0	4.1758e+06	1.8846e+06	2.3181	1.0462	11.606	0.045747	10.503
202.73	3.7336	0.53355	82.589	42.26	151.16	-20.105	2.1707e+05	0	1.4995e+07	0	24.686	19323	1.0543e+06	0	0	0	0	0	4.1784e+06	1.8858e+06	2.3189	1.0466	11.609	0.04557	10.506
202.76	3.7343	0.53364	82.589	42.261	151.16	-20.104	2.1695e+05	0	1.4995e+07	0	24.69	19328	1.0549e+06	0	0	0	0	0	4.1803e+06	1.8867e+06	2.3194	1.0468	11.611	0.045453	10.508
202.77	3.7345	0.53366	82.589	42.261	151.16	-20.104	2.1692e+05	0	1.4995e+07	0	24.691	19329	1.0551e+06	0	0	0	0	0	4.1807e+06	1.8869e+06	2.3194	1.0469	11.612	0.045433	10.508
202.77	3.7345	0.53366	82.589	42.261	151.16	-20.104	2.1692e+05	0	1.2919e+07	0	21.169	19329	1.0551e+06	0	0	0	0	0	4.1807e+06	1.8869e+06	2.3194	1.0469	11.612	0.045433	10.508
202.79	3.7349	0.53372	82.59	42.262	151.16	-20.103	2.1686e+05	0	1.2919e+07	0	21.171	19332	1.0554e+06	0	0	0	0	0	4.1812e+06	1.8872e+06	2.3194	1.0469	11.613	0.045424	10.509
202.83	3.7357	0.53382	82.59	42.263	151.16	-20.102	2.1674e+05	0	1.2919e+07	0	21.176	19336	1.0559e+06	0	0	0	0	0	4.1824e+06	1.8878e+06	2.3196	1.047	11.615	0.045402	10.509
202.86	3.7363	0.5339	82.59	42.264	151.16	-20.101	2.1665e+05	0	1.2919e+07	0	21.179	19339	1.0564e+06	0	0	0	0	0	4.1834e+06	1.8884e+06	2.3198	1.0471	11.617	0.045397	10.51
202.87	3.7365	0.53393	82.59	42.265	151.16	-20.101	2.1662e+05	0	1.2919e+07	0	21.18	19340	1.0565e+06	0	0	0	0	0	4.1836e+06	1.8885e+06	2.3198	1.0471	11.618	0.045396	10.51
202.89	3.7369	0.53399	82.59	42.265	151.16	-20.1	2.1656e+05	0	1.2919e+07	0	21.182	19342	1.0568e+06	0	0	0	0	0	4.1842e+06	1.8888e+06	2.3198	1.0472	11.619	0.045396	10.511
202.93	3.7377	0.53409	82.59	42.267	151.16	-20.099	2.1644e+05	0	1.2919e+07	0	21.186	19347	1.0574e+06	0	0	0	0	0	4.1857e+06	1.8895e+06	2.3201	1.0474	11.621	0.045404	10.512
202.96	3.7383	0.53418	82.59	42.268	151.16	-20.098	2.1635e+05	0	1.2919e+07	0	21.19	19350	1.0578e+06	0	0	0	0	0	4.1869e+06	1.8901e+06	2.3204	1.0475	11.623	0.045418	10.513
202.97	3.7385	0.53421	82.59	42.268	151.16	-20.097	2.1632e+05	0	1.2919e+07	0	21.191	19351	1.058e+06	0	0	0	0	0	4.1871e+06	1.8903e+06	2.3204	1.0475	11.624	0.045421	10.513
202.99	3.7389	0.53427	82.59	42.269	151.16	-20.097	2.1626e+05	0	1.2919e+07	0	21.193	19353	1.0583e+06	0	0	0	0	0	4.1878e+06	1.8906e+06	2.3205	1.0476	11.625	0.045429	10.513
203.03	3.7396	0.53438	82.591	42.27	151.16	-20.095	2.1614e+05	0	1.2919e+07	0	21.197	19357	1.0588e+06	0	0	0	0	0	4.1894e+06	1.8914e+06	2.3209	1.0478	11.627	0.045463	10.515
203.06	3.7403	0.53448	82.591	42.271	151.16	-20.094	2.1605e+05	0	1.2919e+07	0	21.201	19361	1.0593e+06	0	0	0	0	0	4.1908e+06	1.892e+06	2.3212	1.048	11.629	0.045493	10.516
203.07	3.7405	0.53451	82.591	42.272	151.16	-20.094	2.1602e+05	0	1.2919e+07	0	21.201	19362	1.0594e+06	0	0	0	0	0	4.191e+06	1.8922e+06	2.3213	1.048	11.63	0.045498	10.516
203.09	3.7409	0.53458	82.591	42.272	151.16	-20.093	2.1596e+05	0	1.2919e+07	0	21.204	19364	1.0597e+06	0	0	0	0	0	4.1917e+06	1.8925e+06	2.3214	1.0481	11.631	0.045513	10.517
203.13	3.7416	0.5347	82.591	42.274	151.16	-20.092	2.1584e+05	0	1.2919e+07	0	21.208	19368	1.0602e+06	0	0	0	0	0	4.1935e+06	1.8934e+06	2.3219	1.0483	11.633	0.045568	10.519
203.16	3.7423	0.5348	82.591	42.275	151.16	-20.091	2.1574e+05	0	1.2919e+07	0	21.211	19372	1.0607e+06	0	0	0	0	0	4.1949e+06	1.894e+06	2.3222	1.0485	11.635	0.045611	10.52
203.17	3.7424	0.53483	82.591	42.275	151.16	-20.091	2.1572e+05	0	1.2919e+07	0	21.212	19373	1.0608e+06	0	0	0	0	0	4.1951e+06	1.8942e+06	2.3223	1.0485	11.636	0.045619	10.52
203.19	3.7429	0.5349	82.591	42.276	151.16	-20.09	2.1565e+05	0	1.2919e+07	0	21.215	19375	1.0611e+06	0	0	0	0	0	4.1958e+06	1.8946e+06	2.3224	1.0486	11.637	0.045639	10.521
203.23	3.7436	0.53503	82.592	42.277	151.16	-20.089	2.1554e+05	0	1.2919e+07	0	21.219	19379	1.0617e+06	0	0	0	0	0	4.1977e+06	1.8954e+06	2.3229	1.0489	11.639	0.045711	10.523
203.26	3.7442	0.53515	82.592	42.278	151.16	-20.088	2.1544e+05	0	1.2919e+07	0	21.222	19382	1.0622e+06	0	0	0	0	0	4.1991e+06	1.8961e+06	2.3233	1.0491	11.641	0.045765	10.524
203.27	3.7444	0.53518	82.592	42.279	151.16	-20.087	2.1542e+05	0	1.2919e+07	0	21.223	19383	1.0623e+06	0	0	0	0	0	4.1993e+06	1.8962e+06	2.3233	1.0491	11.642	0.045775	10.524
203.29	3.7448	0.53525	82.592	42.279	151.16	-20.087	2.1535e+05	0	1.2919e+07	0	21.225	19386	1.0626e+06	0	0	0	0	0	4.2e+06	1.8966e+06	2.3234	1.0492	11.643	0.045799	10.525
203.33	3.7456	0.53539	82.592	42.281	151.16	-20.085	2.1524e+05	0	1.2919e+07	0	21.229	19390	1.0631e+06	0	0	0	0	0	4.2018e+06	1.8975e+06	2.3239	1.0494	11.645	0.045885	10.527
203.36	3.7462	0.53551	82.592	42.282	151.16	-20.084	2.1514e+05	0	1.2919e+07	0	21.233	19393	1.0636e+06	0	0	0	0	0	4.2032e+06	1.8981e+06	2.3243	1.0496	11.647	0.045949	10.528
203.37	3.7464	0.53554	82.592	42.282	151.16	-20.084	2.1512e+05	0	1.2919e+07	0	21.234	19394	1.0637e+06	0	0	0	0	0	4.2035e+06	1.8983e+06	2.3243	1.0496	11.647	0.04596	10.528
203.39	3.7468	0.53562	82.592	42.283	151.16	-20.083	2.1505e+05	0	1.2919e+07	0	21.236	19396	1.064e+06	0	0	0	0	0	4.2042e+06	1.8986e+06	2.3244	1.0497	11.649	0.045988	10.529
203.43	3.7476	0.53577	82.593	42.284	151.16	-20.082	2.1494e+05	0	1.2919e+07	0	21.24	19400	1.0646e+06	0	0	0	0	0	4.2059e+06	1.8994e+06	2.3249	1.0499	11.651	0.046085	10.531
203.46	3.7482	0.53589	82.593	42.285	151.16	-20.081	2.1484e+05	0	1.2919e+07	0	21.244	19404	1.0651e+06	0	0	0	0	0	4.2072e+06	1.9001e+06	2.3252	1.0501	11.653	0.046156	10.532
203.47	3.7484	0.53593	82.593	42.286	151.16	-20.081	2.1481e+05	0	1.2919e+07	0	21.245	19405	1.0652e+06	0	0	0	0	0	4.2075e+06	1.9002e+06	2.3252	1.0501	11.653	0.046168	10.532
203.49	3.7488	0.53601	82.593	42.286	151.16	-20.08	2.1475e+05	0	1.2919e+07	0	21.247	19407	1.0655e+06	0	0	0	0	0	4.2081e+06	1.9006e+06	2.3253	1.0502	11.655	0.046199	10.532
203.53	3.7495	0.53617	82.593	42.288	151.16	-20.079	2.1464e+05	0	1.2919e+07	0	21.251	19411	1.066e+06	0	0	0	0	0	4.2097e+06	1.9013e+06	2.3257	1.0504	11.657	0.046305	10.534
203.56	3.7502	0.5363	82.593	42.289	151.16	-20.078	2.1454e+05	0	1.2919e+07	0	21.255	19415	1.0665e+06	0	0	0	0	0	4.2109e+06	1.9019e+06	2.3259	1.0505	11.659	0.046381	10.535
203.57	3.7504	0.53634	82.593	42.289	151.16	-20.077	2.1451e+05	0	1.2919e+07	0	21.255	19416	1.0666e+06	0	0	0	0	0	4.2111e+06	1.902e+06	2.3259	1.0506	11.659	0.046394	10.535
203.59	3.7508	0.53642	82.593	42.29	151.16	-20.077	2.1445e+05	0	1.2919e+07	0	21.258	19418	1.0669e+06	0	0	0	0	0	4.2117e+06	1.9024e+06	2.326	1.0506	11.661	0.046427	10.535
203.63	3.7515	0.53659	82.593	42.291	151.17	-20.075	2.1434e+05	0	1.2919e+07	0	21.262	19422	1.0675e+06	0	0	0	0	0	4.213e+06	1.903e+06	2.3262	1.0508	11.663	0.046539	10.536
203.66	3.7522	0.53672	82.594	42.292	151.17	-20.074	2.1424e+05	0	1.2919e+07	0	21.265	19425	1.068e+06	0	0	0	0	0	4.214e+06	1.9036e+06	2.3264	1.0509	11.665	0.046618	10.537
203.67	3.7523	0.53676	82.594	42.293	151.17	-20.074	2.1421e+05	0	1.2919e+07	0	21.266	19426	1.0681e+06	0	0	0	0	0	4.2142e+06	1.9037e+06	2.3264	1.0509	11.665	0.046632	10.537
203.69	3.7528	0.53685	82.594	42.293	151.17	-20.073	2.1415e+05	0	1.2919e+07	0	21.269	19429	1.0684e+06	0	0	0	0	0	4.2147e+06	1.904e+06	2.3264	1.0509	11.667	0.046666	10.537
203.73	3.7535	0.53702	82.594	42.295	151.17	-20.072	2.1403e+05	0	1.2919e+07	0	21.273	19433	1.0689e+06	0	0	0	0	0	4.2158e+06	1.9045e+06	2.3265	1.051	11.669	0.046783	10.538
203.76	3.7541	0.53717	82.594	42.296	151.17	-20.071	2.1394e+05	0	1.2919e+07	0	21.276	19436	1.0694e+06	0	0	0	0	0	4.2165e+06	1.9049e+06	2.3265	1.051	11.671	0.046864	10.538
203.77	3.7543	0.53721	82.594	42.296	151.17	-20.071	2.1391e+05	0	1.2919e+07	0	21.277	19437	1.0695e+06	0	0	0	0	0	4.2167e+06	1.905e+06	2.3264	1.0511	11.671	0.046878	10.538
203.77	3.7543	0.53721	82.594	42.296	151.17	-20.071	2.1391e+05	0	4.848e+06	0	13.536	19437	1.0695e+06	0	0	0	0	0	2.1451e+06	6.3724e+05	0.23939	0.071117	11.671	0.046878	11.107
204.4	3.7619	0.52584	82.597	42.318	151.17	-20.05	2.1321e+05	0	4.848e+06	0	13.567	19454	1.0745e+06	0	0	0	0	0	2.1534e+06	6.4099e+05	0.24011	0.071472	11.693	0.075736	11.135
205.83	3.7791	0.50456	82.604	42.367	151.18	-20.002	2.1164e+05	0	4.848e+06	0	13.664	19496	1.0857e+06	0	0	0	0	0	2.258e+06	6.8447e+05	0.25122	0.076154	11.744	0.17688	11.522
207.9	3.8039	0.48672	82.614	42.435	151.18	-19.932	2.0935e+05	0	4.8481e+06	0	13.801	19562	1.1022e+06	0	0	0	0	0	2.37e+06	7.3146e+05	0.26282	0.081112	11.816	0.29515	11.93
210.43	3.834	0.47881	82.627	42.515	151.2	-19.847	2.0656e+05	0	4.8481e+06	0	13.957	19643	1.1225e+06	0	0	0	0	0	2.4792e+06	7.8047e+05	0.27379	0.086188	11.905	0.37723	12.305
213.15	3.8661	0.49301	82.641	42.604	151.21	-19.754	2.0356e+05	0	4.8481e+06	0	14.165	19722	1.1441e+06	0	0	0	0	0	2.6555e+06	8.6034e+05	0.29208	0.094627	11.999	0.40229	12.918
215.81	3.8973	0.52541	82.656	42.695	151.22	-19.663	2.0063e+05	0	4.8481e+06	0	14.323	19781	1.1649e+06	0	0	0	0	0	2.7327e+06	8.983e+05	0.29967	0.098507	12.089	0.40841	13.174
218.14	3.9245	0.56835	82.668	42.782	151.23	-19.582	1.9806e+05	0	4.8482e+06	0	14.525	19811	1.1825e+06	0	0	0	0	0	2.8982e+06	9.7973e+05	0.31734	0.10727	12.168	0.39892	13.742
219.91	3.9449	0.61407	82.678	42.854	151.24	-19.52	1.961e+05	0	4.8482e+06	0	14.642	19814	1.1952e+06	0	0	0	0	0	2.957e+06	1.01e+06	0.32374	0.11058	12.227	0.38611	13.953
220.95	3.957	0.64195	82.683	42.899	151.25	-19.484	1.9495e+05	0	4.8482e+06	0	14.687	19807	1.2025e+06	0	0	0	0	0	2.9582e+06	1.012e+06	0.32397	0.11083	12.261	0.37998	13.966
221.21	3.9599	0.64905	82.685	42.911	151.25	-19.475	1.9467e+05	0	4.8482e+06	0	14.696	19804	1.2043e+06	0	0	0	0	0	2.9562e+06	1.0114e+06	0.3238	0.11078	12.269	0.38099	13.962
221.98	3.9689	0.67058	82.689	42.946	151.25	-19.447	1.9381e+05	0	4.8482e+06	0	14.728	19794	1.2096e+06	0	0	0	0	0	2.9545e+06	1.0118e+06	0.32377	0.11088	12.295	0.38954	13.966
223.72	3.9891	0.72159	82.698	43.03	151.26	-19.386	1.9189e+05	0	4.8482e+06	0	14.842	19758	1.2211e+06	0	0	0	0	0	3.0149e+06	1.0457e+06	0.331	0.1148	12.352	0.41803	14.196
226.21	4.0176	0.81059	82.712	43.163	151.27	-19.298	1.8915e+05	0	4.8483e+06	0	15.06	19666	1.2362e+06	0	0	0	0	0	3.166e+06	1.1291e+06	0.34921	0.12454	12.431	0.45118	14.761
229.14	4.051	0.93278	82.728	43.342	151.29	-19.193	1.8592e+05	0	4.8483e+06	0	15.201	19490	1.2517e+06	0	0	0	0	0	3.1926e+06	1.1513e+06	0.35533	0.12813	12.522	0.47322	14.965
232.16	4.0857	1.061	82.746	43.556	151.3	-19.084	1.8258e+05	0	4.8483e+06	0	15.284	19234	1.2653e+06	0	0	0	0	0	3.15e+06	1.1398e+06	0.35527	0.12855	12.615	0.48747	14.981
234.91	4.1176	1.1771	82.761	43.777	151.31	-18.985	1.7955e+05	0	4.8484e+06	0	15.351	18936	1.2757e+06	0	0	0	0	0	3.1014e+06	1.1258e+06	0.35527	0.12896	12.699	0.49322	14.998
237.05	4.1428	1.2659	82.773	43.965	151.32	-18.906	1.7718e+05	0	4.8484e+06	0	15.396	18665	1.2825e+06	0	0	0	0	0	3.0543e+06	1.111e+06	0.35497	0.12912	12.764	0.47965	15.002
238.33	4.158	1.3183	82.781	44.085	151.33	-18.859	1.7577e+05	0	4.8485e+06	0	15.426	18487	1.286e+06	0	0	0	0	0	3.0299e+06	1.1048e+06	0.35553	0.12964	12.802	0.47343	15.026
238.64	4.1617	1.3309	82.782	44.115	151.33	-18.848	1.7543e+05	0	4.8485e+06	0	15.432	18442	1.2867e+06	0	0	0	0	0	3.0222e+06	1.1023e+06	0.35549	0.12966	12.811	0.47353	15.026
239.42	4.171	1.362	82.787	44.191	151.34	-18.819	1.7457e+05	0	4.8485e+06	0	15.437	18327	1.2886e+06	0	0	0	0	0	2.9884e+06	1.0883e+06	0.35371	0.12881	12.835	0.48335	14.978
241.16	4.1919	1.4299	82.797	44.369	151.34	-18.754	1.7265e+05	0	4.8485e+06	0	15.474	18056	1.2922e+06	0	0	0	0	0	2.9489e+06	1.0769e+06	0.35428	0.12937	12.887	0.5166	15.005
243.64	4.2221	1.5241	82.811	44.638	151.36	-18.662	1.6991e+05	0	4.8486e+06	0	15.513	17638	1.2961e+06	0	0	0	0	0	2.8699e+06	1.0492e+06	0.35295	0.12903	12.961	0.55725	14.98
246.57	4.2584	1.6272	82.828	44.98	151.37	-18.552	1.6667e+05	0	4.8486e+06	0	15.565	17106	1.299e+06	0	0	0	0	0	2.7785e+06	1.0184e+06	0.35234	0.12914	13.049	0.5889	14.978
249.59	4.2964	1.7283	82.845	45.358	151.39	-18.437	1.6334e+05	0	4.8487e+06	0	15.617	16519	1.3e+06	0	0	0	0	0	2.6672e+06	9.7841e+05	0.35025	0.12848	13.139	0.60943	14.932
252.34	4.3322	1.7978	82.861	45.724	151.4	-18.332	1.6031e+05	0	4.8488e+06	0	15.606	15966	1.3e+06	0	0	0	0	0	2.3565e+06	8.3168e+05	0.32017	0.113	13.224	0.60882	14.019
254.49	4.3612	1.8326	82.873	46.019	151.41	-18.25	1.5794e+05	0	4.8488e+06	0	15.672	15533	1.2999e+06	0	0	0	0	0	2.2687e+06	7.9915e+05	0.31682	0.1116	13.292	0.58138	13.924
255.77	4.3786	1.854	82.88	46.199	151.42	-18.2	1.5653e+05	0	4.8489e+06	0	15.722	15273	1.2996e+06	0	0	0	0	0	2.2469e+06	7.9506e+05	0.31913	0.11292	13.332	0.5698	14.006
256.08	4.3829	1.8585	82.881	46.243	151.42	-18.188	1.5618e+05	0	4.8489e+06	0	15.733	15210	1.2995e+06	0	0	0	0	0	2.2384e+06	7.9245e+05	0.31922	0.11301	13.342	0.56973	14.01
257.06	4.3964	1.8734	82.887	46.383	151.42	-18.15	1.551e+05	0	4.8489e+06	0	15.769	15012	1.2991e+06	0	0	0	0	0	2.2029e+06	7.7984e+05	0.31832	0.11269	13.373	0.58449	13.987
259.22	4.4263	1.9035	82.899	46.698	151.44	-18.066	1.5271e+05	0	4.8489e+06	0	15.854	14575	1.298e+06	0	0	0	0	0	2.156e+06	7.6827e+05	0.32089	0.11434	13.442	0.62921	14.08
262.23	4.4684	1.9474	82.916	47.147	151.45	-17.947	1.494e+05	0	4.849e+06	0	15.981	13990	1.2966e+06	0	0	0	0	0	2.1576e+06	7.8756e+05	0.33455	0.12211	13.549	0.66199	14.525
265.62	4.5161	2.0026	82.934	47.672	151.47	-17.812	1.4565e+05	0	4.8491e+06	0	16.126	13374	1.2957e+06	0	0	0	0	0	2.1255e+06	7.9084e+05	0.34475	0.12827	13.694	0.68047	14.872
268.88	4.5628	2.0536	82.953	48.196	151.49	-17.681	1.4206e+05	0	4.8491e+06	0	16.27	12778	1.2934e+06	0	0	0	0	0	2.0518e+06	7.7112e+05	0.34831	0.13091	13.835	0.68008	15.012
271.52	4.6012	2.0902	82.967	48.633	151.5	-17.575	1.3915e+05	0	4.8492e+06	0	16.397	12297	1.2908e+06	0	0	0	0	0	1.9722e+06	7.4425e+05	0.3479	0.13129	13.952	0.64941	15.023
273.12	4.625	2.1096	82.976	48.904	151.51	-17.509	1.3737e+05	0	4.8492e+06	0	16.481	12005	1.289e+06	0	0	0	0	0	1.9222e+06	7.2624e+05	0.34731	0.13122	14.024	0.62915	15.011
273.52	4.6308	2.1141	82.978	48.971	151.51	-17.493	1.3694e+05	0	4.8492e+06	0	16.503	11935	1.2885e+06	0	0	0	0	0	1.9111e+06	7.2225e+05	0.34736	0.13127	14.041	0.62723	15.01
274.29	4.6424	2.1226	82.982	49.105	151.51	-17.461	1.3608e+05	0	4.8492e+06	0	16.547	11794	1.2875e+06	0	0	0	0	0	1.8896e+06	7.1453e+05	0.34753	0.13142	14.076	0.63759	15.01
276.03	4.6686	2.1402	82.992	49.406	151.52	-17.389	1.3416e+05	0	4.8492e+06	0	16.648	11483	1.2851e+06	0	0	0	0	0	1.8414e+06	6.9716e+05	0.34786	0.1317	14.156	0.67532	15.009
278.52	4.7065	2.1617	83.005	49.843	151.54	-17.286	1.3142e+05	0	4.8493e+06	0	16.8	11044	1.2814e+06	0	0	0	0	0	1.7707e+06	6.7104e+05	0.34779	0.13181	14.271	0.7239	14.99
281.45	4.752	2.1816	83.021	50.368	151.55	-17.164	1.2819e+05	0	4.8493e+06	0	16.991	10536	1.2766e+06	0	0	0	0	0	1.69e+06	6.4148e+05	0.34792	0.13207	14.409	0.75696	14.974
284.47	4.7999	2.1964	83.037	50.919	151.57	-17.036	1.2486e+05	0	4.8494e+06	0	17.199	10027	1.2712e+06	0	0	0	0	0	1.6118e+06	6.1328e+05	0.34868	0.13267	14.554	0.77038	14.976
287.22	4.8443	2.206	83.052	51.428	151.58	-16.919	1.2182e+05	0	4.8494e+06	0	17.397	9619.3	1.2688e+06	0	0	0	0	0	1.5519e+06	5.9239e+05	0.34995	0.13359	14.721	0.75982	14.991
289.36	4.8794	2.2115	83.063	51.83	151.6	-16.826	1.1946e+05	0	4.8494e+06	0	17.557	9312.5	1.267e+06	0	0	0	0	0	1.5068e+06	5.7671e+05	0.35098	0.13434	14.859	0.72022	15.003
290.64	4.9007	2.214	83.07	52.072	151.6	-16.771	1.1804e+05	0	4.8495e+06	0	17.656	9131.3	1.2658e+06	0	0	0	0	0	1.4799e+06	5.6733e+05	0.35157	0.13477	14.943	0.70323	15.009
290.95	4.9058	2.2145	83.071	52.131	151.6	-16.757	1.177e+05	0	4.8495e+06	0	17.68	9087.7	1.2655e+06	0	0	0	0	0	1.474e+06	5.6539e+05	0.35184	0.13495	14.963	0.70278	15.014
291.73	4.9188	2.2156	83.075	52.279	151.61	-16.724	1.1684e+05	0	4.8495e+06	0	17.743	8978.9	1.2648e+06	0	0	0	0	0	1.4562e+06	5.5877e+05	0.3518	0.13499	15.014	0.71695	15.006
293.47	4.9481	2.2172	83.084	52.61	151.62	-16.648	1.1492e+05	0	4.8495e+06	0	17.882	8738.3	1.263e+06	0	0	0	0	0	1.4206e+06	5.4633e+05	0.35265	0.13562	15.13	0.77087	15.015
295.95	4.9905	2.2179	83.097	53.088	151.63	-16.538	1.1218e+05	0	4.8495e+06	0	18.088	8400.8	1.2602e+06	0	0	0	0	0	1.3704e+06	5.2865e+05	0.35384	0.13651	15.298	0.84247	15.026
298.88	5.0413	2.2159	83.113	53.656	151.65	-16.408	1.0895e+05	0	4.8495e+06	0	18.34	8013	1.2566e+06	0	0	0	0	0	1.3124e+06	5.0817e+05	0.35528	0.13757	15.5	0.89216	15.04
301.9	5.0946	2.211	83.129	54.248	151.67	-16.273	1.0561e+05	0	4.8496e+06	0	18.621	7625.1	1.2525e+06	0	0	0	0	0	1.2457e+06	4.8278e+05	0.35438	0.13734	15.714	0.90261	14.984
304.65	5.1443	2.2001	83.143	54.79	151.68	-16.149	1.0258e+05	0	4.8496e+06	0	18.936	7284.1	1.2488e+06	0	0	0	0	0	1.1399e+06	4.3542e+05	0.33946	0.12967	15.913	0.87573	14.513
306.8	5.1839	2.1851	83.153	55.213	151.69	-16.051	1.0021e+05	0	4.8496e+06	0	19.188	7027.3	1.246e+06	0	0	0	0	0	1.0659e+06	4.0282e+05	0.32902	0.12434	16.073	0.82118	14.184
308.08	5.2079	2.1745	83.16	55.467	151.7	-15.992	98798	0	4.8496e+06	0	19.327	6877.8	1.2444e+06	0	0	0	0	0	1.0358e+06	3.9078e+05	0.32669	0.12325	16.169	0.80076	14.104
308.39	5.2137	2.1718	83.161	55.528	151.7	-15.977	98456	0	4.8496e+06	0	19.361	6842	1.244e+06	0	0	0	0	0	1.0294e+06	3.8831e+05	0.32636	0.12311	16.193	0.8009	14.091
309.37	5.2323	2.163	83.166	55.722	151.71	-15.932	97373	0	4.8496e+06	0	19.468	6730.2	1.2428e+06	0	0	0	0	0	1.008e+06	3.799e+05	0.32489	0.12244	16.267	0.82737	14.04
311.53	5.2735	2.1429	83.177	56.148	151.72	-15.832	94987	0	4.8497e+06	0	19.694	6489.7	1.2402e+06	0	0	0	0	0	9.7377e+05	3.6803e+05	0.32548	0.12302	16.434	0.92318	14.039
314.54	5.3319	2.1132	83.191	56.74	151.74	-15.691	91670	0	4.8497e+06	0	20.041	6169	1.2368e+06	0	0	0	0	0	9.0969e+05	3.4292e+05	0.31987	0.12058	16.67	1.02	13.843
317.93	5.3993	2.0718	83.208	57.405	151.76	-15.53	87927	0	4.8497e+06	0	20.499	5826.9	1.2334e+06	0	0	0	0	0	8.0302e+05	2.9726e+05	0.29894	0.11066	16.943	1.0627	13.183
321.19	5.4659	2.0249	83.224	58.038	151.78	-15.373	84328	0	4.8497e+06	0	20.905	5518.5	1.2308e+06	0	0	0	0	0	7.4315e+05	2.7434e+05	0.29212	0.10784	17.212	1.0197	12.952
323.83	5.5206	1.9866	83.236	58.545	151.79	-15.245	81420	0	4.8498e+06	0	21.222	5283.3	1.2292e+06	0	0	0	0	0	7.1147e+05	2.6369e+05	0.29211	0.10826	17.434	0.92906	12.932
325.44	5.5545	1.9633	83.243	58.852	151.8	-15.166	79646	0	4.8498e+06	0	21.42	5145.6	1.2284e+06	0	0	0	0	0	6.9244e+05	2.5723e+05	0.2919	0.10844	17.571	0.88501	12.914
325.83	5.5628	1.9576	83.245	58.926	151.81	-15.147	79213	0	4.8498e+06	0	21.469	5112.7	1.2282e+06	0	0	0	0	0	6.8802e+05	2.5575e+05	0.29191	0.10851	17.605	0.88324	12.911
326.61	5.5794	1.9464	83.249	59.074	151.81	-15.109	78354	0	4.8498e+06	0	21.566	5048.1	1.2279e+06	0	0	0	0	0	6.7972e+05	2.53e+05	0.29208	0.10871	17.672	0.90048	12.91
328.34	5.6166	1.9217	83.257	59.403	151.82	-15.023	76435	0	4.8498e+06	0	21.785	4907.3	1.2273e+06	0	0	0	0	0	6.6087e+05	2.4666e+05	0.29213	0.10903	17.823	0.97963	12.899
330.83	5.6708	1.887	83.268	59.868	151.84	-14.899	73694	0	4.8498e+06	0	22.235	4714.4	1.2268e+06	0	0	0	0	0	6.393e+05	2.1127e+05	0.29416	0.097213	18.042	1.0934	13.218
333.76	5.7359	1.849	83.282	60.413	151.85	-14.751	70461	0	4.8498e+06	0	22.655	4498.6	1.2268e+06	0	0	0	0	0	6.2396e+05	1.9712e+05	0.30087	0.095051	18.306	1.17	13.532
336.78	5.8044	1.8105	83.295	60.97	151.87	-14.597	67127	0	4.8498e+06	0	23.095	4288	1.2272e+06	0	0	0	0	0	5.7115e+05	1.7916e+05	0.28893	0.090636	18.584	1.1561	13.176
339.53	5.8679	1.7736	83.308	61.471	151.89	-14.455	64094	0	4.8498e+06	0	23.495	4106.6	1.2281e+06	0	0	0	0	0	5.3383e+05	1.672e+05	0.28198	0.088319	18.842	1.0466	12.969
341.67	5.9183	1.7452	83.317	61.859	151.9	-14.343	61728	0	4.8498e+06	0	23.81	3971.5	1.2291e+06	0	0	0	0	0	5.0854e+05	1.5959e+05	0.27776	0.087167	19.047	0.92867	12.839
342.95	5.9488	1.7282	83.323	62.09	151.91	-14.276	60313	0	4.8498e+06	0	24.002	3893.4	1.2298e+06	0	0	0	0	0	4.9406e+05	1.5523e+05	0.27527	0.086489	19.171	0.88549	12.763
343.26	5.9562	1.7241	83.324	62.145	151.91	-14.26	59971	0	4.8498e+06	0	24.048	3874.8	1.23e+06	0	0	0	0	0	4.9063e+05	1.542e+05	0.27467	0.086327	19.201	0.88373	12.745
344.24	5.9797	1.7113	83.328	62.321	151.92	-14.208	58888	0	4.8498e+06	0	24.201	3816.6	1.2306e+06	0	0	0	0	0	4.7728e+05	1.4997e+05	0.27127	0.085237	19.297	0.90392	12.639
346.41	6.0321	1.6821	83.337	62.705	151.93	-14.093	56502	0	4.8499e+06	0	24.56	3692.3	1.2323e+06	0	0	0	0	0	4.3755e+05	1.3661e+05	0.25706	0.080256	19.51	0.9856	12.197
349.41	6.1064	1.6393	83.35	63.234	151.95	-13.932	53185	0	4.8499e+06	0	25.072	3528.2	1.2352e+06	0	0	0	0	0	3.8432e+05	1.1926e+05	0.23628	0.07332	19.812	1.0639	11.531
352.8	6.1922	1.5881	83.364	63.821	151.97	-13.747	49442	0	4.8499e+06	0	25.674	3355.1	1.2394e+06	0	0	0	0	0	3.2387e+05	99998	0.20939	0.064653	20.16	1.0468	10.645
356.07	6.2767	1.5355	83.377	64.376	152	-13.567	45842	0	4.8499e+06	0	26.282	3200.5	1.2447e+06	0	0	0	0	0	2.6307e+05	81138	0.1783	0.054993	20.503	0.93349	9.5785
358.7	6.3465	1.4905	83.387	64.815	152.01	-13.42	42935	0	4.8499e+06	0	26.786	3083.9	1.2498e+06	0	0	0	0	0	2.1817e+05	67722	0.15345	0.047635	20.786	0.81289	8.6927
360.31	6.3898	1.4627	83.394	65.079	152.02	-13.33	41161	0	4.8499e+06	0	27.079	3016.4	1.2534e+06	0	0	0	0	0	2.0625e+05	64478	0.14832	0.046368	20.961	0.76107	8.5064
360.7	6.4004	1.4561	83.395	65.143	152.03	-13.308	40728	0	4.8499e+06	0	27.145	3000.3	1.2543e+06	0	0	0	0	0	2.0786e+05	65076	0.15028	0.047049	21.004	0.7601	8.5796
361.33	6.4176	1.4455	83.398	65.245	152.03	-13.272	40030	0	4.8499e+06	0	27.272	2974.7	1.2558e+06	0	0	0	0	0	1.9664e+05	61781	0.1434	0.045051	21.074	0.76975	8.3268
362.76	6.4567	1.4217	83.403	65.475	152.04	-13.191	38456	0	4.8499e+06	0	27.53	2918.4	1.2594e+06	0	0	0	0	0	1.9278e+05	60943	0.14329	0.045298	21.232	0.83727	8.326
364.84	6.5141	1.3909	83.411	65.805	152.06	-13.072	36164	0	4.8499e+06	0	27.874	2839.4	1.2651e+06	0	0	0	0	0	2.133e+05	67822	0.16295	0.051813	21.464	1.0081	9.0532
367.36	6.585	1.3585	83.421	66.202	152.07	-12.926	33380	0	4.8499e+06	0	28.316	2748	1.2724e+06	0	0	0	0	0	2.2892e+05	73607	0.1807	0.058103	21.75	1.2641	9.6848
370.08	6.6623	1.3383	83.432	66.626	152.09	-12.766	30375	0	4.8499e+06	0	28.622	2653.3	1.2806e+06	0	0	0	0	0	3.4677e+05	1.1737e+05	0.2835	0.095952	22.063	1.571	13.058
372.74	6.7385	1.3386	83.443	67.041	152.11	-12.609	27444	0	4.8499e+06	0	28.969	2562.6	1.2882e+06	0	0	0	0	0	4.2406e+05	1.5279e+05	0.35896	0.12933	22.373	1.9087	15.272
375.07	6.8059	1.3523	83.453	67.411	152.13	-12.47	24874	0	4.8499e+06	0	29.187	2482.8	1.2941e+06	0	0	0	0	0	5.1747e+05	2.032e+05	0.4521	0.17754	22.648	2.284	17.905
376.84	6.8574	1.3737	83.462	67.699	152.14	-12.363	22917	0	4.8499e+06	0	29.371	2421	1.2978e+06	0	0	0	0	0	5.7224e+05	2.3852e+05	0.51272	0.21371	22.861	2.6586	19.532
377.89	6.8879	1.3893	83.467	67.872	152.15	-12.299	21763	0	4.8499e+06	0	29.544	2384	1.2996e+06	0	0	0	0	0	5.8274e+05	2.4679e+05	0.53024	0.22456	22.988	2.9085	20.048
378.14	6.8952	1.3939	83.468	67.914	152.15	-12.284	21485	0	4.8499e+06	0	29.655	2375	1.3e+06	0	0	0	0	0	5.6286e+05	2.3492e+05	0.51409	0.21456	23.018	2.9663	19.572
378.14	6.8952	1.3939	83.468	67.914	152.15	-12.284	21485	0	0	0	3.9954	2375	1.3e+06	0	0	0	0	0	5.6286e+05	2.3492e+05	0.51409	0.21456	23.018	2.9663	19.572
383.77	6.8883	1.4217	83.498	68.872	152.19	-11.941	21485	0	0	0	2.0916	2070.1	1.2112e+06	0	0	0	0	0	2.9681e+05	1.0269e+05	0.31102	0.10761	23.134	6.336	13.898
396.8	6.8821	1.2822	83.553	71.013	152.28	-11.148	21485	0	0	0	0.31155	1517.7	1.0352e+06	0	0	0	0	0	25306	13060	0.036169	0.018666	23.434	9.6072	3.6484
416.69	6.8781	0.93662	83.612	73.665	152.42	-9.9388	21485	0	0	0	0.19612	1013.8	8.4504e+05	0	0	0	0	0	13452	8163.9	0.028783	0.017468	23.715	5.2141	3.2142
442.68	6.8744	0.51086	83.681	75.919	152.6	-8.3604	21485	0	0	0	0.15237	713.46	7.0812e+05	0	0	0	0	0	18193	7158.8	0.055315	0.021766	23.961	3.5197	4.6792
473.76	6.8733	-0.018058	83.743	76.836	152.81	-6.4734	21485	0	0	0	0.18406	617.17	6.5838e+05	0	0	0	0	0	28457	9362.4	0.10002	0.032907	24.066	2.6155	6.686
508.74	6.8671	-0.45035	83.8	75.751	153.04	-4.3501	21485	0	0	0	1.2048	730.99	7.1521e+05	0	0	0	0	0	1.7844e+05	75529	0.5295	0.22413	23.916	2.2991	23.665
546.28	6.8482	-0.66454	83.845	73.194	153.29	-2.0751	21485	0	0	0	1.7864	1080.1	8.6447e+05	0	0	0	0	0	2.6379e+05	1.1168e+05	0.52979	0.2243	23.559	2.1139	22.956
584.93	6.8202	-0.70057	83.876	69.922	153.54	0.26071	21485	0	0	0	2.9183	1746.3	1.09e+06	0	0	0	0	0	4.2682e+05	1.8075e+05	0.53019	0.22453	23.06	2.1953	21.185
623.21	6.7685	-0.33248	83.907	67.45	153.78	2.562	21485	0	0	0	4.1285	2442.1	1.269e+06	0	0	0	0	0	5.9736e+05	2.5305e+05	0.53061	0.22477	22.529	2.8752	22.569
659.64	6.7218	-0.035304	83.939	66.8	154.02	4.7361	21485	0	0	0	2.8807	2636.4	1.3e+06	0	0	0	0	0	4.248e+05	1.5148e+05	0.34951	0.12463	22.284	4.7183	15
692.83	6.6958	-0.057281	83.953	66.656	154.23	6.7067	21485	0	0	0	2.5493	2669	1.2976e+06	0	0	0	0	0	3.7759e+05	1.3031e+05	0.30689	0.10591	22.178	5.4887	13.762
721.5	6.6707	-0.04715	83.96	66.464	154.41	8.4027	21485	0	0	0	2.8073	2720.2	1.3e+06	0	0	0	0	0	4.1471e+05	1.4586e+05	0.33071	0.11631	22.069	5.8885	14.456
744.56	6.6511	-0.052136	83.961	66.341	154.55	9.7617	21485	0	0	0	2.6907	2750.1	1.2993e+06	0	0	0	0	0	3.9816e+05	1.3812e+05	0.31405	0.10894	21.987	6.1881	13.975
761.1	6.6364	-0.052025	83.958	66.235	154.66	10.735	21485	0	0	0	2.8731	2778.3	1.3e+06	0	0	0	0	0	4.2443e+05	1.4914e+05	0.33138	0.11644	21.924	6.4491	14.474
770.51	6.628	-0.050917	83.957	66.182	154.72	11.287	21485	0	0	0	2.7448	2791.6	1.2997e+06	0	0	0	0	0	4.0614e+05	1.4077e+05	0.31559	0.10939	21.89	6.5175	14.019
772.74	6.6261	-0.052773	83.956	66.168	154.73	11.417	21485	0	0	0	2.7493	2795.4	1.2998e+06	0	0	0	0	0	4.0682e+05	1.41e+05	0.31569	0.10941	21.881	6.6086	14.022
782.71	6.6172	-0.053601	83.953	66.106	154.79	12.002	21485	0	0	0	2.8724	2811.6	1.3e+06	0	0	0	0	0	4.2454e+05	1.4849e+05	0.32754	0.11457	21.844	6.7442	14.363
805.5	6.5964	-0.053136	83.944	65.967	154.94	13.335	21485	0	0	0	2.8787	2848	1.3e+06	0	0	0	0	0	4.2564e+05	1.4822e+05	0.32419	0.11289	21.756	7.1099	14.265
839.49	6.565	-0.055995	83.925	65.754	155.16	15.315	21485	0	0	0	2.9771	2904.4	1.3e+06	0	0	0	0	0	4.4007e+05	1.5342e+05	0.32867	0.11458	21.625	7.6285	14.392
882.35	6.5241	-0.058034	83.892	65.475	155.43	17.798	21485	0	0	0	3.0492	2979.8	1.3e+06	0	0	0	0	0	4.5084e+05	1.5659e+05	0.3282	0.11399	21.453	8.2786	14.377
931.17	6.476	-0.061975	83.843	65.143	155.75	20.606	21485	0	0	0	3.186	3071.6	1.3e+06	0	0	0	0	0	4.7096e+05	1.6355e+05	0.3326	0.1155	21.252	9.0147	14.501
982.61	6.4233	-0.064958	83.781	64.775	156.09	23.542	21485	0	0	0	3.2831	3176.1	1.3e+06	0	0	0	0	0	4.8549e+05	1.6773e+05	0.33157	0.11456	21.033	9.7853	14.469
1033.2	6.3697	-0.06961	83.71	64.396	156.44	26.404	21485	0	0	0	3.4381	3287.2	1.3e+06	0	0	0	0	0	5.0835e+05	1.7548e+05	0.33546	0.1158	20.81	10.523	14.578
1079.4	6.3189	-0.072355	83.638	64.032	156.77	29	21485	0	0	0	3.5193	3396.9	1.3e+06	0	0	0	0	0	5.2062e+05	1.7851e+05	0.33246	0.114	20.599	11.183	14.49
1118.2	6.2751	-0.076976	83.573	63.715	157.05	31.16	21485	0	0	0	3.671	3495	1.3e+06	0	0	0	0	0	5.4294e+05	1.8629e+05	0.33698	0.11562	20.417	11.711	14.618
1146.8	6.2419	-0.077393	83.522	63.472	157.26	32.746	21485	0	0	0	3.6692	3572	1.3e+06	0	0	0	0	0	5.4315e+05	1.8463e+05	0.32985	0.11212	20.28	12.086	14.411
1163.4	6.2226	-0.082759	83.491	63.33	157.38	33.66	21485	0	0	0	3.862	3617.5	1.3e+06	0	0	0	0	0	5.7102e+05	1.9608e+05	0.34241	0.11758	20.2	12.222	14.772
1167.3	6.2177	-0.076908	83.485	63.293	157.41	33.877	21485	0	0	0	3.9504	3629.3	1.3e+06	0	0	0	0	0	5.8369e+05	2.015e+05	0.34886	0.12043	20.18	12.061	14.958
1179.2	6.2035	-0.077155	83.463	63.196	157.5	34.528	21485	0	0	0	3.7257	3659.7	1.2993e+06	0	0	0	0	0	5.5177e+05	1.8645e+05	0.32705	0.11052	20.122	12.515	14.328
1206.1	6.1716	-0.08866	83.41	62.951	157.71	36.003	21485	0	0	0	3.9032	3741.7	1.3e+06	0	0	0	0	0	5.7772e+05	1.9623e+05	0.33492	0.11376	19.99	12.836	14.554
1245.9	6.1224	-0.085221	83.334	62.581	158.02	38.164	21485	0	0	0	3.9777	3866.4	1.3e+06	0	0	0	0	0	5.8913e+05	1.9844e+05	0.33052	0.11133	19.787	13.303	14.424
1295.2	6.0605	-0.095457	83.231	62.109	158.43	40.822	21485	0	0	0	4.1421	4031.1	1.3e+06	0	0	0	0	0	6.1374e+05	2.0563e+05	0.33027	0.11065	19.533	13.848	14.414
1350.1	5.9889	-0.0961	83.114	61.553	158.9	43.749	21485	0	0	0	4.2736	4232.3	1.3e+06	0	0	0	0	0	6.3384e+05	2.0986e+05	0.32486	0.10756	19.24	14.352	14.255
1406.2	5.9142	-0.10781	82.979	60.963	159.41	46.7	21485	0	0	0	4.4639	4455.7	1.3e+06	0	0	0	0	0	6.6258e+05	2.1739e+05	0.32257	0.10583	18.935	14.862	14.185
1458.9	5.8415	-0.10741	82.864	60.377	159.92	49.437	21485	0	0	0	4.6064	4687.5	1.3e+06	0	0	0	0	0	6.8448e+05	2.2154e+05	0.31675	0.10252	18.64	16.098	14.014
1503.9	5.7785	-0.12264	82.778	59.86	160.38	51.748	21485	0	0	0	4.7755	4900.7	1.3e+06	0	0	0	0	0	7.1014e+05	2.2797e+05	0.31433	0.1009	18.384	16.597	13.938
1537.6	5.7295	-0.10981	82.713	59.452	160.74	53.461	21485	0	0	0	4.9133	5074.8	1.3e+06	0	0	0	0	0	7.3087e+05	2.3312e+05	0.31241	0.099646	18.186	16.759	13.878
1557.2	5.701	-0.11962	82.672	59.241	160.96	54.454	21485	0	0	0	4.7859	5160.4	1.2976e+06	0	0	0	0	0	7.1135e+05	2.2917e+05	0.29902	0.096335	18.074	17.302	13.424
1561.9	5.6942	-0.12828	82.661	59.18	161.01	54.691	21485	0	0	0	4.7583	5188.2	1.2979e+06	0	0	0	0	0	7.0582e+05	2.326e+05	0.2951	0.097249	18.046	17.336	13.254
1569.3	5.6834	-0.14419	82.644	59.08	161.09	55.06	21485	0	0	0	4.808	5233.9	1.2985e+06	0	0	0	0	0	7.104e+05	2.4384e+05	0.29443	0.10106	18.002	17.463	13.151
1586.2	5.6551	-0.16005	82.603	58.821	161.29	55.908	21485	0	0	0	5.1047	5354.3	1.3e+06	0	0	0	0	0	7.463e+05	2.8141e+05	0.30235	0.11401	17.886	16.816	13.199
1611.8	5.6088	-0.15696	82.538	58.423	161.59	57.181	21485	0	0	0	5.2072	5537.6	1.3e+06	0	0	0	0	0	7.6184e+05	2.8526e+05	0.29843	0.11174	17.7	17.128	13.1
1644.7	5.5495	-0.16738	82.481	57.905	161.99	58.806	21485	0	0	0	5.3527	5784.3	1.3e+06	0	0	0	0	0	7.8392e+05	2.9104e+05	0.29398	0.10914	17.462	18.85	12.988
1683.4	5.4776	-0.17513	82.448	57.265	162.49	60.691	21485	0	0	0	5.5183	6102.1	1.3e+06	0	0	0	0	0	8.0904e+05	2.9752e+05	0.2876	0.10576	17.175	19.334	12.814
1725.9	5.3977	-0.18618	82.413	56.538	163.06	62.732	21485	0	0	0	5.6698	6481.2	1.3e+06	0	0	0	0	0	8.3248e+05	3.022e+05	0.27863	0.10115	16.857	19.417	12.558
1770.1	5.313	-0.19483	82.36	55.751	163.69	64.82	21485	0	0	0	5.8216	6914.9	1.3e+06	0	0	0	0	0	8.5628e+05	3.0599e+05	0.26861	0.095988	16.521	19.291	12.267
1813.6	5.2287	-0.2075	82.308	54.947	164.36	66.85	21485	0	0	0	6.0026	7383.7	1.3e+06	0	0	0	0	0	8.8448e+05	3.1095e+05	0.25985	0.091351	16.188	20.164	12.01
1854.5	5.1482	-0.21656	82.27	54.16	165.03	68.723	21485	0	0	0	6.1521	7868.5	1.3e+06	0	0	0	0	0	9.0802e+05	3.1423e+05	0.25032	0.086627	15.872	20.242	11.714
1890.5	5.077	-0.2274	82.211	53.448	165.66	70.352	21485	0	0	0	6.2686	8331	1.3e+06	0	0	0	0	0	9.2675e+05	3.1565e+05	0.24131	0.082187	15.593	20.126	11.428
1920	5.0183	-0.23131	82.138	52.85	166.22	71.665	21485	0	0	0	6.3673	8737.5	1.3e+06	0	0	0	0	0	9.4268e+05	3.1653e+05	0.23403	0.078583	15.364	19.699	11.196
1941.4	4.976	-0.23878	82.066	52.415	166.65	72.61	21485	0	0	0	6.4102	9042.8	1.2997e+06	0	0	0	0	0	9.5018e+05	3.1523e+05	0.22793	0.075617	15.2	20.335	10.997
1953.6	4.9516	-0.24574	82.032	52.157	166.9	73.147	21485	0	0	0	6.527	9230.4	1.3e+06	0	0	0	0	0	9.6782e+05	3.2001e+05	0.22744	0.075204	15.105	21.065	10.984
1956.5	4.9458	-0.24571	82.025	52.095	166.96	73.274	21485	0	0	0	6.4414	9275.1	1.3e+06	0	0	0	0	0	9.5551e+05	3.1473e+05	0.22347	0.073608	15.082	21.11	10.845
1966.5	4.9257	-0.24788	81.999	51.883	167.18	73.708	21485	0	0	0	6.6077	9430.9	1.3e+06	0	0	0	0	0	9.8021e+05	3.2258e+05	0.22546	0.074196	15.004	21.157	10.919
1989.3	4.8798	-0.25294	81.931	51.393	167.69	74.696	21485	0	0	0	6.6322	9800.3	1.3e+06	0	0	0	0	0	9.8499e+05	3.2028e+05	0.21802	0.070892	14.826	21.15	10.664
2023.3	4.8109	-0.24669	81.771	50.674	168.52	76.15	21485	0	0	0	6.8119	10389	1.3e+06	0	0	0	0	0	1.0129e+06	3.2472e+05	0.21149	0.067799	14.587	20.742	10.441
2066.1	4.7239	-0.25085	81.488	49.793	169.7	77.954	21485	0	0	0	6.8951	11196	1.3e+06	0	0	0	0	0	1.0273e+06	3.2191e+05	0.19905	0.062372	14.324	21.865	10.005
2115	4.6245	-0.26492	81.004	48.765	171.33	79.966	21485	0	0	0	7.1332	12216	1.3e+06	0	0	0	0	0	1.0645e+06	3.2742e+05	0.18903	0.058141	14.022	21.967	9.638
2166.4	4.5194	-0.27618	80.058	47.654	173.53	82.037	21485	0	0	0	7.2462	13424	1.3e+06	0	0	0	0	0	1.0836e+06	3.2526e+05	0.17511	0.052559	13.703	22.336	9.0693
2217	4.4148	-0.27634	78.345	46.559	176.65	84.018	21485	0	0	0	7.5738	14776	1.3e+06	0	0	0	0	0	1.1339e+06	3.3516e+05	0.16646	0.049202	13.417	23.492	8.6879
2263.2	4.3182	-0.28401	75.069	45.582	181.31	85.774	21485	0	0	0	7.5417	16177	1.2999e+06	0	0	0	0	0	1.1305e+06	3.2897e+05	0.15159	0.044111	13.191	23.04	8.0698
2302	4.237	-0.27603	68.799	44.749	188.8	87.184	21485	0	0	0	8.0818	17489	1.3e+06	0	0	0	0	0	1.2121e+06	3.4967e+05	0.15034	0.04337	12.999	23.892	7.9893
2330.6	4.1732	-0.15602	57.972	44.275	200.66	88.151	21485	0	0	0	8.2413	18132	1.2831e+06	0	0	0	0	0	1.2357e+06	3.5437e+05	0.14783	0.042394	12.836	24.12	7.8593
2347.2	4.1364	-0.10307	44.883	44.131	214.35	88.635	21485	0	0	0	8.3717	18177	1.2616e+06	0	0	0	0	0	1.2553e+06	3.5833e+05	0.1498	0.042762	12.733	24.009	7.9221
2351.1	4.1273	-0.078725	40.349	44.1	219.03	88.734	21485	0	0	0	8.453	18177	1.2559e+06	0	0	0	0	0	1.2674e+06	3.6131e+05	0.15126	0.043119	12.707	23.817	7.977
2355.6	4.117	-0.053012	34.377	44.079	225.17	88.834	21485	0	0	0	8.4894	18139	1.2482e+06	0	0	0	0	0	1.2728e+06	3.6242e+05	0.15221	0.043339	12.676	23.962	8.0104
2365.9	4.0934	-0.0012866	16.561	44.059	243.38	89	21485	0	0	0	8.4187	17982	1.2282e+06	0	0	0	0	0	1.2622e+06	3.5828e+05	0.15226	0.04322	12.605	24.06	8.0005
2381.8	4.0575	0.044705	-16.276	44.09	276.82	89	21485	0	0	0	8.2606	17592	1.1931e+06	0	0	0	0	0	1.2386e+06	3.4998e+05	0.15272	0.043154	12.492	23.835	8.0004
2402.8	4.0124	0.029841	-46.915	44.154	308.21	88.591	21485	0	0	0	7.9235	17049	1.1479e+06	0	0	0	0	0	1.1886e+06	3.3403e+05	0.15123	0.0425	12.349	23.34	7.9151
2428.1	3.9612	-0.13171	-62.458	44.092	324.59	87.845	21485	0	0	0	7.4256	16762	1.1087e+06	0	0	0	0	0	1.1154e+06	3.1189e+05	0.14434	0.040362	12.196	22.791	7.6079
2457.1	3.9039	-0.31593	-70.729	43.607	333.82	86.907	21485	0	0	0	8.2694	17436	1.0974e+06	0	0	0	0	0	1.2439e+06	3.4531e+05	0.15476	0.04296	12.051	22.137	8.0081
2488.9	3.8352	-0.23722	-74.449	42.996	338.7	85.857	21485	0	0	0	8.7164	18352	1.0857e+06	0	0	0	0	0	1.3112e+06	3.6141e+05	0.15498	0.042719	11.878	21.397	7.9882
2522.5	3.7654	-0.20995	-76.991	42.51	342.43	84.752	21485	0	0	0	8.5663	18961	1.0627e+06	0	0	0	0	0	1.289e+06	3.5295e+05	0.14747	0.040379	11.692	20.576	7.6495
2556.9	3.6909	0.014916	-77.924	42.247	344.62	83.634	21485	0	0	0	9.1138	18920	1.019e+06	0	0	0	0	0	1.3707e+06	3.7184e+05	0.15716	0.042633	11.477	19.817	8.0085
2591	3.6149	0.12863	-78.811	42.501	346.72	82.544	21485	0	0	0	8.5324	17498	9.39e+05	0	0	0	0	0	1.2833e+06	3.4489e+05	0.1591	0.042756	11.225	19.107	8.0435
2623.8	3.5492	-0.082522	-79.023	42.552	347.97	81.513	21485	0	0	0	8.1527	16745	8.8472e+05	0	0	0	0	0	1.2283e+06	3.2718e+05	0.15912	0.042384	11.018	18.442	8.0106
2654.3	3.4874	-0.18216	-79.373	42.307	349.31	80.571	21485	0	0	0	8.1698	16746	8.5344e+05	0	0	0	0	0	1.2321e+06	3.2582e+05	0.1596	0.042204	10.841	17.722	8.0005
2681.6	3.4334	-0.32829	-79.277	41.887	350.06	79.742	21485	0	0	0	8.3762	17241	8.3868e+05	0	0	0	0	0	1.2646e+06	3.3251e+05	0.15912	0.041836	10.697	17.051	7.9561
2704.9	3.3843	-0.30001	-79.377	41.432	350.92	79.046	21485	0	0	0	8.7956	17890	8.2951e+05	0	0	0	0	0	1.3281e+06	3.4754e+05	0.16103	0.042139	10.571	16.478	8.0123
2723.4	3.3453	-0.25313	-79.186	41.139	351.32	78.5	21485	0	0	0	8.8001	18241	8.1793e+05	0	0	0	0	0	1.3288e+06	3.4616e+05	0.15802	0.041165	10.466	16.092	7.8716
2736.5	3.3165	-0.17771	-79.214	40.966	351.79	78.115	21485	0	0	0	9.051	18384	8.0668e+05	0	0	0	0	0	1.3665e+06	3.5488e+05	0.16123	0.041873	10.385	15.737	7.9896
2744	3.3	-0.12731	-79.095	40.905	351.91	77.898	21485	0	0	0	9.0615	18365	7.9806e+05	0	0	0	0	0	1.3679e+06	3.5458e+05	0.16157	0.041882	10.337	15.449	7.9953
2745.7	3.296	-0.11313	-79.114	40.892	351.99	77.848	21485	0	0	0	9.0778	18357	7.9592e+05	0	0	0	0	0	1.3703e+06	3.5509e+05	0.16192	0.04196	10.326	15.421	8.0074
2752.1	3.2818	-0.071683	-79.073	40.859	352.16	77.663	21485	0	0	0	8.9791	18286	7.8736e+05	0	0	0	0	0	1.3553e+06	3.5053e+05	0.16078	0.041583	10.283	15.414	7.9533
2766.9	3.2496	-0.022371	-78.98	40.823	352.53	77.239	21485	0	0	0	8.7755	18023	7.6605e+05	0	0	0	0	0	1.3246e+06	3.4122e+05	0.15943	0.041069	10.184	15.18	7.8811
2789.4	3.2021	-0.036154	-78.846	40.801	353.09	76.603	21485	0	0	0	8.5307	17556	7.3359e+05	0	0	0	0	0	1.2882e+06	3.2989e+05	0.15917	0.04076	10.036	14.723	7.8452
2818.6	3.1425	-0.15647	-78.671	40.646	353.76	75.792	21485	0	0	0	8.4924	17294	7.0057e+05	0	0	0	0	0	1.2837e+06	3.2659e+05	0.16101	0.040964	9.858	14.143	7.8447
2853.2	3.0705	-0.19315	-78.411	40.303	354.51	74.85	21485	0	0	0	8.7438	17363	6.6938e+05	0	0	0	0	0	1.3225e+06	3.3406e+05	0.16522	0.041735	9.6505	13.428	7.9133
2891.7	2.9912	-0.24205	-78.102	39.877	355.3	73.829	21485	0	0	0	8.6357	17544	6.3773e+05	0	0	0	0	0	1.3071e+06	3.2747e+05	0.16161	0.04049	9.4237	12.631	7.6646
2932.5	2.9066	-0.20323	-77.742	39.364	356.08	72.778	21485	0	0	0	9.0938	17869	6.0685e+05	0	0	0	0	0	1.3767e+06	3.4224e+05	0.16712	0.041546	9.1834	11.867	7.769
2973.7	2.8185	-0.019764	-77.341	39.156	356.83	71.748	21485	0	0	0	8.9557	17329	5.6105e+05	0	0	0	0	0	1.3554e+06	3.3402e+05	0.16967	0.041812	8.9154	11.078	7.7455
3013.6	2.7367	-0.10608	-77.011	39.078	357.51	70.783	21485	0	0	0	8.7589	16529	5.1587e+05	0	0	0	0	0	1.3268e+06	3.2438e+05	0.17412	0.042569	8.6607	10.294	7.7988
3050.3	2.6622	-0.21637	-76.715	38.786	358.11	69.919	21485	0	0	0	8.8586	16339	4.8468e+05	0	0	0	0	0	1.343e+06	3.2615e+05	0.1783	0.0433	8.4389	9.6376	7.8547
3082.4	2.5969	-0.24842	-76.452	38.439	358.62	69.186	21485	0	0	0	9.0593	16372	4.6108e+05	0	0	0	0	0	1.374e+06	3.3179e+05	0.18205	0.043959	8.2478	9.1013	7.9063
3108.4	2.5425	-0.17682	-76.227	38.182	359.01	68.606	21485	0	0	0	9.1866	16313	4.4069e+05	0	0	0	0	0	1.3933e+06	3.3485e+05	0.18527	0.044527	8.0869	8.6695	7.951
3127.1	2.5038	-0.16677	-76.076	38.054	359.28	68.196	21485	0	0	0	8.9583	16128	4.2463e+05	0	0	0	0	0	1.3589e+06	3.2542e+05	0.18277	0.043769	7.9697	8.3468	7.8138
3137.8	2.4821	-0.20977	-75.999	37.964	359.44	67.965	21485	0	0	0	8.7716	16065	4.163e+05	0	0	0	0	0	1.331e+06	3.181e+05	0.17972	0.042953	7.9047	8.0826	7.6813
3140.3	2.4771	-0.22958	-75.983	37.942	359.47	67.91	21485	0	0	0	8.8549	16054	4.1445e+05	0	0	0	0	0	1.3438e+06	3.2104e+05	0.18157	0.043379	7.8898	8.0323	7.7394
3146.7	2.4643	-0.26457	-75.94	37.875	359.56	67.773	21485	0	0	0	8.8331	16049	4.1002e+05	0	0	0	0	0	1.3407e+06	3.1996e+05	0.18122	0.043246	7.8521	7.9901	7.7118
3161.5	2.4347	-0.31211	-75.835	37.685	359.77	67.459	21485	0	0	0	9.1469	16122	4.0086e+05	0	0	0	0	0	1.3888e+06	3.3066e+05	0.18686	0.044491	7.7659	7.7845	7.8709
3184	2.3882	-0.26171	-75.664	37.423	360.08	66.989	21485	0	0	0	9.1096	16141	3.8556e+05	0	0	0	0	0	1.3831e+06	3.2802e+05	0.18588	0.044084	7.6292	7.414	7.7817
3213.2	2.3305	-0.43127	-75.481	37.018	360.47	66.393	21485	0	0	0	8.8767	16344	3.6902e+05	0	0	0	0	0	1.3491e+06	3.1839e+05	0.17906	0.042258	7.4623	6.9496	7.486
3247.8	2.2597	-0.32319	-75.239	36.433	360.91	65.706	21485	0	0	0	9.6508	16805	3.5125e+05	0	0	0	0	0	1.4663e+06	3.4424e+05	0.18927	0.044435	7.2602	6.4734	7.7491
3286.3	2.178	-0.047239	-74.969	36.209	361.38	64.967	21485	0	0	0	9.1821	16156	3.1935e+05	0	0	0	0	0	1.3941e+06	3.2505e+05	0.18718	0.043642	7.0066	5.925	7.5838
3327.1	2.0974	-0.35188	-74.772	35.962	361.85	64.215	21485	0	0	0	8.9834	15563	2.9012e+05	0	0	0	0	0	1.3661e+06	3.1648e+05	0.19041	0.04411	6.757	5.3982	7.596
3368.3	2.0157	-0.44981	-74.572	35.284	362.31	63.484	21485	0	0	0	9.4938	15965	2.7085e+05	0	0	0	0	0	1.4446e+06	3.3267e+05	0.19629	0.045202	6.5197	4.8811	7.6953
3408.2	1.9329	-0.18577	-74.37	34.877	362.72	62.805	21485	0	0	0	9.5027	15641	2.46e+05	0	0	0	0	0	1.4449e+06	3.3068e+05	0.2004	0.045861	6.2669	4.4297	7.731
3444.9	1.8602	-0.43058	-74.241	34.541	363.09	62.205	21485	0	0	0	9.0415	15270	2.247e+05	0	0	0	0	0	1.3766e+06	3.133e+05	0.19556	0.044506	6.0433	3.9806	7.5036
3477	1.7954	-0.27195	-74.128	34.105	363.39	61.7	21485	0	0	0	10.14	15233	2.0869e+05	0	0	0	0	0	1.543e+06	3.4953e+05	0.21972	0.049773	5.8479	3.6693	8.0184
3503	1.7386	0.16822	-74.02	34.088	363.63	61.305	21485	0	0	0	9.4684	14324	1.8947e+05	0	0	0	0	0	1.4388e+06	3.2423e+05	0.2179	0.049101	5.6637	3.4223	7.7462
3521.7	1.7008	0.0077478	-73.98	34.156	363.8	61.028	21485	0	0	0	9.3731	13559	1.7622e+05	0	0	0	0	0	1.4255e+06	3.2017e+05	0.22805	0.05122	5.5382	3.2627	7.8774
3532.4	1.6787	0.0057589	-73.951	34.149	363.89	60.873	21485	0	0	0	9.2168	13226	1.6944e+05	0	0	0	0	0	1.4018e+06	3.1433e+05	0.22991	0.051552	5.4666	3.141	7.8468
3534.9	1.6739	-0.044786	-73.948	34.152	363.91	60.837	21485	0	0	0	9.209	13142	1.679e+05	0	0	0	0	0	1.401e+06	3.14e+05	0.23124	0.051827	5.4506	3.1157	7.8634
3540.6	1.6627	-0.10177	-73.938	34.142	363.96	60.756	21485	0	0	0	9.1719	12989	1.6464e+05	0	0	0	0	0	1.3957e+06	3.1255e+05	0.23309	0.052197	5.4145	3.0949	7.8715
3553.6	1.6371	-0.24303	-73.913	34.075	364.07	60.571	21485	0	0	0	9.1925	12725	1.5786e+05	0	0	0	0	0	1.3997e+06	3.1283e+05	0.23862	0.053329	5.3333	3.0281	7.9231
3573.5	1.5988	-0.46982	-73.876	33.884	364.23	60.294	21485	0	0	0	9.2034	12509	1.4911e+05	0	0	0	0	0	1.4028e+06	3.1268e+05	0.24326	0.054222	5.2146	2.8574	7.9115
3599.5	1.5492	-0.6657	-73.83	33.452	364.43	59.943	21485	0	0	0	9.5468	12576	1.4016e+05	0	0	0	0	0	1.4563e+06	3.2354e+05	0.25119	0.055804	5.066	2.6539	7.9471
3630.6	1.4877	-0.4984	-73.772	32.969	364.67	59.537	21485	0	0	0	9.7909	12525	1.2872e+05	0	0	0	0	0	1.4928e+06	3.3039e+05	0.25855	0.057222	4.879	2.3767	7.9304
3665.5	1.4163	-0.13674	-73.735	32.652	364.91	59.101	21485	0	0	0	10.07	11941	1.1362e+05	0	0	0	0	0	1.5336e+06	3.3861e+05	0.27858	0.061509	4.6535	2.0445	8.1393
3703.1	1.3376	0.13689	-73.717	32.763	365.17	58.657	21485	0	0	0	9.2739	10464	94604	0	0	0	0	0	1.4111e+06	3.102e+05	0.29254	0.064307	4.3922	1.8568	8.1771
3741.7	1.2713	-1.6622	-73.766	32.196	365.41	58.224	21485	0	0	0	8.4915	10354	84799	0	0	0	0	0	1.3015e+06	2.8496e+05	0.27267	0.059699	4.189	1.6496	7.6319
3780	1.2067	-1.6423	-73.775	30.554	365.63	57.816	21485	0	0	0	10.906	12035	82144	0	0	0	0	0	1.6694e+06	3.6447e+05	0.30089	0.06569	3.9933	1.4883	8.0014
3816.4	1.1239	0.32919	-73.743	30.115	365.83	57.451	21485	0	0	0	10.337	11175	68424	0	0	0	0	0	1.5661e+06	3.7066e+05	0.30399	0.071948	3.723	1.3045	7.728
3849.6	1.0448	0.23589	-73.766	30.392	366	57.142	21485	0	0	0	9.4805	9252.1	53609	0	0	0	0	0	1.4318e+06	3.5982e+05	0.3357	0.084362	3.4589	1.1987	7.9783
3878.3	0.98068	-0.75396	-73.794	30.296	366.13	56.892	21485	0	0	0	8.8824	8273.4	44521	0	0	0	0	0	1.3441e+06	3.5265e+05	0.35241	0.092461	3.2473	1.0803	8.0205
3901.3	0.9336	-2.0788	-73.831	29.752	366.23	56.702	21485	0	0	0	9.1739	8157.8	39967	0	0	0	0	0	1.3936e+06	3.7588e+05	0.37057	0.099948	3.0951	0.98386	8.1539
3917.9	0.89795	-2.2429	-73.844	29.154	366.3	56.572	21485	0	0	0	9.9476	8282.4	37182	0	0	0	0	0	1.5094e+06	4.1465e+05	0.39533	0.1086	2.9809	0.89706	8.4418
3927.3	0.8764	-2.21	-73.855	28.838	366.34	56.5	21485	0	0	0	9.8875	8287.8	35388	0	0	0	0	0	1.4991e+06	4.1669e+05	0.39237	0.10906	2.9114	0.83668	8.312
3929.5	0.87133	-2.1938	-73.857	28.76	366.35	56.484	21485	0	0	0	9.9894	8291.6	34977	0	0	0	0	0	1.5141e+06	4.2187e+05	0.39611	0.11037	2.895	0.84053	8.3565
3934	0.86092	-2.1479	-73.86	28.614	366.36	56.45	21485	0	0	0	10.029	8281.2	34104	0	0	0	0	0	1.5193e+06	4.2557e+05	0.39798	0.11147	2.8613	0.85664	8.3493
3944.3	0.83639	-2.06	-73.866	28.293	366.4	56.375	21485	0	0	0	9.9734	8218.2	32020	0	0	0	0	0	1.5092e+06	4.2804e+05	0.39835	0.11298	2.7818	0.82433	8.2646
3960.2	0.7984	-2.0431	-73.88	27.831	366.46	56.263	21485	0	0	0	9.8347	8050.2	28810	0	0	0	0	0	1.4865e+06	4.2944e+05	0.40054	0.11572	2.6582	0.76148	8.1604
3981.2	0.74856	-2.3251	-73.901	27.222	366.53	56.124	21485	0	0	0	9.671	7786.1	24826	0	0	0	0	0	1.4615e+06	4.3179e+05	0.40716	0.1203	2.4956	0.70883	8.0867
4006.5	0.68754	-2.5361	-73.921	26.433	366.61	55.967	21485	0	0	0	10.004	7436.4	20382	0	0	0	0	0	1.5101e+06	4.5659e+05	0.4405	0.13319	2.2963	0.63814	8.4185
4035.5	0.61287	-2.2883	-73.938	25.643	366.7	55.805	21485	0	0	0	9.9953	6694.4	15278	0	0	0	0	0	1.5044e+06	4.6661e+05	0.48746	0.1512	2.0505	0.55298	8.9222
4067.3	0.53518	-2.8787	-73.963	24.855	366.78	55.648	21485	0	0	0	9.591	5783.7	10755	0	0	0	0	0	1.4531e+06	4.2833e+05	0.54499	0.16065	1.7938	0.47227	8.8815
4100.9	0.46752	-4.5123	-73.986	23.799	366.85	55.504	21485	0	0	0	9.338	5221.2	7745.8	0	0	0	0	0	1.4285e+06	3.9936e+05	0.59348	0.16592	1.5707	0.42103	8.7155
4135.3	0.41291	-6.2847	-73.994	22.357	366.92	55.374	21485	0	0	0	9.5665	5130	5952	0	0	0	0	0	1.4734e+06	3.961e+05	0.62302	0.16749	1.3918	0.36277	8.4932
4169.4	0.36154	-5.7746	-74.001	20.923	366.97	55.261	21485	0	0	0	10.011	4954.7	4454.8	0	0	0	0	0	1.5405e+06	4.0158e+05	0.67444	0.17581	1.2227	0.2934	8.5776
4202.2	0.3122	-5.9603	-74.022	19.854	367.02	55.166	21485	0	0	0	9.3752	4390.6	3104.2	0	0	0	0	0	1.4473e+06	3.5994e+05	0.71506	0.17783	1.0581	0.24671	8.6129
4232.7	0.28378	-8.8844	-74.05	18.694	367.06	55.089	21485	0	0	0	9.2333	4355.3	2542.1	0	0	0	0	0	1.4357e+06	3.3425e+05	0.71506	0.16648	0.96173	0.22457	8.4872
4260	0.26613	-8.3787	-74.073	17.502	367.09	55.025	21485	0	0	0	10.284	4622.8	2296	0	0	0	0	0	1.5968e+06	3.6048e+05	0.7493	0.16915	0.90191	0.16686	8.7776
4283.3	0.23696	-4.4666	-74.143	16.841	367.12	54.975	21485	0	0	0	10.218	4067.7	1697.6	0	0	0	0	0	1.5749e+06	3.5601e+05	0.83985	0.18985	0.80306	0.10467	9.7326
4301.7	0.2169	-7.9021	-74.19	16.474	367.13	54.939	21485	0	0	0	7.5187	3611	1334.3	0	0	0	0	0	1.1713e+06	2.4347e+05	0.70364	0.14626	0.7351	0.2253	8.3893
4314.9	0.22822	-18.434	-74.175	15.828	367.15	54.914	21485	0	0	0	5.9249	4426	1639.5	0	0	0	0	0	8.7346e+05	1.8447e+05	0.42808	0.090411	0.77343	0.38165	5.4207
4322.4	0.24549	-24.2	-74.153	15.183	367.15	54.9	21485	0	0	0	7.1061	5670.4	2155.1	0	0	0	0	0	1.0332e+06	2.2834e+05	0.39527	0.087349	0.83198	0.42257	4.966
4324.1	0.25	-24.965	-74.142	15	367.15	54.897	21485	0	0	0	8.2847	6052.3	2311.2	0	0	0	0	0	1.2345e+06	2.6731e+05	0.44246	0.095806	0.84726	0.41294	5.474
