time	v	gamma	zeta	alt	lon	lat	mFuel	PlaceHolder	Thrust	PlaceHolder	Accel	q	heating_rate	PlaceHolder	PlaceHolder	PlaceHolder	PlaceHolder	PlaceHolder	L	D	M	eta	Alpha	
s	km/s	deg	deg	km	deg	deg	kg	-	N	-	m/s^2	pa	W/m^2	-	-	-	-	-	N	N	Mach	deg	deg																										
0	0.06567	86.171	185.52	0.53875	-83.304	29.394	1.3676e+06	0	2.3127e+07	0	3.6901	2507.5	96.007	0	0	0	0	0	1.7987e+05	1.0742e+05	0.76925	0.45941	0.19416	-0.0049485	0.46743
0.91434	0.069067	85.71	185.66	0.60019	-83.304	29.394	1.362e+06	0	2.3145e+07	0	3.7442	2757.1	111.64	0	0	0	0	0	1.8536e+05	1.1781e+05	0.72097	0.45824	0.20435	-0.0050002	0.37331
2.8882	0.076574	84.587	185.91	0.74337	-83.304	29.394	1.35e+06	0	2.3185e+07	0	3.8668	3342	151.87	0	0	0	0	0	1.9592e+05	1.4236e+05	0.62865	0.4568	0.22693	-0.0053551	0.19294
5.5236	0.086989	82.838	186.12	0.95749	-83.304	29.394	1.334e+06	0	2.3245e+07	0	4.0451	4223.6	221.73	0	0	0	0	0	2.4896e+05	1.8057e+05	0.63213	0.45848	0.25844	-0.0061004	0.19813
8.2982	0.098488	80.722	186.27	1.212	-83.305	29.394	1.3172e+06	0	2.3314e+07	0	4.2545	5280	319.77	0	0	0	0	0	3.3439e+05	2.2724e+05	0.67915	0.46154	0.29346	-0.006919	0.28729
10.663	0.10876	78.744	186.36	1.453	-83.305	29.394	1.3029e+06	0	2.3379e+07	0	4.4542	6287.3	427.66	0	0	0	0	0	4.8424e+05	2.7393e+05	0.82594	0.46722	0.32498	-0.0074509	0.56881
12.149	0.11546	77.456	186.4	1.616	-83.306	29.394	1.2938e+06	0	2.3422e+07	0	4.5904	6972.1	509.08	0	0	0	0	0	6.0958e+05	3.0647e+05	0.9376	0.47139	0.34567	-0.0076337	0.78259
12.516	0.11715	77.134	186.41	1.6577	-83.306	29.394	1.2916e+06	0	2.3433e+07	0	4.625	7147.3	530.98	0	0	0	0	0	6.3397e+05	3.1461e+05	0.9512	0.47203	0.35088	-0.0076632	0.8084
13.22	0.12042	76.506	186.42	1.7391	-83.306	29.394	1.2873e+06	0	2.3454e+07	0	4.692	7490.6	575.12	0	0	0	0	0	6.5616e+05	3.2984e+05	0.93939	0.47221	0.36102	-0.0077569	0.78482
14.772	0.12779	75.072	186.46	1.9257	-83.306	29.394	1.2779e+06	0	2.3502e+07	0	4.8457	8279.4	682.95	0	0	0	0	0	6.8353e+05	3.6429e+05	0.88535	0.47185	0.38395	-0.0082092	0.67905
16.929	0.13845	72.966	186.49	2.2017	-83.307	29.394	1.2648e+06	0	2.3572e+07	0	5.0766	9451.6	859.93	0	0	0	0	0	7.4013e+05	4.173e+05	0.83975	0.47347	0.41734	-0.0089635	0.58808
19.364	0.15109	70.479	186.52	2.5362	-83.308	29.394	1.25e+06	0	2.3655e+07	0	5.3633	10881	1103.7	0	0	0	0	0	8.8769e+05	4.863e+05	0.87485	0.47927	0.45727	-0.0096998	0.65022
21.705	0.16391	68.056	186.54	2.8809	-83.31	29.394	1.2358e+06	0	2.3738e+07	0	5.6664	12362	1390.2	0	0	0	0	0	1.1474e+06	5.621e+05	0.99531	0.4876	0.49812	-0.010105	0.87429
23.596	0.17476	66.134	186.55	3.1758	-83.311	29.393	1.2243e+06	0	2.3807e+07	0	5.9293	13633	1664.8	0	0	0	0	0	1.4448e+06	6.3223e+05	1.1365	0.49733	0.53299	-0.010196	1.1372
24.75	0.1816	64.991	186.56	3.363	-83.312	29.393	1.2173e+06	0	2.385e+07	0	6.0939	14438	1853.7	0	0	0	0	0	1.6212e+06	6.7766e+05	1.2041	0.50332	0.55513	-0.010185	1.2617
25.032	0.18329	64.715	186.56	3.4094	-83.312	29.393	1.2156e+06	0	2.3861e+07	0	6.1335	14638	1902.3	0	0	0	0	0	1.6512e+06	6.8831e+05	1.2097	0.50425	0.56062	-0.010191	1.2711
25.59	0.18669	64.168	186.56	3.5027	-83.312	29.393	1.2122e+06	0	2.3882e+07	0	6.2111	15039	2002.1	0	0	0	0	0	1.6901e+06	7.0868e+05	1.2052	0.50535	0.57166	-0.010232	1.2606
26.839	0.19443	62.943	186.57	3.7156	-83.313	29.393	1.2047e+06	0	2.393e+07	0	6.3844	15952	2241	0	0	0	0	0	1.7367e+06	7.5344e+05	1.1675	0.5065	0.59691	-0.010447	1.1847
28.622	0.20584	61.177	186.57	4.0308	-83.315	29.393	1.1938e+06	0	2.3999e+07	0	6.6281	17298	2623.2	0	0	0	0	0	1.7819e+06	8.3522e+05	1.1047	0.5178	0.63443	-0.010786	1.0563
30.724	0.21986	59.085	186.58	4.4187	-83.317	29.393	1.1811e+06	0	2.4082e+07	0	6.9262	18939	3141.8	0	0	0	0	0	1.8833e+06	9.4511e+05	1.0664	0.53516	0.68093	-0.011032	0.97266
32.893	0.23497	56.957	186.58	4.8368	-83.32	29.393	1.1679e+06	0	2.4168e+07	0	7.2492	20681	3762.1	0	0	0	0	0	2.0962e+06	1.0733e+06	1.0869	0.55653	0.73154	-0.011003	0.99801
34.865	0.24927	55.093	186.59	5.2327	-83.323	29.392	1.1559e+06	0	2.4248e+07	0	7.5559	22298	4409.4	0	0	0	0	0	2.412e+06	1.2059e+06	1.16	0.57997	0.77998	-0.010746	1.1201
36.405	0.26077	53.713	186.59	5.5518	-83.325	29.392	1.1466e+06	0	2.431e+07	0	7.78	23567	4972.4	0	0	0	0	0	2.737e+06	1.3553e+06	1.2454	0.61672	0.81932	-0.010481	1.2373
37.325	0.26776	52.924	186.59	5.7469	-83.327	29.392	1.141e+06	0	2.4347e+07	0	7.8968	24321	5333	0	0	0	0	0	2.9356e+06	1.4735e+06	1.2944	0.6497	0.84343	-0.010369	1.2836
37.548	0.26947	52.738	186.59	5.7945	-83.327	29.392	1.1397e+06	0	2.4356e+07	0	7.9228	24502	5422.9	0	0	0	0	0	2.9701e+06	1.5021e+06	1.2999	0.6574	0.84931	-0.010361	1.2833
38.106	0.27376	52.273	186.59	5.9149	-83.328	29.392	1.1363e+06	0	2.4378e+07	0	7.9828	24955	5653	0	0	0	0	0	3.0217e+06	1.5728e+06	1.2985	0.67587	0.8642	-0.010368	1.2551
39.354	0.28346	51.242	186.59	6.188	-83.33	29.391	1.1287e+06	0	2.4428e+07	0	8.0985	25955	6191.9	0	0	0	0	0	3.013e+06	1.7278e+06	1.2449	0.71386	0.89803	-0.010408	1.1049
41.137	0.29758	49.762	186.59	6.5876	-83.334	29.391	1.1179e+06	0	2.4499e+07	0	8.2493	27351	7022	0	0	0	0	0	2.9318e+06	1.9607e+06	1.1495	0.76877	0.94773	-0.010397	0.86534
43.24	0.3146	48.011	186.59	7.0724	-83.338	29.391	1.1051e+06	0	2.4583e+07	0	8.4308	28932	8094.1	0	0	0	0	0	2.91e+06	2.2586e+06	1.0786	0.83717	1.0084	-0.010162	0.66313
45.408	0.33255	46.243	186.59	7.5864	-83.343	29.39	1.0919e+06	0	2.4667e+07	0	8.6452	30472	9307.7	0	0	0	0	0	3.093e+06	2.5797e+06	1.0885	0.90787	1.0734	-0.0096617	0.59614
47.381	0.34921	44.723	186.59	8.0657	-83.348	29.39	1.08e+06	0	2.4742e+07	0	8.8604	31775	10506	0	0	0	0	0	3.4942e+06	2.9012e+06	1.1793	0.97914	1.1346	-0.0090484	0.6633
48.92	0.36237	43.63	186.59	8.4473	-83.352	29.389	1.0706e+06	0	2.48e+07	0	9.0453	32710	11500	0	0	0	0	0	3.9512e+06	3.1687e+06	1.2954	1.0388	1.1836	-0.0085815	0.78061
49.841	0.37033	43.019	186.59	8.6786	-83.354	29.389	1.065e+06	0	2.4834e+07	0	9.1882	33234	12119	0	0	0	0	0	4.1645e+06	3.261e+06	1.3438	1.0523	1.2135	-0.008396	0.83838
50.063	0.37227	42.875	186.59	8.7349	-83.355	29.389	1.0637e+06	0	2.4842e+07	0	9.2282	33358	12273	0	0	0	0	0	4.1737e+06	3.2608e+06	1.3417	1.0483	1.2208	-0.0083798	0.83808
50.768	0.37846	42.417	186.59	8.914	-83.357	29.389	1.0594e+06	0	2.4868e+07	0	9.333	33746	12769	0	0	0	0	0	4.0786e+06	3.2511e+06	1.2961	1.0332	1.2443	-0.0083291	0.77764
52.319	0.39245	41.375	186.59	9.3133	-83.361	29.388	1.05e+06	0	2.4924e+07	0	9.5454	34577	13923	0	0	0	0	0	3.6648e+06	3.2099e+06	1.1366	0.99552	1.2976	-0.0080667	0.55244
54.477	0.41273	39.856	186.58	9.8786	-83.368	29.388	1.0369e+06	0	2.5e+07	0	9.916	35683	15683	0	0	0	0	0	3.3003e+06	3.1465e+06	0.99186	0.94561	1.3758	-0.0074556	0.35342
56.912	0.43675	38.132	186.58	10.529	-83.376	29.387	1.0221e+06	0	2.5082e+07	0	10.386	36845	17896	0	0	0	0	0	3.2235e+06	3.1087e+06	0.9382	0.9048	1.4698	-0.0064531	0.29561
59.253	0.46099	36.523	186.58	11.166	-83.385	29.386	1.0079e+06	0	2.5162e+07	0	10.882	37668	20213	0	0	0	0	0	3.3482e+06	3.0657e+06	0.95321	0.87279	1.5623	-0.0053491	0.34546
61.144	0.4814	35.296	186.58	11.688	-83.392	29.385	9.964e+05	0	2.5232e+07	0	11.334	37831	22139	0	0	0	0	0	3.6717e+06	3.0172e+06	1.0408	0.85527	1.6315	-0.0045249	0.50799
62.298	0.49423	34.594	186.58	12.011	-83.397	29.385	9.8939e+05	0	2.5273e+07	0	11.614	37897	23385	0	0	0	0	0	3.9219e+06	2.9917e+06	1.1098	0.84656	1.6749	-0.0042006	0.63468
62.579	0.4974	34.429	186.58	12.09	-83.398	29.385	9.8768e+05	0	2.5283e+07	0	11.674	37909	23697	0	0	0	0	0	3.9291e+06	2.9818e+06	1.1115	0.84351	1.6857	-0.0041652	0.64099
63.283	0.5054	34.013	186.58	12.288	-83.401	29.384	9.8341e+05	0	2.5306e+07	0	11.804	37933	24494	0	0	0	0	0	3.7968e+06	2.9476e+06	1.0734	0.83329	1.7128	-0.0040713	0.58681
64.835	0.52345	33.072	186.58	12.729	-83.408	29.384	9.7398e+05	0	2.5357e+07	0	12.085	37956	26328	0	0	0	0	0	3.3686e+06	2.8604e+06	0.95172	0.80815	1.774	-0.0036304	0.40279
66.993	0.54947	31.728	186.58	13.349	-83.418	29.383	9.6088e+05	0	2.5422e+07	0	12.535	37929	29071	0	0	0	0	0	3.0566e+06	2.7496e+06	0.8642	0.77742	1.8622	-0.0028107	0.27893
69.427	0.58013	30.229	186.58	14.057	-83.43	29.381	9.461e+05	0	2.5488e+07	0	13.082	37817	32446	0	0	0	0	0	2.9633e+06	2.6309e+06	0.84029	0.74606	1.9661	-0.0017329	0.26483
71.769	0.61091	28.836	186.57	14.744	-83.442	29.38	9.3189e+05	0	2.5546e+07	0	13.62	37631	35984	0	0	0	0	0	3.0373e+06	2.5314e+06	0.86555	0.72139	2.0704	-0.00073624	0.33621
73.66	0.63666	27.776	186.57	15.303	-83.453	29.379	9.204e+05	0	2.5589e+07	0	14.072	37421	39053	0	0	0	0	0	3.3334e+06	2.4649e+06	0.95527	0.70637	2.1576	-6.9805e-05	0.52079
74.814	0.65275	27.168	186.57	15.646	-83.46	29.378	9.1339e+05	0	2.5614e+07	0	14.35	37265	41017	0	0	0	0	0	3.5443e+06	2.4248e+06	1.0199	0.69779	2.2122	0.00017625	0.65475
75.095	0.65671	27.024	186.57	15.73	-83.462	29.378	9.1169e+05	0	2.562e+07	0	14.411	37223	41507	0	0	0	0	0	3.5473e+06	2.4127e+06	1.022	0.6951	2.2256	0.00020609	0.66285
75.799	0.66672	26.663	186.57	15.94	-83.466	29.378	9.0741e+05	0	2.5634e+07	0	14.552	37114	42751	0	0	0	0	0	3.4249e+06	2.3745e+06	0.9896	0.68611	2.2595	0.00030013	0.61489
77.351	0.68918	25.855	186.57	16.406	-83.475	29.377	8.9799e+05	0	2.5663e+07	0	14.86	36850	45592	0	0	0	0	0	3.0407e+06	2.2818e+06	0.88488	0.66402	2.3356	0.00073735	0.44566
79.509	0.72134	24.716	186.57	17.055	-83.489	29.375	8.8489e+05	0	2.5702e+07	0	15.32	36439	49780	0	0	0	0	0	2.7374e+06	2.17e+06	0.80563	0.63864	2.4446	0.0014996	0.32995
81.943	0.75891	23.451	186.57	17.79	-83.506	29.374	8.701e+05	0	2.574e+07	0	15.857	35920	54846	0	0	0	0	0	2.6345e+06	2.066e+06	0.78654	0.61679	2.572	0.0023994	0.33317
84.284	0.79629	22.283	186.57	18.497	-83.523	29.372	8.5589e+05	0	2.5773e+07	0	16.379	35373	60065	0	0	0	0	0	2.729e+06	1.9856e+06	0.82734	0.60197	2.6986	0.0031412	0.4519
86.176	0.82734	21.396	186.58	19.068	-83.538	29.371	8.444e+05	0	2.5797e+07	0	16.81	34898	64528	0	0	0	0	0	2.995e+06	1.9328e+06	0.92034	0.59393	2.8039	0.0035951	0.67324
87.33	0.84666	20.884	186.58	19.417	-83.547	29.37	8.374e+05	0	2.5811e+07	0	17.07	34594	67358	0	0	0	0	0	3.1426e+06	1.9005e+06	0.97417	0.58914	2.8693	0.003755	0.80508
87.611	0.85141	20.762	186.58	19.501	-83.549	29.369	8.3569e+05	0	2.5814e+07	0	17.13	34518	68060	0	0	0	0	0	3.1401e+06	1.8903e+06	0.97554	0.58726	2.8854	0.0037777	0.81365
88.315	0.86338	20.458	186.58	19.714	-83.555	29.369	8.3141e+05	0	2.5822e+07	0	17.273	34325	69841	0	0	0	0	0	3.0417e+06	1.8592e+06	0.95029	0.58085	2.926	0.003866	0.77623
89.867	0.89015	19.783	186.58	20.182	-83.568	29.368	8.2199e+05	0	2.5839e+07	0	17.588	33863	73850	0	0	0	0	0	2.7297e+06	1.7844e+06	0.86444	0.56508	3.0155	0.004282	0.62817
92.024	0.92828	18.838	186.58	20.83	-83.587	29.366	8.0889e+05	0	2.586e+07	0	18.045	33156	79637	0	0	0	0	0	2.4426e+06	1.6902e+06	0.79003	0.54668	3.14	0.0049914	0.50789
94.459	0.97257	17.792	186.58	21.557	-83.61	29.363	7.9411e+05	0	2.5882e+07	0	18.581	32367	86572	0	0	0	0	0	2.3844e+06	1.6009e+06	0.79003	0.53041	3.2843	0.0057796	0.55398
96.8	1.0164	16.837	186.59	22.25	-83.632	29.361	7.7989e+05	0	2.59e+07	0	19.107	31622	93660	0	0	0	0	0	2.5732e+06	1.5312e+06	0.87265	0.51929	3.4268	0.0063808	0.7915
98.692	1.0526	16.119	186.59	22.804	-83.652	29.359	7.684e+05	0	2.5913e+07	0	19.532	31029	99688	0	0	0	0	0	2.8491e+06	1.4889e+06	0.98465	0.51456	3.5445	0.006718	1.1009
99.845	1.0751	15.704	186.59	23.141	-83.664	29.358	7.614e+05	0	2.592e+07	0	19.784	30671	1.035e+05	0	0	0	0	0	2.9686e+06	1.4649e+06	1.0379	0.51221	3.6175	0.0068325	1.2619
100.13	1.0806	15.606	186.59	23.223	-83.667	29.358	7.5969e+05	0	2.5922e+07	0	19.844	30584	1.0444e+05	0	0	0	0	0	2.9698e+06	1.4568e+06	1.0413	0.5108	3.6354	0.0068524	1.2786
100.69	1.0916	15.41	186.59	23.385	-83.673	29.357	7.563e+05	0	2.5926e+07	0	19.962	30411	1.0633e+05	0	0	0	0	0	2.939e+06	1.4375e+06	1.0364	0.50689	3.6711	0.0069134	1.2843
101.93	1.1165	14.979	186.59	23.746	-83.686	29.356	7.4872e+05	0	2.5933e+07	0	20.226	30029	1.1066e+05	0	0	0	0	0	2.8846e+06	1.396e+06	1.0301	0.49853	3.7516	0.0072337	1.3094
103.72	1.1526	14.377	186.6	24.259	-83.706	29.354	7.3789e+05	0	2.5942e+07	0	20.61	29493	1.1705e+05	0	0	0	0	0	2.9297e+06	1.3499e+06	1.0653	0.49084	3.8684	0.0078346	1.4541
105.82	1.196	13.711	186.6	24.857	-83.731	29.351	7.2512e+05	0	2.5952e+07	0	21.067	28872	1.2493e+05	0	0	0	0	0	3.2144e+06	1.3223e+06	1.1939	0.49112	4.0086	0.0085286	1.8643
107.99	1.2416	13.08	186.61	25.469	-83.757	29.349	7.1196e+05	0	2.5962e+07	0	21.481	28240	1.3341e+05	0	0	0	0	0	3.4894e+06	1.3554e+06	1.3251	0.51471	4.1558	0.0090037	2.4743
109.96	1.2838	12.55	186.61	26.022	-83.782	29.346	6.9998e+05	0	2.597e+07	0	21.854	27667	1.4141e+05	0	0	0	0	0	3.7184e+06	1.3866e+06	1.4413	0.53746	4.2916	0.0091458	3.1027
111.5	1.3172	12.163	186.62	26.45	-83.802	29.344	6.9063e+05	0	2.5975e+07	0	22.132	27221	1.4785e+05	0	0	0	0	0	3.8371e+06	1.4161e+06	1.5116	0.55786	4.399	0.0091001	3.5882
112.42	1.3373	11.939	186.62	26.705	-83.814	29.343	6.8504e+05	0	2.5978e+07	0	22.298	26956	1.5178e+05	0	0	0	0	0	3.8373e+06	1.422e+06	1.5266	0.56573	4.4637	0.0090613	3.8204
112.64	1.3422	11.886	186.62	26.767	-83.817	29.343	6.8369e+05	0	2.5979e+07	0	22.338	26892	1.5274e+05	0	0	0	0	0	3.8185e+06	1.4204e+06	1.5228	0.56642	4.4795	0.0090606	3.8554
113.2	1.3546	11.751	186.62	26.921	-83.824	29.342	6.803e+05	0	2.5981e+07	0	22.439	26731	1.5516e+05	0	0	0	0	0	3.7744e+06	1.4167e+06	1.5142	0.56835	4.519	0.0090845	3.9498
114.45	1.3823	11.456	186.63	27.264	-83.841	29.34	6.7272e+05	0	2.5985e+07	0	22.661	26375	1.6067e+05	0	0	0	0	0	3.8005e+06	1.4352e+06	1.5453	0.58356	4.6081	0.0091905	4.3355
116.23	1.4224	11.051	186.63	27.752	-83.866	29.338	6.6189e+05	0	2.599e+07	0	22.979	25870	1.6873e+05	0	0	0	0	0	3.8465e+06	1.4628e+06	1.5945	0.60638	4.7366	0.0092177	4.967
118.34	1.4704	10.595	186.64	28.323	-83.897	29.334	6.4912e+05	0	2.5995e+07	0	23.355	25283	1.7855e+05	0	0	0	0	0	3.8763e+06	1.4948e+06	1.6442	0.63403	4.8903	0.0087908	5.7943
120.5	1.5207	10.151	186.65	28.907	-83.929	29.331	6.3595e+05	0	2.6e+07	0	23.733	24687	1.8903e+05	0	0	0	0	0	4.0177e+06	1.5596e+06	1.7453	0.67748	5.051	0.0076776	6.6628
122.48	1.5671	9.7846	186.65	29.434	-83.96	29.328	6.2397e+05	0	2.6005e+07	0	24.083	24150	1.9883e+05	0	0	0	0	0	4.3998e+06	1.6624e+06	1.9537	0.73819	5.1989	0.0061347	7.464
124.02	1.6036	9.5302	186.66	29.843	-83.984	29.326	6.1463e+05	0	2.6008e+07	0	24.357	23731	2.0664e+05	0	0	0	0	0	4.6667e+06	1.7384e+06	2.1088	0.78558	5.3153	0.0047945	8.0601
124.94	1.6256	9.3883	186.66	30.087	-83.999	29.324	6.0904e+05	0	2.6009e+07	0	24.519	23480	2.1137e+05	0	0	0	0	0	4.7774e+06	1.7778e+06	2.182	0.81198	5.3854	0.004198	8.359
125.16	1.631	9.3551	186.67	30.146	-84.003	29.324	6.0769e+05	0	2.601e+07	0	24.56	23419	2.1252e+05	0	0	0	0	0	4.7863e+06	1.7817e+06	2.1917	0.81586	5.4024	0.0041257	8.4047
125.16	1.631	9.3551	186.67	30.146	-84.003	29.324	6.0769e+05	0	2.3175e+07	0	21.64	23419	2.1252e+05	0	0	0	0	0	4.7863e+06	1.7817e+06	2.1917	0.81586	5.4024	0.0041257	8.4047
125.24	1.6327	9.3427	186.67	30.168	-84.004	29.323	6.0724e+05	0	2.3175e+07	0	21.654	23389	2.1285e+05	0	0	0	0	0	4.7797e+06	1.7799e+06	2.1915	0.81606	5.4079	0.0041207	8.4082
125.39	1.6358	9.3206	186.67	30.208	-84.007	29.323	6.0644e+05	0	2.3175e+07	0	21.678	23337	2.1344e+05	0	0	0	0	0	4.7714e+06	1.7776e+06	2.1926	0.81688	5.4178	0.0041046	8.4196
125.52	1.6385	9.3019	186.67	30.241	-84.009	29.323	6.0576e+05	0	2.3175e+07	0	21.698	23292	2.1394e+05	0	0	0	0	0	4.763e+06	1.7753e+06	2.1929	0.81739	5.4261	0.0040941	8.4272
125.55	1.6392	9.2967	186.67	30.25	-84.01	29.323	6.0557e+05	0	2.3175e+07	0	21.703	23279	2.1408e+05	0	0	0	0	0	4.7601e+06	1.7745e+06	2.1928	0.81746	5.4285	0.0040923	8.4286
125.63	1.641	9.2843	186.67	30.272	-84.011	29.323	6.0512e+05	0	2.3175e+07	0	21.717	23250	2.1442e+05	0	0	0	0	0	4.7535e+06	1.7727e+06	2.1925	0.81764	5.434	0.0040881	8.4319
125.78	1.6441	9.2622	186.67	30.311	-84.013	29.323	6.0432e+05	0	2.3176e+07	0	21.741	23197	2.1501e+05	0	0	0	0	0	4.7448e+06	1.7703e+06	2.1935	0.81841	5.4439	0.0040744	8.4427
125.91	1.6468	9.2435	186.67	30.344	-84.015	29.322	6.0364e+05	0	2.3176e+07	0	21.761	23153	2.1552e+05	0	0	0	0	0	4.7362e+06	1.768e+06	2.1937	0.81888	5.4523	0.0040655	8.45
125.94	1.6475	9.2384	186.67	30.354	-84.016	29.322	6.0345e+05	0	2.3176e+07	0	21.767	23141	2.1566e+05	0	0	0	0	0	4.7333e+06	1.7672e+06	2.1935	0.81894	5.4546	0.0040641	8.4512
126.02	1.6493	9.226	186.67	30.376	-84.017	29.322	6.03e+05	0	2.3176e+07	0	21.78	23111	2.1599e+05	0	0	0	0	0	4.7266e+06	1.7653e+06	2.1932	0.8191	5.4602	0.0040606	8.4544
126.17	1.6524	9.204	186.67	30.415	-84.02	29.322	6.022e+05	0	2.3176e+07	0	21.804	23059	2.1659e+05	0	0	0	0	0	4.7176e+06	1.7628e+06	2.194	0.81982	5.4701	0.0040494	8.4647
126.3	1.6551	9.1853	186.67	30.448	-84.022	29.322	6.0152e+05	0	2.3176e+07	0	21.825	23015	2.171e+05	0	0	0	0	0	4.7088e+06	1.7604e+06	2.1941	0.82026	5.4785	0.0040421	8.4715
126.33	1.6558	9.1801	186.67	30.457	-84.023	29.322	6.0133e+05	0	2.3176e+07	0	21.83	23003	2.1724e+05	0	0	0	0	0	4.7059e+06	1.7596e+06	2.1939	0.82031	5.4808	0.0040409	8.4727
126.42	1.6576	9.1678	186.67	30.479	-84.024	29.321	6.0088e+05	0	2.3177e+07	0	21.844	22974	2.1758e+05	0	0	0	0	0	4.6991e+06	1.7577e+06	2.1935	0.82045	5.4864	0.0040381	8.4757
126.56	1.6607	9.1458	186.67	30.518	-84.026	29.321	6.0008e+05	0	2.3177e+07	0	21.868	22922	2.1818e+05	0	0	0	0	0	4.6898e+06	1.7551e+06	2.1941	0.82112	5.4964	0.0040293	8.4854
126.69	1.6634	9.1271	186.67	30.551	-84.028	29.321	5.994e+05	0	2.3177e+07	0	21.889	22878	2.1869e+05	0	0	0	0	0	4.6808e+06	1.7526e+06	2.1941	0.82151	5.5048	0.0040236	8.4919
126.72	1.6641	9.122	186.67	30.56	-84.029	29.321	5.9922e+05	0	2.3177e+07	0	21.894	22866	2.1883e+05	0	0	0	0	0	4.6779e+06	1.7518e+06	2.1938	0.82156	5.5071	0.0040227	8.493
126.81	1.6659	9.1097	186.67	30.582	-84.03	29.321	5.9877e+05	0	2.3177e+07	0	21.908	22837	2.1917e+05	0	0	0	0	0	4.671e+06	1.7498e+06	2.1934	0.82169	5.5127	0.0040206	8.4958
126.96	1.669	9.0877	186.67	30.621	-84.033	29.321	5.9797e+05	0	2.3177e+07	0	21.932	22786	2.1978e+05	0	0	0	0	0	4.6613e+06	1.7472e+06	2.1938	0.82229	5.5227	0.0040141	8.505
127.08	1.6717	9.069	186.67	30.654	-84.035	29.32	5.9729e+05	0	2.3178e+07	0	21.953	22742	2.2029e+05	0	0	0	0	0	4.6521e+06	1.7446e+06	2.1937	0.82265	5.5312	0.00401	8.511
127.12	1.6725	9.0639	186.67	30.664	-84.036	29.32	5.971e+05	0	2.3178e+07	0	21.959	22730	2.2043e+05	0	0	0	0	0	4.6492e+06	1.7438e+06	2.1934	0.82269	5.5335	0.0040093	8.5121
127.2	1.6743	9.0516	186.67	30.685	-84.037	29.32	5.9665e+05	0	2.3178e+07	0	21.972	22702	2.2078e+05	0	0	0	0	0	4.6422e+06	1.7418e+06	2.1929	0.8228	5.5391	0.004008	8.5147
127.35	1.6774	9.0296	186.67	30.724	-84.04	29.32	5.9585e+05	0	2.3178e+07	0	21.997	22651	2.2138e+05	0	0	0	0	0	4.6323e+06	1.7391e+06	2.1931	0.82335	5.5491	0.0040037	8.5233
127.47	1.6801	9.011	186.68	30.757	-84.042	29.32	5.9517e+05	0	2.3178e+07	0	22.017	22608	2.219e+05	0	0	0	0	0	4.6229e+06	1.7364e+06	2.1929	0.82367	5.5576	0.0040012	8.5289
127.51	1.6809	9.0059	186.68	30.767	-84.042	29.32	5.9498e+05	0	2.3178e+07	0	22.023	22596	2.2204e+05	0	0	0	0	0	4.6199e+06	1.7356e+06	2.1926	0.8237	5.56	0.0040008	8.5299
127.59	1.6826	8.9936	186.68	30.788	-84.044	29.319	5.9453e+05	0	2.3178e+07	0	22.037	22567	2.2239e+05	0	0	0	0	0	4.6129e+06	1.7336e+06	2.192	0.82379	5.5656	0.0040001	8.5324
127.74	1.6858	8.9716	186.68	30.827	-84.046	29.319	5.9373e+05	0	2.3179e+07	0	22.062	22517	2.23e+05	0	0	0	0	0	4.6027e+06	1.7307e+06	2.1921	0.82428	5.5757	0.0039981	8.5403
127.86	1.6885	8.953	186.68	30.86	-84.048	29.319	5.9305e+05	0	2.3179e+07	0	22.082	22474	2.2352e+05	0	0	0	0	0	4.5931e+06	1.728e+06	2.1917	0.82456	5.5842	0.003997	8.5456
127.9	1.6893	8.9479	186.68	30.869	-84.049	29.319	5.9286e+05	0	2.3179e+07	0	22.088	22462	2.2366e+05	0	0	0	0	0	4.5901e+06	1.7272e+06	2.1914	0.82458	5.5865	0.0039969	8.5465
127.98	1.6911	8.9356	186.68	30.891	-84.05	29.319	5.9241e+05	0	2.3179e+07	0	22.102	22434	2.2401e+05	0	0	0	0	0	4.583e+06	1.7251e+06	2.1908	0.82465	5.5922	0.0039969	8.5487
128.13	1.6942	8.9137	186.68	30.93	-84.053	29.319	5.9161e+05	0	2.3179e+07	0	22.127	22384	2.2462e+05	0	0	0	0	0	4.5724e+06	1.7222e+06	2.1906	0.82508	5.6023	0.0039972	8.5561
128.26	1.6969	8.8951	186.68	30.963	-84.055	29.318	5.9093e+05	0	2.3179e+07	0	22.148	22342	2.2515e+05	0	0	0	0	0	4.5627e+06	1.7194e+06	2.1901	0.82532	5.6108	0.0039976	8.5609
128.29	1.6977	8.89	186.68	30.972	-84.056	29.318	5.9074e+05	0	2.3179e+07	0	22.154	22330	2.2529e+05	0	0	0	0	0	4.5596e+06	1.7186e+06	2.1898	0.82534	5.6132	0.0039977	8.5617
128.37	1.6995	8.8777	186.68	30.994	-84.057	29.318	5.903e+05	0	2.3179e+07	0	22.168	22302	2.2564e+05	0	0	0	0	0	4.5525e+06	1.7165e+06	2.1891	0.82539	5.6188	0.0039984	8.5638
128.52	1.7027	8.8558	186.68	31.033	-84.06	29.318	5.8949e+05	0	2.318e+07	0	22.192	22252	2.2626e+05	0	0	0	0	0	4.5416e+06	1.7135e+06	2.1887	0.82576	5.6289	0.0040009	8.5705
128.65	1.7054	8.8372	186.68	31.066	-84.062	29.318	5.8881e+05	0	2.318e+07	0	22.213	22210	2.2678e+05	0	0	0	0	0	4.5316e+06	1.7106e+06	2.188	0.82596	5.6375	0.0040027	8.5749
128.68	1.7062	8.832	186.68	31.075	-84.062	29.318	5.8863e+05	0	2.318e+07	0	22.219	22198	2.2693e+05	0	0	0	0	0	4.5286e+06	1.7098e+06	2.1877	0.82597	5.6399	0.0040031	8.5757
128.76	1.708	8.8197	186.68	31.097	-84.064	29.317	5.8818e+05	0	2.318e+07	0	22.233	22171	2.2728e+05	0	0	0	0	0	4.5213e+06	1.7077e+06	2.187	0.826	5.6456	0.0040045	8.5775
128.91	1.7112	8.7979	186.68	31.135	-84.066	29.317	5.8738e+05	0	2.318e+07	0	22.258	22121	2.279e+05	0	0	0	0	0	4.5101e+06	1.7045e+06	2.1864	0.82631	5.6557	0.0040091	8.5836
129.04	1.7139	8.7793	186.68	31.168	-84.068	29.317	5.867e+05	0	2.318e+07	0	22.279	22080	2.2843e+05	0	0	0	0	0	4.5e+06	1.7016e+06	2.1856	0.82647	5.6643	0.0040125	8.5876
129.07	1.7147	8.7742	186.68	31.177	-84.069	29.317	5.8651e+05	0	2.318e+07	0	22.285	22068	2.2858e+05	0	0	0	0	0	4.4969e+06	1.7007e+06	2.1852	0.82647	5.6667	0.0040131	8.5883
129.07	1.7147	8.7742	186.68	31.177	-84.069	29.317	5.8651e+05	0	2.1125e+07	0	20.125	22068	2.2858e+05	0	0	0	0	0	4.4969e+06	1.7007e+06	2.1852	0.82647	5.6667	0.0040131	8.5883
129.25	1.7182	8.7474	186.68	31.224	-84.072	29.317	5.8562e+05	0	2.1125e+07	0	20.152	21998	2.2918e+05	0	0	0	0	0	4.4817e+06	1.6961e+06	2.1848	0.82684	5.6778	0.0040228	8.5953
129.57	1.7245	8.6998	186.69	31.308	-84.078	29.316	5.8403e+05	0	2.1126e+07	0	20.198	21875	2.3025e+05	0	0	0	0	0	4.4612e+06	1.69e+06	2.1871	0.8285	5.6975	0.0040535	8.6185
129.85	1.7298	8.6594	186.69	31.38	-84.082	29.316	5.8269e+05	0	2.1126e+07	0	20.238	21770	2.3117e+05	0	0	0	0	0	4.4416e+06	1.6841e+06	2.1879	0.82955	5.7143	0.0040732	8.6345
129.92	1.7313	8.6482	186.69	31.399	-84.084	29.315	5.8232e+05	0	2.1126e+07	0	20.249	21742	2.3142e+05	0	0	0	0	0	4.4352e+06	1.6821e+06	2.1876	0.82969	5.7189	0.0040767	8.6372
130.1	1.7349	8.6215	186.69	31.446	-84.087	29.315	5.8143e+05	0	2.1126e+07	0	20.275	21673	2.3203e+05	0	0	0	0	0	4.4202e+06	1.6776e+06	2.1871	0.83005	5.7301	0.0040868	8.6442
130.43	1.7412	8.5739	186.69	31.53	-84.093	29.314	5.7984e+05	0	2.1127e+07	0	20.322	21553	2.3312e+05	0	0	0	0	0	4.4e+06	1.6715e+06	2.1893	0.83168	5.7499	0.004119	8.6673
130.7	1.7466	8.5336	186.69	31.6	-84.097	29.314	5.785e+05	0	2.1127e+07	0	20.362	21451	2.3405e+05	0	0	0	0	0	4.3807e+06	1.6657e+06	2.19	0.83271	5.7669	0.0041397	8.683
130.77	1.7481	8.5224	186.69	31.62	-84.099	29.314	5.7812e+05	0	2.1127e+07	0	20.373	21423	2.3431e+05	0	0	0	0	0	4.3744e+06	1.6638e+06	2.1897	0.83284	5.7715	0.0041434	8.6857
130.95	1.7517	8.4957	186.69	31.667	-84.102	29.314	5.7723e+05	0	2.1127e+07	0	20.399	21357	2.3492e+05	0	0	0	0	0	4.3597e+06	1.6593e+06	2.1891	0.83319	5.7828	0.004154	8.6926
131.28	1.758	8.4482	186.69	31.75	-84.108	29.313	5.7565e+05	0	2.1128e+07	0	20.447	21239	2.3603e+05	0	0	0	0	0	4.3397e+06	1.6533e+06	2.1912	0.83478	5.8028	0.0041878	8.7154
131.55	1.7635	8.4079	186.69	31.82	-84.112	29.312	5.743e+05	0	2.1128e+07	0	20.487	21140	2.3697e+05	0	0	0	0	0	4.3207e+06	1.6476e+06	2.1918	0.83577	5.8198	0.0042096	8.7309
131.62	1.765	8.3968	186.7	31.84	-84.114	29.312	5.7393e+05	0	2.1128e+07	0	20.498	21113	2.3723e+05	0	0	0	0	0	4.3145e+06	1.6457e+06	2.1915	0.8359	5.8244	0.0042135	8.7336
131.8	1.7686	8.3701	186.7	31.886	-84.117	29.312	5.7304e+05	0	2.1128e+07	0	20.525	21048	2.3786e+05	0	0	0	0	0	4.3e+06	1.6413e+06	2.1908	0.83623	5.8357	0.0042246	8.7403
132.13	1.775	8.3226	186.7	31.969	-84.123	29.311	5.7146e+05	0	2.1129e+07	0	20.573	20935	2.3899e+05	0	0	0	0	0	4.2804e+06	1.6354e+06	2.1927	0.83776	5.8561	0.0042602	8.7627
132.4	1.7805	8.2824	186.7	32.039	-84.128	29.311	5.7011e+05	0	2.1129e+07	0	20.613	20832	2.3991e+05	0	0	0	0	0	4.2607e+06	1.6293e+06	2.1933	0.83874	5.8724	0.0042832	8.7779
132.47	1.782	8.2713	186.7	32.058	-84.129	29.311	5.6974e+05	0	2.1129e+07	0	20.625	20802	2.4015e+05	0	0	0	0	0	4.2542e+06	1.6272e+06	2.1931	0.83887	5.8766	0.0042872	8.7805
132.65	1.7856	8.2446	186.7	32.105	-84.132	29.31	5.6885e+05	0	2.1129e+07	0	20.652	20730	2.4074e+05	0	0	0	0	0	4.2387e+06	1.6223e+06	2.1927	0.83922	5.8867	0.0042989	8.7871
132.98	1.7921	8.1972	186.7	32.187	-84.138	29.31	5.6726e+05	0	2.113e+07	0	20.701	20605	2.418e+05	0	0	0	0	0	4.2172e+06	1.6154e+06	2.1948	0.84074	5.9051	0.0043364	8.8089
133.25	1.7976	8.1569	186.7	32.256	-84.143	29.309	5.6592e+05	0	2.113e+07	0	20.743	20501	2.4271e+05	0	0	0	0	0	4.1971e+06	1.6091e+06	2.1955	0.84169	5.9208	0.0043607	8.8237
133.32	1.7991	8.1458	186.7	32.276	-84.144	29.309	5.6555e+05	0	2.113e+07	0	20.754	20472	2.4296e+05	0	0	0	0	0	4.1908e+06	1.607e+06	2.1952	0.84182	5.9251	0.0043649	8.8263
133.5	1.8028	8.1192	186.7	32.322	-84.148	29.309	5.6466e+05	0	2.113e+07	0	20.782	20403	2.4356e+05	0	0	0	0	0	4.1757e+06	1.6023e+06	2.1947	0.84214	5.9354	0.0043773	8.8327
133.83	1.8093	8.0717	186.71	32.403	-84.153	29.308	5.6307e+05	0	2.1131e+07	0	20.831	20283	2.4464e+05	0	0	0	0	0	4.1545e+06	1.5955e+06	2.1966	0.84359	5.9539	0.0044169	8.8538
134.1	1.8148	8.0315	186.71	32.473	-84.158	29.308	5.6173e+05	0	2.1131e+07	0	20.873	20181	2.4557e+05	0	0	0	0	0	4.1347e+06	1.5892e+06	2.1971	0.84449	5.9697	0.0044426	8.8682
134.17	1.8164	8.0204	186.71	32.492	-84.16	29.308	5.6135e+05	0	2.1131e+07	0	20.884	20153	2.4582e+05	0	0	0	0	0	4.1285e+06	1.5873e+06	2.1968	0.8446	5.974	0.0044471	8.8707
134.35	1.82	7.9938	186.71	32.537	-84.163	29.307	5.6046e+05	0	2.1131e+07	0	20.912	20087	2.4644e+05	0	0	0	0	0	4.1137e+06	1.5826e+06	2.1962	0.8449	5.9844	0.0044602	8.8769
134.68	1.8266	7.9464	186.71	32.619	-84.169	29.307	5.5888e+05	0	2.1131e+07	0	20.962	19970	2.4754e+05	0	0	0	0	0	4.0934e+06	1.576e+06	2.1982	0.84634	6.0031	0.0045021	8.8973
134.95	1.8322	7.9062	186.71	32.688	-84.174	29.306	5.5753e+05	0	2.1132e+07	0	21.004	19871	2.4848e+05	0	0	0	0	0	4.0775e+06	1.5705e+06	2.2005	0.84755	6.0189	0.0045294	8.9111
135.02	1.8337	7.8951	186.71	32.707	-84.175	29.306	5.5716e+05	0	2.1132e+07	0	21.016	19845	2.4874e+05	0	0	0	0	0	4.0723e+06	1.5688e+06	2.2007	0.84776	6.0233	0.0045342	8.9135
135.21	1.8374	7.8686	186.71	32.752	-84.179	29.306	5.5627e+05	0	2.1132e+07	0	21.044	19780	2.4937e+05	0	0	0	0	0	4.0602e+06	1.5646e+06	2.2012	0.84827	6.0338	0.0045481	8.9194
135.53	1.844	7.8213	186.72	32.833	-84.185	29.305	5.5469e+05	0	2.1132e+07	0	21.094	19667	2.5049e+05	0	0	0	0	0	4.0437e+06	1.5588e+06	2.2049	0.85	6.0525	0.0045925	8.9389
135.8	1.8497	7.7813	186.72	32.901	-84.19	29.305	5.5334e+05	0	2.1132e+07	0	21.137	19572	2.5145e+05	0	0	0	0	0	4.028e+06	1.5534e+06	2.207	0.85116	6.0685	0.0046216	8.9521
135.87	1.8512	7.7703	186.72	32.92	-84.191	29.304	5.5297e+05	0	2.1133e+07	0	21.149	19546	2.5171e+05	0	0	0	0	0	4.0229e+06	1.5517e+06	2.2072	0.85136	6.0729	0.0046267	8.9544
136.06	1.855	7.7438	186.72	32.965	-84.195	29.304	5.5208e+05	0	2.1133e+07	0	21.177	19483	2.5235e+05	0	0	0	0	0	4.011e+06	1.5477e+06	2.2077	0.85185	6.0835	0.0046414	8.96
136.38	1.8616	7.6967	186.72	33.046	-84.201	29.303	5.5049e+05	0	2.1133e+07	0	21.228	19374	2.5349e+05	0	0	0	0	0	3.9946e+06	1.5419e+06	2.2111	0.8535	6.1023	0.0046886	8.9786
136.65	1.8673	7.6568	186.72	33.113	-84.206	29.303	5.4915e+05	0	2.1133e+07	0	21.271	19281	2.5447e+05	0	0	0	0	0	3.9791e+06	1.5366e+06	2.2131	0.85461	6.1184	0.0047196	8.9912
136.73	1.8688	7.6458	186.72	33.132	-84.207	29.303	5.4878e+05	0	2.1133e+07	0	21.283	19256	2.5474e+05	0	0	0	0	0	3.9741e+06	1.5349e+06	2.2132	0.8548	6.1228	0.004725	8.9933
136.91	1.8726	7.6195	186.72	33.177	-84.211	29.302	5.4789e+05	0	2.1133e+07	0	21.311	19196	2.5539e+05	0	0	0	0	0	3.9624e+06	1.5309e+06	2.2136	0.85526	6.1335	0.0047406	8.9986
137.23	1.8793	7.5726	186.72	33.257	-84.217	29.302	5.463e+05	0	2.1134e+07	0	21.362	19090	2.5656e+05	0	0	0	0	0	3.9464e+06	1.5255e+06	2.2169	0.85696	6.1525	0.004791	9.0161
137.5	1.885	7.5329	186.73	33.324	-84.222	29.301	5.4496e+05	0	2.1134e+07	0	21.405	19000	2.5755e+05	0	0	0	0	0	3.9313e+06	1.5204e+06	2.2189	0.8581	6.1686	0.0048241	9.028
137.58	1.8866	7.5219	186.73	33.343	-84.223	29.301	5.4458e+05	0	2.1134e+07	0	21.417	18976	2.5783e+05	0	0	0	0	0	3.9265e+06	1.5188e+06	2.219	0.8583	6.1731	0.0048299	9.03
137.58	1.8866	7.5219	186.73	33.343	-84.223	29.301	5.4458e+05	0	1.9086e+07	0	19.157	18976	2.5783e+05	0	0	0	0	0	3.9265e+06	1.5188e+06	2.219	0.8583	6.1731	0.0048299	9.03
137.82	1.8911	7.487	186.73	33.402	-84.228	29.301	5.4352e+05	0	1.9086e+07	0	19.19	18887	2.5848e+05	0	0	0	0	0	3.9105e+06	1.5131e+06	2.2203	0.85913	6.1855	0.0048619	9.0385
138.24	1.899	7.4248	186.73	33.507	-84.236	29.3	5.4161e+05	0	1.9086e+07	0	19.247	18732	2.5964e+05	0	0	0	0	0	3.8896e+06	1.5056e+06	2.2267	0.86196	6.2077	0.0049627	9.0672
138.61	1.9058	7.3721	186.73	33.596	-84.243	29.299	5.4e+05	0	1.9086e+07	0	19.296	18602	2.6065e+05	0	0	0	0	0	3.8698e+06	1.4986e+06	2.2309	0.86392	6.2266	0.0050267	9.0872
138.71	1.9077	7.3576	186.73	33.62	-84.245	29.299	5.3955e+05	0	1.9087e+07	0	19.31	18567	2.6092e+05	0	0	0	0	0	3.8633e+06	1.4964e+06	2.2314	0.86426	6.2319	0.0050377	9.0906
138.95	1.9122	7.3227	186.73	33.679	-84.25	29.298	5.3848e+05	0	1.9087e+07	0	19.343	18483	2.616e+05	0	0	0	0	0	3.8481e+06	1.491e+06	2.2327	0.86511	6.2444	0.0050686	9.0994
139.37	1.9203	7.2608	186.74	33.783	-84.258	29.298	5.3658e+05	0	1.9087e+07	0	19.4	18335	2.628e+05	0	0	0	0	0	3.8285e+06	1.484e+06	2.2393	0.86801	6.2668	0.005166	9.1286
139.74	1.9271	7.2083	186.74	33.871	-84.265	29.297	5.3497e+05	0	1.9087e+07	0	19.45	18211	2.6384e+05	0	0	0	0	0	3.8099e+06	1.4775e+06	2.2435	0.87002	6.2859	0.0052278	9.1488
139.84	1.929	7.1938	186.74	33.895	-84.267	29.297	5.3452e+05	0	1.9087e+07	0	19.464	18177	2.6412e+05	0	0	0	0	0	3.8037e+06	1.4753e+06	2.244	0.87037	6.2912	0.0052385	9.1523
140.08	1.9336	7.1591	186.74	33.953	-84.272	29.296	5.3345e+05	0	1.9088e+07	0	19.497	18097	2.6482e+05	0	0	0	0	0	3.7892e+06	1.4703e+06	2.2454	0.87124	6.3038	0.0052686	9.1612
140.5	1.9417	7.0974	186.74	34.056	-84.28	29.295	5.3155e+05	0	1.9088e+07	0	19.555	17956	2.6606e+05	0	0	0	0	0	3.7708e+06	1.4637e+06	2.2521	0.87418	6.3264	0.0053637	9.1906
140.87	1.9486	7.0452	186.75	34.142	-84.287	29.295	5.2993e+05	0	1.9088e+07	0	19.605	17838	2.6713e+05	0	0	0	0	0	3.7532e+06	1.4575e+06	2.2563	0.87621	6.3457	0.0054241	9.211
140.97	1.9506	7.0308	186.75	34.166	-84.289	29.294	5.2949e+05	0	1.9088e+07	0	19.618	17806	2.6743e+05	0	0	0	0	0	3.7472e+06	1.4555e+06	2.2568	0.87656	6.351	0.0054345	9.2145
141.21	1.9552	6.9962	186.75	34.224	-84.294	29.294	5.2842e+05	0	1.9088e+07	0	19.652	17730	2.6814e+05	0	0	0	0	0	3.7334e+06	1.4507e+06	2.2582	0.87744	6.3638	0.0054643	9.2233
141.63	1.9634	6.9348	186.75	34.325	-84.302	29.293	5.2652e+05	0	1.9089e+07	0	19.71	17596	2.6943e+05	0	0	0	0	0	3.7161e+06	1.4446e+06	2.2648	0.8804	6.3866	0.0055582	9.2528
142	1.9703	6.8829	186.75	34.411	-84.309	29.292	5.249e+05	0	1.9089e+07	0	19.76	17484	2.7053e+05	0	0	0	0	0	3.6992e+06	1.4387e+06	2.269	0.88244	6.4061	0.0056181	9.273
142.1	1.9723	6.8685	186.75	34.435	-84.311	29.292	5.2446e+05	0	1.9089e+07	0	19.774	17453	2.7084e+05	0	0	0	0	0	3.6936e+06	1.4367e+06	2.2695	0.88279	6.4115	0.0056285	9.2765
142.34	1.9769	6.8342	186.75	34.491	-84.316	29.291	5.2339e+05	0	1.9089e+07	0	19.808	17380	2.7157e+05	0	0	0	0	0	3.6804e+06	1.4322e+06	2.2708	0.88367	6.4244	0.0056582	9.2853
142.76	1.9852	6.7731	186.76	34.591	-84.325	29.291	5.2149e+05	0	1.9089e+07	0	19.867	17253	2.729e+05	0	0	0	0	0	3.6639e+06	1.4264e+06	2.2774	0.88661	6.4474	0.0057522	9.3144
143.13	1.9922	6.7215	186.76	34.676	-84.332	29.29	5.1987e+05	0	1.9089e+07	0	19.917	17146	2.7404e+05	0	0	0	0	0	3.6478e+06	1.4208e+06	2.2815	0.88864	6.467	0.0058122	9.3344
143.23	1.9942	6.7072	186.76	34.699	-84.334	29.29	5.1943e+05	0	1.909e+07	0	19.931	17117	2.7436e+05	0	0	0	0	0	3.6424e+06	1.419e+06	2.2819	0.88899	6.4724	0.0058227	9.3378
143.47	1.9988	6.6731	186.76	34.755	-84.339	29.289	5.1836e+05	0	1.909e+07	0	19.965	17048	2.7512e+05	0	0	0	0	0	3.6297e+06	1.4146e+06	2.2832	0.88986	6.4855	0.0058527	9.3464
143.89	2.0072	6.6124	186.76	34.854	-84.348	29.288	5.1645e+05	0	1.909e+07	0	20.024	16927	2.7649e+05	0	0	0	0	0	3.6139e+06	1.4092e+06	2.2896	0.89277	6.5087	0.0059479	9.375
144.26	2.0143	6.561	186.77	34.938	-84.355	29.287	5.1484e+05	0	1.909e+07	0	20.075	16826	2.7767e+05	0	0	0	0	0	3.5985e+06	1.4039e+06	2.2935	0.89476	6.5285	0.0060088	9.3945
144.36	2.0163	6.5469	186.77	34.961	-84.357	29.287	5.1439e+05	0	1.909e+07	0	20.089	16798	2.7799e+05	0	0	0	0	0	3.5933e+06	1.4021e+06	2.294	0.8951	6.534	0.0060195	9.3979
144.6	2.021	6.513	186.77	35.016	-84.362	29.287	5.1333e+05	0	1.909e+07	0	20.123	16732	2.7878e+05	0	0	0	0	0	3.5812e+06	1.398e+06	2.2952	0.89596	6.5472	0.0060502	9.4063
145.02	2.0294	6.4527	186.77	35.114	-84.371	29.286	5.1142e+05	0	1.9091e+07	0	20.183	16617	2.802e+05	0	0	0	0	0	3.566e+06	1.3927e+06	2.3013	0.8988	6.5706	0.0061477	9.4341
145.39	2.0365	6.4017	186.77	35.196	-84.378	29.285	5.0981e+05	0	1.9091e+07	0	20.234	16521	2.8141e+05	0	0	0	0	0	3.5511e+06	1.3877e+06	2.305	0.90074	6.5906	0.0062105	9.453
145.49	2.0385	6.3876	186.77	35.219	-84.38	29.285	5.0936e+05	0	1.9091e+07	0	20.249	16495	2.8175e+05	0	0	0	0	0	3.5461e+06	1.386e+06	2.3055	0.90108	6.5962	0.0062214	9.4563
145.73	2.0433	6.3539	186.78	35.273	-84.385	29.284	5.0829e+05	0	1.9091e+07	0	20.283	16432	2.8256e+05	0	0	0	0	0	3.5344e+06	1.382e+06	2.3066	0.90191	6.6094	0.0062532	9.4643
146.15	2.0518	6.2941	186.78	35.37	-84.394	29.283	5.0639e+05	0	1.9091e+07	0	20.343	16323	2.8402e+05	0	0	0	0	0	3.5197e+06	1.377e+06	2.3123	0.90467	6.6331	0.0063543	9.4911
146.52	2.059	6.2434	186.78	35.451	-84.402	29.283	5.0478e+05	0	1.9091e+07	0	20.395	16232	2.8528e+05	0	0	0	0	0	3.5053e+06	1.3722e+06	2.3158	0.90654	6.6533	0.0064196	9.5092
146.62	2.061	6.2295	186.78	35.473	-84.404	29.282	5.0433e+05	0	1.9091e+07	0	20.409	16207	2.8563e+05	0	0	0	0	0	3.5005e+06	1.3706e+06	2.3162	0.90687	6.6589	0.0064311	9.5123
146.86	2.0658	6.196	186.78	35.527	-84.409	29.282	5.0326e+05	0	1.9091e+07	0	20.444	16148	2.8647e+05	0	0	0	0	0	3.4892e+06	1.3668e+06	2.3172	0.90767	6.6723	0.0064642	9.52
147.28	2.0744	6.1366	186.79	35.622	-84.418	29.281	5.0136e+05	0	1.9092e+07	0	20.504	16044	2.8798e+05	0	0	0	0	0	3.4748e+06	1.3619e+06	2.3225	0.9103	6.6962	0.0065702	9.5455
147.65	2.0816	6.0863	186.79	35.702	-84.425	29.28	4.9974e+05	0	1.9092e+07	0	20.556	15958	2.8927e+05	0	0	0	0	0	3.4608e+06	1.3573e+06	2.3257	0.9121	6.7166	0.0066389	9.5627
147.75	2.0837	6.0725	186.79	35.724	-84.427	29.28	4.993e+05	0	1.9092e+07	0	20.571	15934	2.8963e+05	0	0	0	0	0	3.4562e+06	1.3557e+06	2.326	0.91241	6.7222	0.006651	9.5656
147.99	2.0885	6.0393	186.79	35.777	-84.432	29.279	4.9823e+05	0	1.9092e+07	0	20.605	15878	2.905e+05	0	0	0	0	0	3.4452e+06	1.3521e+06	2.3269	0.91317	6.7357	0.006686	9.5729
148.41	2.0971	5.9803	186.79	35.871	-84.442	29.279	4.9633e+05	0	1.9092e+07	0	20.667	15780	2.9206e+05	0	0	0	0	0	3.4311e+06	1.3474e+06	2.3317	0.91566	6.7599	0.0067981	9.5968
148.78	2.1045	5.9304	186.8	35.95	-84.449	29.278	4.9471e+05	0	1.9092e+07	0	20.719	15698	2.934e+05	0	0	0	0	0	3.4175e+06	1.3429e+06	2.3346	0.91736	6.7804	0.0068713	9.6129
148.88	2.1065	5.9167	186.8	35.972	-84.451	29.277	4.9427e+05	0	1.9092e+07	0	20.734	15676	2.9377e+05	0	0	0	0	0	3.413e+06	1.3414e+06	2.3348	0.91765	6.7861	0.0068842	9.6157
148.88	2.1065	5.9167	186.8	35.972	-84.451	29.277	4.9427e+05	0	1.7041e+07	0	18.328	15676	2.9377e+05	0	0	0	0	0	3.413e+06	1.3414e+06	2.3348	0.91765	6.7861	0.0068842	9.6157
149.24	2.1131	5.8662	186.8	36.051	-84.459	29.277	4.9281e+05	0	1.7041e+07	0	18.373	15582	2.9476e+05	0	0	0	0	0	3.3966e+06	1.3357e+06	2.3376	0.91924	6.8041	0.0069792	9.6308
149.9	2.1248	5.7767	186.8	36.191	-84.473	29.275	4.9021e+05	0	1.7041e+07	0	18.451	15418	2.9656e+05	0	0	0	0	0	3.379e+06	1.3294e+06	2.3502	0.92462	6.8362	0.007271	9.6821
150.45	2.1348	5.701	186.81	36.309	-84.485	29.274	4.8801e+05	0	1.7041e+07	0	18.518	15284	2.9811e+05	0	0	0	0	0	3.3615e+06	1.3232e+06	2.3586	0.92843	6.8637	0.0074485	9.7183
150.6	2.1375	5.6802	186.81	36.342	-84.488	29.274	4.874e+05	0	1.7041e+07	0	18.537	15247	2.9855e+05	0	0	0	0	0	3.3551e+06	1.321e+06	2.3598	0.9291	6.8713	0.007479	9.7246
150.97	2.1442	5.6303	186.81	36.419	-84.496	29.273	4.8594e+05	0	1.7041e+07	0	18.581	15161	2.996e+05	0	0	0	0	0	3.3405e+06	1.3159e+06	2.3628	0.9308	6.8895	0.0075639	9.7406
151.62	2.1561	5.5418	186.81	36.556	-84.511	29.271	4.8334e+05	0	1.7042e+07	0	18.66	15011	3.0151e+05	0	0	0	0	0	3.3261e+06	1.3109e+06	2.3761	0.93647	6.9221	0.007824	9.7944
152.18	2.1662	5.467	186.82	36.671	-84.523	29.27	4.8114e+05	0	1.7042e+07	0	18.727	14888	3.0317e+05	0	0	0	0	0	3.3111e+06	1.3057e+06	2.3849	0.94047	6.95	0.0079814	9.832
152.33	2.169	5.4464	186.82	36.703	-84.526	29.27	4.8053e+05	0	1.7042e+07	0	18.746	14855	3.0363e+05	0	0	0	0	0	3.3054e+06	1.3037e+06	2.3862	0.94117	6.9577	0.0080086	9.8385
152.7	2.1757	5.3972	186.82	36.778	-84.534	29.269	4.7908e+05	0	1.7042e+07	0	18.791	14776	3.0475e+05	0	0	0	0	0	3.2923e+06	1.2993e+06	2.3894	0.94295	6.9762	0.008086	9.8551
153.35	2.1877	5.3098	186.83	36.911	-84.549	29.267	4.7648e+05	0	1.7042e+07	0	18.87	14640	3.0678e+05	0	0	0	0	0	3.2809e+06	1.2953e+06	2.4033	0.94885	7.0093	0.0083221	9.9103
153.91	2.1979	5.2361	186.83	37.023	-84.561	29.266	4.7427e+05	0	1.7042e+07	0	18.938	14528	3.0854e+05	0	0	0	0	0	3.2688e+06	1.291e+06	2.413	0.953	7.0376	0.0084646	9.9487
154.06	2.2008	5.2158	186.83	37.053	-84.564	29.266	4.7367e+05	0	1.7042e+07	0	18.957	14497	3.0903e+05	0	0	0	0	0	3.2639e+06	1.2893e+06	2.4144	0.95374	7.0454	0.0084893	9.9554
154.43	2.2076	5.1673	186.83	37.126	-84.573	29.265	4.7221e+05	0	1.7043e+07	0	19.002	14425	3.1022e+05	0	0	0	0	0	3.2527e+06	1.2854e+06	2.4181	0.95559	7.0642	0.0085612	9.9722
155.08	2.2197	5.0812	186.84	37.256	-84.587	29.263	4.6961e+05	0	1.7043e+07	0	19.082	14301	3.1238e+05	0	0	0	0	0	3.2445e+06	1.2824e+06	2.4329	0.96166	7.0978	0.0087802	10.028
155.63	2.2301	5.0087	186.84	37.364	-84.6	29.262	4.6741e+05	0	1.7043e+07	0	19.15	14199	3.1425e+05	0	0	0	0	0	3.2346e+06	1.279e+06	2.4429	0.96594	7.1265	0.0089119	10.067
155.79	2.2329	4.9887	186.84	37.394	-84.603	29.262	4.668e+05	0	1.7043e+07	0	19.169	14172	3.1477e+05	0	0	0	0	0	3.2303e+06	1.2775e+06	2.4444	0.96671	7.1344	0.0089349	10.074
156.15	2.2398	4.941	186.85	37.465	-84.612	29.261	4.6534e+05	0	1.7043e+07	0	19.215	14106	3.1603e+05	0	0	0	0	0	3.2205e+06	1.2742e+06	2.4483	0.96864	7.1535	0.009003	10.09
156.81	2.2521	4.8564	186.85	37.59	-84.626	29.259	4.6274e+05	0	1.7043e+07	0	19.295	13994	3.1832e+05	0	0	0	0	0	3.2145e+06	1.2722e+06	2.4634	0.97491	7.1876	0.0092105	10.146
157.36	2.2626	4.7851	186.86	37.695	-84.639	29.258	4.6054e+05	0	1.7043e+07	0	19.363	13901	3.203e+05	0	0	0	0	0	3.2063e+06	1.2695e+06	2.4734	0.97931	7.2167	0.0093351	10.185
157.51	2.2655	4.7655	186.86	37.724	-84.643	29.258	4.5993e+05	0	1.7043e+07	0	19.382	13876	3.2086e+05	0	0	0	0	0	3.2024e+06	1.2682e+06	2.4749	0.98011	7.2247	0.0093571	10.192
157.88	2.2725	4.7186	186.86	37.793	-84.651	29.257	4.5847e+05	0	1.7044e+07	0	19.428	13817	3.2219e+05	0	0	0	0	0	3.1937e+06	1.2654e+06	2.4787	0.98209	7.244	0.0094231	10.209
158.53	2.2849	4.6356	186.86	37.914	-84.666	29.255	4.5588e+05	0	1.7044e+07	0	19.508	13716	3.2462e+05	0	0	0	0	0	3.1894e+06	1.2642e+06	2.4937	0.98847	7.2787	0.009624	10.264
159.09	2.2955	4.5656	186.87	38.016	-84.679	29.254	4.5367e+05	0	1.7044e+07	0	19.577	13632	3.2671e+05	0	0	0	0	0	3.1825e+06	1.2622e+06	2.5035	0.99294	7.3082	0.0097448	10.302
159.24	2.2984	4.5464	186.87	38.044	-84.683	29.253	4.5307e+05	0	1.7044e+07	0	19.596	13610	3.273e+05	0	0	0	0	0	3.1791e+06	1.2612e+06	2.505	0.99375	7.3163	0.0097662	10.309
159.61	2.3055	4.5004	186.87	38.111	-84.691	29.252	4.5161e+05	0	1.7044e+07	0	19.642	13557	3.2872e+05	0	0	0	0	0	3.1714e+06	1.2588e+06	2.5087	0.99577	7.336	0.0098314	10.325
160.26	2.318	4.419	186.88	38.228	-84.707	29.251	4.4901e+05	0	1.7044e+07	0	19.723	13465	3.3128e+05	0	0	0	0	0	3.1684e+06	1.2584e+06	2.5233	1.0022	7.3711	0.01003	10.379
160.82	2.3288	4.3504	186.88	38.327	-84.72	29.249	4.4681e+05	0	1.7044e+07	0	19.792	13391	3.335e+05	0	0	0	0	0	3.1627e+06	1.257e+06	2.5328	1.0067	7.401	0.01015	10.416
160.97	2.3317	4.3316	186.88	38.354	-84.723	29.249	4.462e+05	0	1.7044e+07	0	19.811	13371	3.3412e+05	0	0	0	0	0	3.1597e+06	1.2561e+06	2.5342	1.0075	7.4093	0.010172	10.423
161.34	2.3388	4.2865	186.89	38.418	-84.732	29.248	4.4474e+05	0	1.7044e+07	0	19.857	13323	3.3562e+05	0	0	0	0	0	3.1529e+06	1.2542e+06	2.5378	1.0095	7.4292	0.010237	10.439
161.99	2.3516	4.2067	186.89	38.532	-84.747	29.247	4.4214e+05	0	1.7044e+07	0	19.938	13241	3.3833e+05	0	0	0	0	0	3.1509e+06	1.2544e+06	2.5518	1.0159	7.4648	0.010439	10.491
162.54	2.3624	4.1396	186.9	38.627	-84.761	29.245	4.3994e+05	0	1.7045e+07	0	20.008	13175	3.4068e+05	0	0	0	0	0	3.1462e+06	1.2536e+06	2.5609	1.0204	7.4952	0.010561	10.527
162.7	2.3654	4.1212	186.9	38.653	-84.764	29.245	4.3933e+05	0	1.7045e+07	0	20.027	13157	3.4133e+05	0	0	0	0	0	3.1436e+06	1.2529e+06	2.5622	1.0212	7.5036	0.010582	10.533
163.06	2.3726	4.0771	186.9	38.715	-84.773	29.244	4.3787e+05	0	1.7045e+07	0	20.074	13115	3.4292e+05	0	0	0	0	0	3.1376e+06	1.2513e+06	2.5655	1.0232	7.5238	0.01065	10.548
163.72	2.3855	3.999	186.9	38.824	-84.789	29.242	4.3528e+05	0	1.7045e+07	0	20.155	13043	3.4578e+05	0	0	0	0	0	3.1364e+06	1.2521e+06	2.5788	1.0294	7.5599	0.010857	10.598
164.27	2.3964	3.9334	186.91	38.916	-84.802	29.241	4.3307e+05	0	1.7045e+07	0	20.225	12984	3.4826e+05	0	0	0	0	0	3.1326e+06	1.2517e+06	2.5873	1.0338	7.5907	0.010984	10.632
164.43	2.3995	3.9153	186.91	38.941	-84.806	29.24	4.3247e+05	0	1.7045e+07	0	20.244	12968	3.4895e+05	0	0	0	0	0	3.1303e+06	1.2512e+06	2.5885	1.0346	7.5992	0.011007	10.638
164.79	2.4067	3.8722	186.91	39.001	-84.815	29.239	4.3101e+05	0	1.7045e+07	0	20.291	12931	3.5062e+05	0	0	0	0	0	3.125e+06	1.25e+06	2.5915	1.0366	7.6197	0.011077	10.652
165.45	2.4197	3.7959	186.92	39.106	-84.831	29.238	4.2841e+05	0	1.7045e+07	0	20.373	12868	3.5365e+05	0	0	0	0	0	3.1244e+06	1.2511e+06	2.6038	1.0427	7.6563	0.011296	10.699
166	2.4308	3.7317	186.92	39.195	-84.845	29.236	4.2621e+05	0	1.7045e+07	0	20.443	12817	3.5627e+05	0	0	0	0	0	3.1213e+06	1.2512e+06	2.6116	1.0469	7.6876	0.01143	10.731
166.15	2.4339	3.7141	186.92	39.219	-84.848	29.236	4.256e+05	0	1.7045e+07	0	20.463	12803	3.57e+05	0	0	0	0	0	3.1193e+06	1.2508e+06	2.6127	1.0477	7.6962	0.011454	10.736
166.15	2.4339	3.7141	186.92	39.219	-84.848	29.236	4.256e+05	0	1.4993e+07	0	17.843	12803	3.57e+05	0	0	0	0	0	3.1193e+06	1.2508e+06	2.6127	1.0477	7.6962	0.011454	10.736
166.58	2.4412	3.6654	186.93	39.285	-84.859	29.235	4.2412e+05	0	1.4993e+07	0	17.887	12754	3.5853e+05	0	0	0	0	0	3.1119e+06	1.2488e+06	2.6165	1.05	7.7166	0.011572	10.753
167.33	2.4544	3.5793	186.93	39.402	-84.878	29.233	4.2149e+05	0	1.4993e+07	0	17.964	12671	3.6131e+05	0	0	0	0	0	3.1096e+06	1.2492e+06	2.6317	1.0573	7.753	0.011932	10.808
167.97	2.4656	3.5069	186.94	39.499	-84.894	29.231	4.1926e+05	0	1.4993e+07	0	18.03	12604	3.6373e+05	0	0	0	0	0	3.1049e+06	1.2487e+06	2.6417	1.0624	7.7841	0.012151	10.846
168.14	2.4687	3.487	186.94	39.525	-84.898	29.231	4.1864e+05	0	1.4993e+07	0	18.049	12587	3.644e+05	0	0	0	0	0	3.1022e+06	1.248e+06	2.6431	1.0633	7.7927	0.012189	10.853
168.57	2.4761	3.4393	186.94	39.588	-84.909	29.229	4.1716e+05	0	1.4993e+07	0	18.093	12545	3.6605e+05	0	0	0	0	0	3.0963e+06	1.2466e+06	2.6469	1.0657	7.8134	0.012305	10.869
169.32	2.4894	3.3551	186.95	39.699	-84.928	29.227	4.1453e+05	0	1.4993e+07	0	18.17	12474	3.6904e+05	0	0	0	0	0	3.0959e+06	1.248e+06	2.6616	1.0729	7.8504	0.012661	10.924
169.96	2.5007	3.2844	186.96	39.791	-84.944	29.226	4.123e+05	0	1.4994e+07	0	18.236	12417	3.7164e+05	0	0	0	0	0	3.0929e+06	1.2483e+06	2.6712	1.0781	7.8821	0.012878	10.96
170.13	2.5038	3.2649	186.96	39.817	-84.948	29.225	4.1168e+05	0	1.4994e+07	0	18.255	12402	3.7237e+05	0	0	0	0	0	3.0908e+06	1.2479e+06	2.6726	1.079	7.8908	0.012917	10.967
170.56	2.5113	3.2184	186.96	39.877	-84.959	29.224	4.102e+05	0	1.4994e+07	0	18.299	12367	3.7413e+05	0	0	0	0	0	3.0861e+06	1.2471e+06	2.6761	1.0814	7.9119	0.013035	10.983
171.31	2.5248	3.1362	186.97	39.982	-84.978	29.222	4.0757e+05	0	1.4994e+07	0	18.376	12307	3.7734e+05	0	0	0	0	0	3.0881e+06	1.2501e+06	2.6908	1.0892	7.9496	0.013398	11.035
171.95	2.5362	3.0672	186.97	40.069	-84.995	29.22	4.0534e+05	0	1.4994e+07	0	18.441	12261	3.8013e+05	0	0	0	0	0	3.0875e+06	1.2518e+06	2.7005	1.0949	7.9817	0.01362	11.07
172.12	2.5394	3.0483	186.98	40.093	-84.999	29.22	4.0472e+05	0	1.4994e+07	0	18.46	12248	3.8091e+05	0	0	0	0	0	3.086e+06	1.2517e+06	2.7019	1.096	7.9906	0.01366	11.076
172.55	2.547	3.003	186.98	40.15	-85.01	29.219	4.0324e+05	0	1.4994e+07	0	18.504	12219	3.828e+05	0	0	0	0	0	3.0828e+06	1.2515e+06	2.7056	1.0983	8.012	0.013783	11.092
173.3	2.5606	2.923	186.99	40.249	-85.03	29.217	4.0061e+05	0	1.4994e+07	0	18.582	12171	3.8623e+05	0	0	0	0	0	3.0871e+06	1.2546e+06	2.72	1.1054	8.0503	0.014163	11.142
173.94	2.5722	2.8558	186.99	40.332	-85.046	29.215	3.9838e+05	0	1.4994e+07	0	18.649	12133	3.8922e+05	0	0	0	0	0	3.0881e+06	1.2562e+06	2.7294	1.1103	8.083	0.014399	11.176
174.12	2.5754	2.8374	186.99	40.354	-85.051	29.214	3.9776e+05	0	1.4994e+07	0	18.668	12123	3.9005e+05	0	0	0	0	0	3.0871e+06	1.2562e+06	2.7308	1.1111	8.0921	0.014441	11.182
174.54	2.5831	2.7933	187	40.408	-85.062	29.213	3.9628e+05	0	1.4994e+07	0	18.713	12100	3.9208e+05	0	0	0	0	0	3.0851e+06	1.2561e+06	2.7342	1.1132	8.1138	0.014572	11.196
175.29	2.5968	2.7156	187	40.501	-85.082	29.211	3.9365e+05	0	1.4994e+07	0	18.792	12063	3.9575e+05	0	0	0	0	0	3.0907e+06	1.2598e+06	2.7476	1.12	8.1528	0.014981	11.243
175.93	2.6085	2.6503	187.01	40.579	-85.099	29.209	3.9142e+05	0	1.4994e+07	0	18.859	12034	3.9894e+05	0	0	0	0	0	3.093e+06	1.2619e+06	2.7563	1.1245	8.186	0.015237	11.276
176.11	2.6118	2.6324	187.01	40.601	-85.103	29.209	3.908e+05	0	1.4994e+07	0	18.878	12027	3.9983e+05	0	0	0	0	0	3.0925e+06	1.262e+06	2.7575	1.1253	8.1952	0.015283	11.281
176.53	2.6195	2.5897	187.02	40.651	-85.114	29.207	3.8932e+05	0	1.4994e+07	0	18.924	12010	4.0199e+05	0	0	0	0	0	3.0914e+06	1.2624e+06	2.7605	1.1273	8.2173	0.015426	11.294
177.28	2.6334	2.5142	187.02	40.739	-85.135	29.205	3.8669e+05	0	1.4994e+07	0	19.003	11982	4.0591e+05	0	0	0	0	0	3.098e+06	1.2665e+06	2.7727	1.1335	8.2569	0.015875	11.338
177.92	2.6453	2.451	187.03	40.812	-85.152	29.203	3.8446e+05	0	1.4994e+07	0	19.071	11962	4.0932e+05	0	0	0	0	0	3.1014e+06	1.2691e+06	2.7804	1.1377	8.2907	0.01616	11.368
178.1	2.6486	2.4336	187.03	40.832	-85.156	29.203	3.8384e+05	0	1.4994e+07	0	19.09	11957	4.1027e+05	0	0	0	0	0	3.1012e+06	1.2693e+06	2.7814	1.1384	8.3	0.016211	11.373
178.52	2.6564	2.3922	187.03	40.879	-85.168	29.202	3.8236e+05	0	1.4994e+07	0	19.136	11946	4.1258e+05	0	0	0	0	0	3.1011e+06	1.2701e+06	2.784	1.1402	8.3225	0.016369	11.385
179.27	2.6705	2.3191	187.04	40.961	-85.188	29.2	3.7973e+05	0	1.4994e+07	0	19.216	11928	4.1676e+05	0	0	0	0	0	3.1085e+06	1.2745e+06	2.7946	1.1458	8.3627	0.016872	11.424
179.91	2.6825	2.2579	187.05	41.03	-85.205	29.198	3.775e+05	0	1.4994e+07	0	19.284	11916	4.2039e+05	0	0	0	0	0	3.1127e+06	1.2774e+06	2.8012	1.1496	8.3971	0.017194	11.451
180.09	2.6858	2.2411	187.05	41.048	-85.21	29.197	3.7688e+05	0	1.4995e+07	0	19.303	11913	4.214e+05	0	0	0	0	0	3.1129e+06	1.2778e+06	2.8021	1.1502	8.4066	0.017252	11.455
180.51	2.6937	2.201	187.05	41.092	-85.222	29.196	3.7541e+05	0	1.4995e+07	0	19.349	11908	4.2386e+05	0	0	0	0	0	3.1136e+06	1.2789e+06	2.8041	1.1518	8.4294	0.017431	11.466
181.26	2.7079	2.1303	187.06	41.169	-85.242	29.194	3.7277e+05	0	1.4995e+07	0	19.43	11900	4.2832e+05	0	0	0	0	0	3.1214e+06	1.2835e+06	2.813	1.1567	8.4703	0.018003	11.5
181.9	2.72	2.0711	187.07	41.233	-85.26	29.192	3.7054e+05	0	1.4995e+07	0	19.499	11896	4.3218e+05	0	0	0	0	0	3.1264e+06	1.2868e+06	2.8183	1.16	8.5052	0.018374	11.523
182.08	2.7234	2.0549	187.07	41.25	-85.265	29.191	3.6992e+05	0	1.4995e+07	0	19.518	11895	4.3326e+05	0	0	0	0	0	3.1269e+06	1.2873e+06	2.8189	1.1605	8.5148	0.01844	11.527
182.5	2.7314	2.0162	187.07	41.291	-85.277	29.19	3.6845e+05	0	1.4995e+07	0	19.565	11895	4.3588e+05	0	0	0	0	0	3.1283e+06	1.2887e+06	2.8203	1.1618	8.5381	0.018645	11.536
183.25	2.7458	1.9479	187.08	41.362	-85.298	29.188	3.6581e+05	0	1.4995e+07	0	19.646	11897	4.4062e+05	0	0	0	0	0	3.1363e+06	1.2934e+06	2.8271	1.1659	8.5796	0.019304	11.565
183.89	2.758	1.8908	187.09	41.421	-85.315	29.186	3.6358e+05	0	1.4995e+07	0	19.716	11901	4.4474e+05	0	0	0	0	0	3.1418e+06	1.2969e+06	2.8311	1.1686	8.615	0.019737	11.584
184.07	2.7614	1.8751	187.09	41.437	-85.32	29.185	3.6296e+05	0	1.4995e+07	0	19.736	11902	4.4589e+05	0	0	0	0	0	3.1426e+06	1.2976e+06	2.8314	1.1691	8.6249	0.019815	11.587
184.49	2.7695	1.8378	187.09	41.475	-85.332	29.184	3.6149e+05	0	1.4995e+07	0	19.782	11907	4.4867e+05	0	0	0	0	0	3.1446e+06	1.2992e+06	2.8321	1.1701	8.6484	0.020052	11.594
185.25	2.7841	1.772	187.1	41.541	-85.353	29.182	3.5885e+05	0	1.4995e+07	0	19.865	11918	4.5372e+05	0	0	0	0	0	3.1526e+06	1.304e+06	2.8367	1.1733	8.6907	0.020822	11.616
185.88	2.7964	1.7169	187.11	41.595	-85.372	29.18	3.5662e+05	0	1.4995e+07	0	19.936	11930	4.5809e+05	0	0	0	0	0	3.1584e+06	1.3076e+06	2.839	1.1754	8.7267	0.021332	11.63
186.06	2.7998	1.7018	187.11	41.61	-85.377	29.179	3.56e+05	0	1.4995e+07	0	19.955	11934	4.5931e+05	0	0	0	0	0	3.1595e+06	1.3084e+06	2.8391	1.1758	8.7366	0.021423	11.633
186.06	2.7998	1.7018	187.11	41.61	-85.377	29.179	3.56e+05	0	1.2919e+07	0	17.063	11934	4.5931e+05	0	0	0	0	0	3.1595e+06	1.3084e+06	2.8391	1.1758	8.7366	0.021423	11.633
187.07	2.8164	1.6163	187.12	41.692	-85.405	29.176	3.5298e+05	0	1.2919e+07	0	17.149	11934	4.6489e+05	0	0	0	0	0	3.1659e+06	1.3127e+06	2.8449	1.1796	8.7844	0.023032	11.66
188.86	2.8461	1.4681	187.14	41.828	-85.457	29.17	3.4759e+05	0	1.2919e+07	0	17.3	11949	4.7529e+05	0	0	0	0	0	3.2006e+06	1.3299e+06	2.8724	1.1935	8.8703	0.027663	11.758
190.37	2.8714	1.3467	187.15	41.935	-85.501	29.166	3.4301e+05	0	1.2919e+07	0	17.428	11977	4.8459e+05	0	0	0	0	0	3.2309e+06	1.3449e+06	2.8928	1.2041	8.9441	0.030195	11.834
190.79	2.8785	1.3139	187.16	41.963	-85.513	29.164	3.4175e+05	0	1.2919e+07	0	17.464	11988	4.8723e+05	0	0	0	0	0	3.2369e+06	1.3481e+06	2.8957	1.2059	8.9647	0.030634	11.846
191.8	2.8954	1.2363	187.17	42.027	-85.542	29.161	3.3872e+05	0	1.2919e+07	0	17.55	12017	4.9372e+05	0	0	0	0	0	3.2533e+06	1.3566e+06	2.9033	1.2106	9.0142	0.031914	11.878
193.59	2.9257	1.1028	187.19	42.133	-85.595	29.155	3.3333e+05	0	1.2919e+07	0	17.7	12083	5.0576e+05	0	0	0	0	0	3.3085e+06	1.3825e+06	2.9363	1.2269	9.1032	0.035561	11.989
195.11	2.9516	0.99481	187.2	42.215	-85.641	29.15	3.2875e+05	0	1.2919e+07	0	17.827	12154	5.1648e+05	0	0	0	0	0	3.3554e+06	1.4059e+06	2.9605	1.2404	9.1796	0.037518	12.069
195.53	2.9587	0.96577	187.21	42.236	-85.653	29.149	3.2749e+05	0	1.2919e+07	0	17.862	12176	5.1953e+05	0	0	0	0	0	3.3658e+06	1.4112e+06	2.9643	1.2429	9.2009	0.037868	12.083
196.53	2.976	0.89747	187.22	42.285	-85.683	29.145	3.2446e+05	0	1.2919e+07	0	17.947	12233	5.2698e+05	0	0	0	0	0	3.3924e+06	1.4249e+06	2.9739	1.2491	9.252	0.039005	12.118
198.32	3.0068	0.78125	187.24	42.363	-85.738	29.139	3.1907e+05	0	1.2919e+07	0	18.093	12348	5.4077e+05	0	0	0	0	0	3.4686e+06	1.4624e+06	3.0123	1.27	9.344	0.042221	12.241
199.84	3.0331	0.68861	187.25	42.422	-85.784	29.134	3.145e+05	0	1.2919e+07	0	18.219	12460	5.5301e+05	0	0	0	0	0	3.5318e+06	1.4936e+06	3.0397	1.2855	9.4228	0.043922	12.331
200.26	3.0404	0.66392	187.26	42.437	-85.797	29.133	3.1323e+05	0	1.2919e+07	0	18.255	12493	5.5647e+05	0	0	0	0	0	3.5461e+06	1.5008e+06	3.0439	1.2882	9.4447	0.044235	12.347
201.27	3.058	0.60622	187.27	42.471	-85.828	29.129	3.1021e+05	0	1.2919e+07	0	18.34	12576	5.6494e+05	0	0	0	0	0	3.5822e+06	1.5189e+06	3.0545	1.2952	9.4974	0.045342	12.386
203.06	3.0893	0.50954	187.29	42.524	-85.884	29.123	3.0481e+05	0	1.2919e+07	0	18.486	12737	5.8056e+05	0	0	0	0	0	3.6771e+06	1.5654e+06	3.0958	1.3179	9.592	0.048457	12.52
204.58	3.116	0.43414	187.31	42.563	-85.932	29.118	3.0024e+05	0	1.2919e+07	0	18.613	12887	5.9437e+05	0	0	0	0	0	3.7543e+06	1.6035e+06	3.1241	1.3343	9.6729	0.050086	12.616
204.99	3.1234	0.4143	187.31	42.573	-85.945	29.116	2.9898e+05	0	1.2919e+07	0	18.649	12930	5.9827e+05	0	0	0	0	0	3.7722e+06	1.6124e+06	3.1285	1.3373	9.6954	0.050392	12.633
206	3.1412	0.36837	187.33	42.594	-85.977	29.113	2.9595e+05	0	1.2919e+07	0	18.735	13038	6.0778e+05	0	0	0	0	0	3.8167e+06	1.6347e+06	3.1393	1.3446	9.7495	0.051536	12.674
207.79	3.173	0.29321	187.35	42.627	-86.034	29.106	2.9056e+05	0	1.292e+07	0	18.884	13241	6.2528e+05	0	0	0	0	0	3.9277e+06	1.6893e+06	3.1809	1.3681	9.8464	0.054741	12.812
209.31	3.2001	0.23662	187.36	42.649	-86.083	29.101	2.8598e+05	0	1.292e+07	0	19.013	13425	6.4068e+05	0	0	0	0	0	4.0172e+06	1.7337e+06	3.2088	1.3848	9.9292	0.056402	12.909
209.73	3.2076	0.22205	187.37	42.655	-86.097	29.099	2.8472e+05	0	1.292e+07	0	19.049	13478	6.4502e+05	0	0	0	0	0	4.0382e+06	1.7442e+06	3.213	1.3878	9.9522	0.056717	12.926
210.73	3.2256	0.18888	187.38	42.666	-86.13	29.095	2.8169e+05	0	1.292e+07	0	19.138	13607	6.5558e+05	0	0	0	0	0	4.0905e+06	1.7703e+06	3.2237	1.3951	10.007	0.057937	12.967
212.52	3.2578	0.13711	187.4	42.683	-86.189	29.089	2.763e+05	0	1.292e+07	0	19.295	13848	6.7494e+05	0	0	0	0	0	4.2223e+06	1.8323e+06	3.2698	1.419	10.106	0.061336	13.106
214.04	3.2852	0.10115	187.42	42.693	-86.239	29.083	2.7172e+05	0	1.292e+07	0	19.432	14061	6.9189e+05	0	0	0	0	0	4.3291e+06	1.8827e+06	3.3017	1.4359	10.191	0.063077	13.201
214.46	3.2927	0.092384	187.43	42.695	-86.253	29.081	2.7046e+05	0	1.292e+07	0	19.471	14121	6.9665e+05	0	0	0	0	0	4.3546e+06	1.8947e+06	3.307	1.4389	10.214	0.063408	13.218
215.47	3.3109	0.073352	187.44	42.7	-86.287	29.078	2.6743e+05	0	1.292e+07	0	19.564	14268	7.0822e+05	0	0	0	0	0	4.4173e+06	1.9244e+06	3.3201	1.4464	10.27	0.064718	13.258
217.26	3.3434	0.04733	187.46	42.706	-86.347	29.071	2.6204e+05	0	1.292e+07	0	19.731	14536	7.2931e+05	0	0	0	0	0	4.5631e+06	1.9934e+06	3.3663	1.4706	10.371	0.068333	13.393
218.78	3.3711	0.033654	187.48	42.71	-86.399	29.065	2.5747e+05	0	1.292e+07	0	19.876	14770	7.4767e+05	0	0	0	0	0	4.6795e+06	2.0486e+06	3.3976	1.4874	10.456	0.070145	13.485
219.2	3.3787	0.031109	187.49	42.711	-86.413	29.063	2.562e+05	0	1.292e+07	0	19.917	14836	7.5282e+05	0	0	0	0	0	4.7074e+06	2.0619e+06	3.4028	1.4904	10.48	0.070491	13.501
220.2	3.3971	0.027081	187.5	42.712	-86.448	29.059	2.5318e+05	0	1.292e+07	0	20.016	14994	7.6527e+05	0	0	0	0	0	4.7759e+06	2.0945e+06	3.4158	1.498	10.537	0.071882	13.541
221.99	3.4299	0.028138	187.53	42.715	-86.509	29.052	2.4778e+05	0	1.292e+07	0	20.194	15278	7.8785e+05	0	0	0	0	0	4.9313e+06	2.1685e+06	3.4614	1.5221	10.638	0.075668	13.671
223.51	3.4577	0.037747	187.55	42.718	-86.562	29.046	2.4321e+05	0	1.292e+07	0	20.35	15521	8.0736e+05	0	0	0	0	0	5.054e+06	2.2272e+06	3.492	1.5389	10.725	0.077503	13.76
223.93	3.4654	0.041668	187.55	42.719	-86.577	29.044	2.4195e+05	0	1.292e+07	0	20.393	15588	8.128e+05	0	0	0	0	0	5.0833e+06	2.2413e+06	3.4972	1.5419	10.748	0.077854	13.775
224.93	3.4839	0.053202	187.56	42.722	-86.613	29.04	2.3892e+05	0	1.292e+07	0	20.499	15748	8.2593e+05	0	0	0	0	0	5.1552e+06	2.2758e+06	3.5105	1.5498	10.806	0.0793	13.815
226.72	3.5169	0.082202	187.59	42.729	-86.676	29.033	2.3353e+05	0	1.292e+07	0	20.692	16031	8.4958e+05	0	0	0	0	0	5.3165e+06	2.3535e+06	3.5565	1.5743	10.908	0.083147	13.945
228.24	3.545	0.11572	187.61	42.738	-86.73	29.026	2.2895e+05	0	1.292e+07	0	20.859	16266	8.6984e+05	0	0	0	0	0	5.4428e+06	2.4151e+06	3.5883	1.5922	10.994	0.084911	14.033
228.66	3.5527	0.12626	187.62	42.742	-86.745	29.025	2.2769e+05	0	1.292e+07	0	20.905	16330	8.7546e+05	0	0	0	0	0	5.472e+06	2.4298e+06	3.5934	1.5956	11.018	0.085251	14.049
229.67	3.5713	0.15363	187.63	42.75	-86.782	29.02	2.2466e+05	0	1.292e+07	0	21.015	16481	8.8896e+05	0	0	0	0	0	5.5433e+06	2.4661e+06	3.6069	1.6046	11.075	0.0867	14.092
231.46	3.6045	0.211	187.65	42.771	-86.847	29.013	2.1927e+05	0	1.292e+07	0	21.219	16740	9.1307e+05	0	0	0	0	0	5.7108e+06	2.5521e+06	3.6584	1.6349	11.177	0.090418	14.239
232.98	3.6327	0.26882	187.68	42.794	-86.902	29.006	2.147e+05	0	1.292e+07	0	21.395	16947	9.3348e+05	0	0	0	0	0	5.8391e+06	2.6188e+06	3.6949	1.6571	11.263	0.091959	14.346
233.4	3.6405	0.28608	187.68	42.801	-86.918	29.004	2.1343e+05	0	1.292e+07	0	21.443	17002	9.391e+05	0	0	0	0	0	5.8679e+06	2.6339e+06	3.7011	1.6613	11.286	0.092258	14.366
233.4	3.6405	0.28608	187.68	42.801	-86.918	29.004	2.1343e+05	0	4.8482e+06	0	13.725	17002	9.391e+05	0	0	0	0	0	2.6885e+06	9.1064e+05	0.34301	0.11618	11.286	0.092258	14.366
234.53	3.6533	0.28231	187.7	42.822	-86.96	28.999	2.1218e+05	0	4.8482e+06	0	13.789	17072	9.4786e+05	0	0	0	0	0	2.7155e+06	9.2369e+05	0.34504	0.11736	11.325	0.095432	14.432
236.79	3.6788	0.28286	187.73	42.862	-87.043	28.99	2.0969e+05	0	4.8482e+06	0	13.935	17211	9.6533e+05	0	0	0	0	0	2.8021e+06	9.6611e+05	0.35318	0.12177	11.401	0.1068	14.686
239.28	3.7068	0.29778	187.77	42.909	-87.137	28.978	2.0693e+05	0	4.8482e+06	0	14.104	17359	9.8469e+05	0	0	0	0	0	2.8999e+06	1.0144e+06	0.36239	0.12677	11.485	0.11677	14.974
241.07	3.7269	0.31694	187.79	42.944	-87.204	28.97	2.0496e+05	0	4.8482e+06	0	14.218	17458	9.9847e+05	0	0	0	0	0	2.9569e+06	1.0439e+06	0.3674	0.12971	11.545	0.12086	15.128
241.54	3.7321	0.32295	187.8	42.954	-87.222	28.968	2.0445e+05	0	4.8482e+06	0	14.245	17482	1.002e+06	0	0	0	0	0	2.9657e+06	1.0485e+06	0.36798	0.1301	11.561	0.12148	15.148
243.27	3.7514	0.34833	187.83	42.992	-87.287	28.96	2.0254e+05	0	4.8482e+06	0	14.354	17569	1.0152e+06	0	0	0	0	0	3.017e+06	1.0757e+06	0.3725	0.13281	11.618	0.12838	15.287
246.35	3.7856	0.41156	187.87	43.068	-87.404	28.946	1.9914e+05	0	4.8482e+06	0	14.59	17697	1.038e+06	0	0	0	0	0	3.1581e+06	1.152e+06	0.38711	0.1412	11.719	0.14425	15.722
248.96	3.8143	0.48413	187.91	43.146	-87.505	28.934	1.9626e+05	0	4.8482e+06	0	14.775	17770	1.0564e+06	0	0	0	0	0	3.2468e+06	1.2014e+06	0.39634	0.14665	11.803	0.14868	16.003
249.68	3.8222	0.50629	187.92	43.17	-87.533	28.931	1.9546e+05	0	4.8483e+06	0	14.819	17783	1.0613e+06	0	0	0	0	0	3.263e+06	1.2112e+06	0.39802	0.14774	11.826	0.14954	16.054
251.41	3.8412	0.56288	187.95	43.231	-87.6	28.923	1.9355e+05	0	4.8483e+06	0	14.926	17803	1.0727e+06	0	0	0	0	0	3.3026e+06	1.2356e+06	0.40241	0.15055	11.881	0.15427	16.186
254.49	3.8747	0.67912	188	43.36	-87.72	28.908	1.9015e+05	0	4.8483e+06	0	15.155	17788	1.0916e+06	0	0	0	0	0	3.4161e+06	1.3054e+06	0.41658	0.15919	11.976	0.16225	16.596
257.1	3.9029	0.7933	188.04	43.49	-87.822	28.895	1.8727e+05	0	4.8483e+06	0	15.318	17717	1.1057e+06	0	0	0	0	0	3.4741e+06	1.3451e+06	0.42535	0.16469	12.055	0.16049	16.856
257.83	3.9107	0.82628	188.05	43.53	-87.851	28.892	1.8647e+05	0	4.8483e+06	0	15.354	17688	1.1093e+06	0	0	0	0	0	3.4803e+06	1.3509e+06	0.42682	0.16568	12.077	0.16021	16.902
258.96	3.923	0.8793	188.07	43.596	-87.896	28.886	1.8522e+05	0	4.8484e+06	0	15.403	17633	1.1147e+06	0	0	0	0	0	3.4834e+06	1.3565e+06	0.42853	0.16688	12.11	0.16134	16.957
261.22	3.9473	0.98832	188.1	43.741	-87.985	28.875	1.8273e+05	0	4.8484e+06	0	15.521	17491	1.1244e+06	0	0	0	0	0	3.5143e+06	1.3842e+06	0.43584	0.17167	12.176	0.16472	17.169
263.71	3.9743	1.1164	188.14	43.922	-88.085	28.862	1.7997e+05	0	4.8484e+06	0	15.639	17281	1.1333e+06	0	0	0	0	0	3.5387e+06	1.4117e+06	0.44418	0.17719	12.247	0.1642	17.409
265.5	3.9935	1.2113	188.17	44.067	-88.157	28.853	1.78e+05	0	4.8485e+06	0	15.701	17097	1.1385e+06	0	0	0	0	0	3.5349e+06	1.42e+06	0.4485	0.18016	12.297	0.16195	17.537
265.97	3.9986	1.2362	188.18	44.107	-88.176	28.851	1.7749e+05	0	4.8485e+06	0	15.711	17045	1.1397e+06	0	0	0	0	0	3.5279e+06	1.4187e+06	0.44898	0.18055	12.31	0.16183	17.553
267.11	4.0109	1.2969	188.2	44.208	-88.222	28.845	1.7623e+05	0	4.8485e+06	0	15.738	16909	1.1423e+06	0	0	0	0	0	3.5142e+06	1.4179e+06	0.45084	0.18191	12.341	0.1631	17.611
269.36	4.0354	1.4185	188.23	44.422	-88.313	28.834	1.7374e+05	0	4.8485e+06	0	15.811	16607	1.1463e+06	0	0	0	0	0	3.5087e+06	1.4308e+06	0.45831	0.18689	12.402	0.16665	17.828
271.86	4.0626	1.556	188.27	44.685	-88.415	28.821	1.7099e+05	0	4.8486e+06	0	15.874	16224	1.1487e+06	0	0	0	0	0	3.4889e+06	1.4393e+06	0.46647	0.19244	12.469	0.16566	18.063
273.65	4.0822	1.6546	188.3	44.889	-88.489	28.811	1.6901e+05	0	4.8486e+06	0	15.896	15920	1.1492e+06	0	0	0	0	0	3.455e+06	1.4352e+06	0.47076	0.19556	12.515	0.16298	18.187
274.11	4.0873	1.68	188.31	44.944	-88.508	28.809	1.685e+05	0	4.8486e+06	0	15.896	15838	1.1492e+06	0	0	0	0	0	3.4406e+06	1.4308e+06	0.47125	0.19597	12.527	0.16277	18.203
275.25	4.0999	1.7415	188.33	45.083	-88.555	28.803	1.6724e+05	0	4.8487e+06	0	15.9	15629	1.1488e+06	0	0	0	0	0	3.409e+06	1.4225e+06	0.47314	0.19743	12.557	0.16381	18.261
277.5	4.125	1.8618	188.37	45.375	-88.648	28.791	1.6476e+05	0	4.8487e+06	0	15.926	15193	1.1469e+06	0	0	0	0	0	3.368e+06	1.4209e+06	0.48087	0.20287	12.614	0.16629	18.479
280	4.153	1.9935	188.41	45.722	-88.752	28.777	1.62e+05	0	4.8488e+06	0	15.941	14675	1.1429e+06	0	0	0	0	0	3.3088e+06	1.4119e+06	0.4891	0.20871	12.677	0.16391	18.712
281.79	4.1733	2.0851	188.44	45.988	-88.827	28.768	1.6003e+05	0	4.8488e+06	0	15.935	14285	1.139e+06	0	0	0	0	0	3.2467e+06	1.3937e+06	0.493	0.21162	12.721	0.16046	18.828
282.25	4.1787	2.1083	188.45	46.059	-88.847	28.765	1.5951e+05	0	4.8488e+06	0	15.93	14182	1.1379e+06	0	0	0	0	0	3.2258e+06	1.386e+06	0.4934	0.21199	12.732	0.16015	18.842
283.39	4.1917	2.1638	188.46	46.236	-88.895	28.759	1.5826e+05	0	4.8489e+06	0	15.92	13926	1.1348e+06	0	0	0	0	0	3.1778e+06	1.3692e+06	0.49498	0.21327	12.761	0.16084	18.892
285.65	4.218	2.2695	188.5	46.603	-88.99	28.746	1.5577e+05	0	4.8489e+06	0	15.916	13409	1.1278e+06	0	0	0	0	0	3.0995e+06	1.348e+06	0.50143	0.21808	12.816	0.16203	19.077
288.14	4.2474	2.3805	188.55	47.032	-89.097	28.732	1.5302e+05	0	4.849e+06	0	15.907	12824	1.1188e+06	0	0	0	0	0	3.0045e+06	1.3206e+06	0.50819	0.22337	12.878	0.15839	19.269
289.93	4.2689	2.4553	188.58	47.353	-89.173	28.722	1.5104e+05	0	4.849e+06	0	15.905	12440	1.1134e+06	0	0	0	0	0	2.931e+06	1.2964e+06	0.51108	0.22606	12.944	0.15439	19.364
290.4	4.2745	2.474	188.58	47.439	-89.193	28.72	1.5053e+05	0	4.849e+06	0	15.903	12339	1.1118e+06	0	0	0	0	0	2.9085e+06	1.2878e+06	0.5113	0.2264	12.961	0.15402	19.375
291.54	4.2883	2.5183	188.6	47.651	-89.242	28.713	1.4927e+05	0	4.8491e+06	0	15.902	12091	1.1079e+06	0	0	0	0	0	2.8563e+06	1.2688e+06	0.51243	0.22763	13.003	0.15445	19.418
293.79	4.3161	2.6009	188.64	48.084	-89.34	28.7	1.4679e+05	0	4.8491e+06	0	15.911	11597	1.0995e+06	0	0	0	0	0	2.7656e+06	1.24e+06	0.51731	0.23195	13.087	0.15479	19.572
296.29	4.3474	2.6847	188.69	48.583	-89.448	28.686	1.4403e+05	0	4.8492e+06	0	15.927	11047	1.0892e+06	0	0	0	0	0	2.6564e+06	1.202e+06	0.5216	0.23601	13.182	0.15062	19.715
298.08	4.3703	2.7387	188.72	48.952	-89.527	28.675	1.4205e+05	0	4.8492e+06	0	15.946	10656	1.0813e+06	0	0	0	0	0	2.5693e+06	1.1682e+06	0.52303	0.23781	13.251	0.14655	19.776
298.54	4.3763	2.7518	188.73	49.049	-89.547	28.672	1.4154e+05	0	4.8492e+06	0	15.953	10554	1.0791e+06	0	0	0	0	0	2.5449e+06	1.1581e+06	0.52304	0.23802	13.27	0.14619	19.783
300.27	4.3989	2.7973	188.76	49.416	-89.623	28.662	1.3963e+05	0	4.8492e+06	0	15.982	10180	1.0711e+06	0	0	0	0	0	2.4603e+06	1.1248e+06	0.52423	0.23966	13.338	0.1462	19.838
303.35	4.4399	2.8661	188.81	50.089	-89.76	28.644	1.3623e+05	0	4.8493e+06	0	16.055	9527	1.0561e+06	0	0	0	0	0	2.3132e+06	1.0667e+06	0.52669	0.24287	13.462	0.13821	19.947
305.96	4.4757	2.9117	188.86	50.676	-89.877	28.628	1.3335e+05	0	4.8494e+06	0	16.146	8989.6	1.0429e+06	0	0	0	0	0	2.1773e+06	1.0081e+06	0.5254	0.24325	13.571	0.12535	19.952
306.68	4.4858	2.9219	188.87	50.841	-89.909	28.623	1.3255e+05	0	4.8494e+06	0	16.176	8844.6	1.0392e+06	0	0	0	0	0	2.1404e+06	9.9199e+05	0.52495	0.24329	13.602	0.12309	19.951
307.49	4.497	2.9322	188.88	51.025	-89.945	28.618	1.3167e+05	0	4.8494e+06	0	16.211	8686.4	1.0352e+06	0	0	0	0	0	2.1004e+06	9.7467e+05	0.52451	0.2434	13.637	0.12239	19.952
309.16	4.5209	2.9505	188.91	51.413	-90.021	28.608	1.2982e+05	0	4.8494e+06	0	16.291	8392.3	1.0286e+06	0	0	0	0	0	2.0242e+06	9.4274e+05	0.52321	0.24367	13.737	0.11932	19.955
311.26	4.5512	2.9672	188.95	51.904	-90.116	28.595	1.275e+05	0	4.8494e+06	0	16.404	8031.7	1.0201e+06	0	0	0	0	0	1.9296e+06	9.024e+05	0.52115	0.24372	13.865	0.11362	19.946
313.21	4.58	2.9766	188.99	52.367	-90.206	28.582	1.2535e+05	0	4.8495e+06	0	16.523	7704.2	1.0121e+06	0	0	0	0	0	1.8424e+06	8.6459e+05	0.51875	0.24344	13.986	0.1069	19.926
314.5	4.5992	2.9798	189.01	52.674	-90.265	28.574	1.2393e+05	0	4.8495e+06	0	16.614	7493.1	1.0068e+06	0	0	0	0	0	1.7921e+06	8.4095e+05	0.51881	0.24345	14.068	0.10369	19.914
314.83	4.6041	2.9803	189.02	52.752	-90.28	28.572	1.2357e+05	0	4.8495e+06	0	16.638	7440.7	1.0054e+06	0	0	0	0	0	1.7802e+06	8.3527e+05	0.51898	0.24351	14.089	0.10336	19.913
314.83	4.6041	2.9803	189.02	52.752	-90.28	28.572	1.2357e+05	0	4.2029e+06	0	14.397	7440.7	1.0054e+06	0	0	0	0	0	1.7802e+06	8.3527e+05	0.51898	0.24351	14.089	0.10336	19.913
315.5	4.6126	2.9808	189.03	52.913	-90.311	28.568	1.2293e+05	0	4.2029e+06	0	14.426	7327.4	1.0015e+06	0	0	0	0	0	1.7547e+06	8.2341e+05	0.51947	0.24376	14.127	0.10365	19.916
316.98	4.6315	2.9799	189.06	53.268	-90.379	28.558	1.2151e+05	0	4.2029e+06	0	14.495	7082.6	9.929e+05	0	0	0	0	0	1.7006e+06	7.9839e+05	0.52086	0.24453	14.211	0.10526	19.929
319.04	4.6581	2.9742	189.09	53.765	-90.475	28.545	1.1954e+05	0	4.203e+06	0	14.599	6753.2	9.8101e+05	0	0	0	0	0	1.6277e+06	7.6466e+05	0.52283	0.24561	14.331	0.10773	19.949
321.36	4.6888	2.9619	189.14	54.327	-90.584	28.529	1.1732e+05	0	4.203e+06	0	14.729	6397.2	9.6774e+05	0	0	0	0	0	1.5473e+06	7.271e+05	0.52466	0.24655	14.468	0.10898	19.96
323.6	4.7189	2.9443	189.18	54.869	-90.689	28.514	1.1518e+05	0	4.203e+06	0	14.867	6070.8	9.5517e+05	0	0	0	0	0	1.4721e+06	6.9161e+05	0.526	0.24712	14.604	0.10845	19.958
325.4	4.7436	2.9262	189.21	55.306	-90.774	28.502	1.1346e+05	0	4.203e+06	0	14.985	5818.5	9.4519e+05	0	0	0	0	0	1.4133e+06	6.6376e+05	0.5269	0.24746	14.715	0.10763	19.952
326.5	4.7589	2.9135	189.23	55.573	-90.827	28.495	1.124e+05	0	4.203e+06	0	15.061	5669.5	9.3918e+05	0	0	0	0	0	1.3787e+06	6.4738e+05	0.5275	0.24769	14.784	0.10746	19.949
326.77	4.7626	2.9102	189.24	55.638	-90.84	28.493	1.1215e+05	0	4.203e+06	0	15.08	5633.8	9.3773e+05	0	0	0	0	0	1.3705e+06	6.4352e+05	0.52768	0.24778	14.8	0.10754	19.949
329.31	4.7985	2.8761	189.29	56.25	-90.961	28.476	1.0972e+05	0	4.2031e+06	0	15.26	5306.9	9.2421e+05	0	0	0	0	0	1.2969e+06	6.093e+05	0.53009	0.24905	14.962	0.11411	19.968
333.82	4.8641	2.8012	189.37	57.331	-91.179	28.444	1.054e+05	0	4.2031e+06	0	15.619	4772.7	9.0121e+05	0	0	0	0	0	1.166e+06	5.4598e+05	0.52995	0.24815	15.257	0.11833	19.885
337.65	4.9218	2.7235	189.45	58.235	-91.366	28.417	1.0174e+05	0	4.2031e+06	0	15.963	4365.9	8.8303e+05	0	0	0	0	0	1.0561e+06	4.9071e+05	0.52474	0.24381	15.515	0.10569	19.684
338.71	4.938	2.6998	189.47	58.481	-91.418	28.409	1.0072e+05	0	4.2031e+06	0	16.059	4260.9	8.7826e+05	0	0	0	0	0	1.029e+06	4.7731e+05	0.52384	0.24299	15.588	0.10354	19.642
339.89	4.9562	2.6727	189.49	58.754	-91.476	28.401	99598	0	4.2031e+06	0	16.165	4147.6	8.7307e+05	0	0	0	0	0	1.0015e+06	4.6415e+05	0.52377	0.24275	15.67	0.10325	19.62
342.35	4.9949	2.613	189.54	59.319	-91.598	28.383	97245	0	4.2032e+06	0	16.397	3922.4	8.6267e+05	0	0	0	0	0	9.4239e+05	4.3494e+05	0.52117	0.24053	15.842	0.10193	19.51
345.43	5.0442	2.533	189.6	60.012	-91.752	28.36	94304	0	4.2032e+06	0	16.704	3662.5	8.5057e+05	0	0	0	0	0	8.7018e+05	3.9853e+05	0.51538	0.23604	16.062	0.098014	19.311
348.29	5.0913	2.4534	189.66	60.644	-91.897	28.338	91563	0	4.2032e+06	0	16.998	3440.7	8.4025e+05	0	0	0	0	0	8.0721e+05	3.6666e+05	0.50891	0.23116	16.271	0.092004	19.1
350.18	5.1229	2.3987	189.7	61.052	-91.993	28.324	89756	0	4.2032e+06	0	17.191	3304.6	8.3397e+05	0	0	0	0	0	7.7108e+05	3.4888e+05	0.50614	0.229	16.41	0.089027	18.999
350.66	5.1309	2.3847	189.71	61.154	-92.018	28.32	89301	0	4.2032e+06	0	17.238	3271.6	8.3246e+05	0	0	0	0	0	7.6311e+05	3.4514e+05	0.50596	0.22884	16.445	0.088823	18.986
353.19	5.174	2.3089	189.76	61.689	-92.148	28.3	86876	0	4.2032e+06	0	17.502	3103.6	8.2484e+05	0	0	0	0	0	7.1712e+05	3.226e+05	0.50122	0.22548	16.635	0.089296	18.821
357.71	5.2529	2.167	189.86	62.609	-92.382	28.265	82556	0	4.2032e+06	0	18.016	2835.9	8.1331e+05	0	0	0	0	0	6.2801e+05	2.7652e+05	0.48038	0.21152	16.98	0.080543	18.217
361.54	5.322	2.0403	189.94	63.353	-92.584	28.234	78891	0	4.2032e+06	0	18.453	2638.1	8.0571e+05	0	0	0	0	0	5.6437e+05	2.4471e+05	0.46406	0.20122	17.279	0.064993	17.74
362.6	5.3413	2.0047	189.96	63.552	-92.64	28.225	77879	0	4.2032e+06	0	18.57	2587.9	8.0397e+05	0	0	0	0	0	5.5015e+05	2.3796e+05	0.46114	0.19946	17.362	0.062161	17.648
363.27	5.3537	1.9821	189.97	63.677	-92.676	28.22	77236	0	4.2032e+06	0	18.64	2556.9	8.0295e+05	0	0	0	0	0	5.4324e+05	2.349e+05	0.46086	0.19928	17.415	0.061845	17.631
364.75	5.3811	1.9323	190.01	63.948	-92.755	28.207	75820	0	4.2032e+06	0	18.801	2491.2	8.0092e+05	0	0	0	0	0	5.2657e+05	2.2722e+05	0.4585	0.19785	17.533	0.060668	17.548
366.81	5.4197	1.8628	190.05	64.316	-92.865	28.19	73851	0	4.2032e+06	0	19.03	2405.4	7.9861e+05	0	0	0	0	0	5.0303e+05	2.162e+05	0.45364	0.19497	17.698	0.058796	17.393
369.13	5.4639	1.7844	190.1	64.719	-92.991	28.17	71629	0	4.2033e+06	0	19.294	2315.7	7.9672e+05	0	0	0	0	0	4.7715e+05	2.0396e+05	0.44696	0.19105	17.885	0.055969	17.189
371.37	5.5071	1.708	190.15	65.092	-93.113	28.151	69492	0	4.2033e+06	0	19.691	2236.5	7.9573e+05	0	0	0	0	0	4.3731e+05	1.6232e+05	0.42414	0.15743	18.067	0.053009	16.998
373.17	5.5426	1.6454	190.19	65.384	-93.212	28.136	67766	0	4.2033e+06	0	19.922	2177.4	7.9557e+05	0	0	0	0	0	4.1801e+05	1.501e+05	0.41642	0.14953	18.216	0.050974	16.865
374.27	5.5645	1.6075	190.21	65.557	-93.273	28.126	66713	0	4.2033e+06	0	20.044	2143.4	7.9571e+05	0	0	0	0	0	4.0967e+05	1.4705e+05	0.41461	0.14882	18.307	0.05033	16.815
374.54	5.5698	1.5982	190.22	65.599	-93.287	28.124	66456	0	4.2033e+06	0	20.074	2135.3	7.9578e+05	0	0	0	0	0	4.0791e+05	1.4643e+05	0.41439	0.14876	18.329	0.050298	16.808
375.72	5.5934	1.5579	190.25	65.78	-93.353	28.113	65331	0	4.2033e+06	0	20.206	2100.8	7.9619e+05	0	0	0	0	0	3.9939e+05	1.433e+05	0.41239	0.14797	18.427	0.050688	16.753
378.18	5.6432	1.4743	190.3	66.146	-93.49	28.091	62978	0	4.2033e+06	0	20.494	2033.8	7.9776e+05	0	0	0	0	0	3.7866e+05	1.3508e+05	0.40387	0.14407	18.633	0.052122	16.511
381.25	5.7065	1.3709	190.37	66.579	-93.663	28.063	60036	0	4.2033e+06	0	20.865	1959.2	8.0111e+05	0	0	0	0	0	3.5337e+05	1.2481e+05	0.39124	0.13819	18.892	0.052852	16.154
384.12	5.7666	1.2757	190.44	66.958	-93.826	28.037	57296	0	4.2033e+06	0	21.216	1898.2	8.0564e+05	0	0	0	0	0	3.3231e+05	1.1642e+05	0.37975	0.13304	19.136	0.052067	15.828
386.01	5.8067	1.214	190.48	67.196	-93.934	28.019	55488	0	4.2033e+06	0	21.446	1862.2	8.0941e+05	0	0	0	0	0	3.2163e+05	1.1242e+05	0.37464	0.13095	19.298	0.051513	15.684
386.48	5.8169	1.1986	190.49	67.254	-93.962	28.015	55034	0	4.2033e+06	0	21.504	1853.7	8.1045e+05	0	0	0	0	0	3.1955e+05	1.1169e+05	0.37394	0.1307	19.338	0.051559	15.665
389.02	5.8717	1.1177	190.55	67.554	-94.108	27.991	52608	0	4.2033e+06	0	21.822	1811.4	8.1669e+05	0	0	0	0	0	3.0508e+05	1.0607e+05	0.36534	0.12703	19.557	0.054097	15.422
393.54	5.9713	0.97683	190.66	68.042	-94.373	27.947	48288	0	4.2033e+06	0	22.423	1749.3	8.3074e+05	0	0	0	0	0	2.7327e+05	93095	0.33885	0.11544	19.95	0.05711	14.666
397.37	6.058	0.86083	190.75	68.412	-94.601	27.909	44623	0	4.2033e+06	0	22.939	1709.1	8.4577e+05	0	0	0	0	0	2.5346e+05	85473	0.32169	0.10848	20.287	0.054673	14.176
398.43	6.0823	0.8297	190.78	68.506	-94.665	27.898	43611	0	4.2033e+06	0	23.082	1699.9	8.5044e+05	0	0	0	0	0	2.496e+05	84060	0.31851	0.10726	20.38	0.054488	14.085
400.96	6.1411	0.75677	190.84	68.721	-94.818	27.872	41186	0	4.2033e+06	0	23.429	1681.1	8.6258e+05	0	0	0	0	0	2.4089e+05	80946	0.31083	0.10445	20.605	0.056043	13.861
405.48	6.2482	0.6323	190.95	69.06	-95.094	27.825	36866	0	4.2033e+06	0	24.08	1658.4	8.8764e+05	0	0	0	0	0	2.206e+05	73313	0.28855	0.095894	21.01	0.057696	13.196
409.31	6.3414	0.53234	191.05	69.305	-95.333	27.784	33201	0	4.2033e+06	0	24.645	1649.6	9.1256e+05	0	0	0	0	0	2.0964e+05	69492	0.27568	0.091383	21.356	0.055969	12.806
410.37	6.3676	0.50594	191.07	69.365	-95.399	27.773	32189	0	4.2033e+06	0	24.802	1648.8	9.2005e+05	0	0	0	0	0	2.0787e+05	68955	0.27348	0.090721	21.453	0.055957	12.738
412.91	6.4308	0.44485	191.14	69.5	-95.559	27.745	29763	0	4.2033e+06	0	25.186	1649.6	9.3914e+05	0	0	0	0	0	2.0374e+05	67688	0.26791	0.089009	21.685	0.058538	12.567
417.42	6.5461	0.34343	191.26	69.701	-95.848	27.694	25443	0	4.2033e+06	0	25.903	1660.6	9.772e+05	0	0	0	0	0	1.9408e+05	64247	0.25352	0.083923	22.101	0.064727	12.121
421.26	6.6464	0.26524	191.36	69.835	-96.097	27.65	21778	0	4.2033e+06	0	26.531	1679.3	1.0138e+06	0	0	0	0	0	1.9166e+05	63168	0.24758	0.081598	22.46	0.067368	11.937
422.31	6.6745	0.24518	191.39	69.866	-96.166	27.638	20766	0	4.2033e+06	0	26.707	1685.9	1.0246e+06	0	0	0	0	0	1.9178e+05	63180	0.24676	0.081293	22.559	0.068309	11.912
423.98	6.7193	0.21487	191.43	69.911	-96.276	27.618	19170	0	4.2033e+06	0	26.99	1697.6	1.0424e+06	0	0	0	0	0	1.923e+05	63313	0.24573	0.080903	22.717	0.071283	11.88
427.29	6.8093	0.15983	191.52	69.984	-96.496	27.579	16010	0	4.2033e+06	0	27.565	1725.1	1.0798e+06	0	0	0	0	0	1.9335e+05	63558	0.24312	0.079919	23.032	0.084901	11.799
430.95	6.9113	0.10699	191.62	70.042	-96.743	27.534	12506	0	4.2033e+06	0	28.223	1762.4	1.1252e+06	0	0	0	0	0	1.9807e+05	65093	0.24379	0.080118	23.386	0.10378	11.825
433.57	6.9859	0.074898	191.69	70.071	-96.922	27.501	9996	0	4.2033e+06	0	28.709	1793.2	1.1603e+06	0	0	0	0	0	2.0308e+05	66770	0.24566	0.080771	23.643	0.11581	11.889
434.26	7.0055	0.067365	191.71	70.077	-96.969	27.493	9343.8	0	4.2033e+06	0	28.838	1801.7	1.1697e+06	0	0	0	0	0	2.0421e+05	67140	0.24586	0.080834	23.71	0.11816	11.896
434.26	7.0055	0.067365	191.71	70.077	-96.969	27.493	9343.8	0	0	0	1.491	1801.7	1.1697e+06	0	0	0	0	0	2.0421e+05	67140	0.24586	0.080834	23.71	0.11816	11.896
440.47	7.0027	-0.003099	191.89	70.101	-97.396	27.413	9343.8	0	0	0	1.6422	1794	1.1662e+06	0	0	0	0	0	2.2491e+05	75451	0.27195	0.091231	23.704	0.29954	12.718
454.8	6.9932	-0.10933	192.29	69.989	-98.378	27.227	9343.8	0	0	0	2.4986	1818.3	1.1709e+06	0	0	0	0	0	3.3817e+05	1.2723e+05	0.40343	0.15179	23.655	0.8848	16.567
476.46	6.9709	-0.13977	192.89	69.64	-99.853	26.934	9343.8	0	0	0	3.1614	1899.9	1.189e+06	0	0	0	0	0	4.2354e+05	1.7161e+05	0.48358	0.19594	23.527	1.1116	18.769
504.37	6.9384	-0.12838	193.64	69.185	-101.73	26.537	9343.8	0	0	0	3.2435	2008.8	1.211e+06	0	0	0	0	0	4.3518e+05	1.7399e+05	0.46992	0.18788	23.349	0.83818	18.398
537.13	6.9002	-0.11747	194.5	68.698	-103.92	26.047	9343.8	0	0	0	3.3313	2129.2	1.2327e+06	0	0	0	0	0	4.4768e+05	1.764e+05	0.45609	0.17971	23.149	0.68976	18.023
573.1	6.8567	-0.093468	195.42	68.234	-106.28	25.478	9343.8	0	0	0	3.5065	2245.2	1.2495e+06	0	0	0	0	0	4.7099e+05	1.8539e+05	0.45506	0.17911	22.935	0.82838	17.991
610.48	6.8086	-0.042871	196.33	67.925	-108.69	24.857	9343.8	0	0	0	3.6672	2312.2	1.2499e+06	0	0	0	0	0	4.9166e+05	1.9479e+05	0.46126	0.18274	22.73	0.99623	18.154
647.38	6.7598	-0.0059703	197.2	67.83	-111.04	24.214	9343.8	0	0	0	3.6553	2309.7	1.2309e+06	0	0	0	0	0	4.8987e+05	1.9383e+05	0.46007	0.18203	22.554	1.158	18.119
681.97	6.7139	-0.00023754	197.98	67.827	-113.2	23.587	9343.8	0	0	0	3.6605	2279.5	1.2059e+06	0	0	0	0	0	4.901e+05	1.952e+05	0.46638	0.18576	22.4	1.2771	18.286
712.5	6.6741	-0.029385	198.65	67.787	-115.08	23.016	9343.8	0	0	0	3.5502	2265.2	1.1875e+06	0	0	0	0	0	4.7632e+05	1.8765e+05	0.45614	0.1797	22.262	1.4145	18.008
737.44	6.6428	-0.084132	199.18	67.629	-116.6	22.537	9343.8	0	0	0	3.4943	2294.3	1.1837e+06	0	0	0	0	0	4.6987e+05	1.8335e+05	0.44425	0.17335	22.136	1.5271	17.681
755.55	6.6213	-0.14661	199.55	67.392	-117.69	22.183	9343.8	0	0	0	3.3141	2356.3	1.1916e+06	0	0	0	0	0	4.478e+05	1.699e+05	0.41225	0.15641	22.032	1.4956	16.794
765.92	6.6095	-0.18805	199.76	67.19	-118.31	21.977	9343.8	0	0	0	3.5817	2414.6	1.2019e+06	0	0	0	0	0	4.8297e+05	1.8672e+05	0.43387	0.16774	21.965	1.4227	17.394
768.38	6.6063	-0.19175	199.81	67.136	-118.45	21.928	9343.8	0	0	0	3.6238	2430.6	1.2046e+06	0	0	0	0	0	4.8854e+05	1.8917e+05	0.436	0.16883	21.947	1.417	17.452
776.83	6.5953	-0.20389	199.98	66.942	-118.96	21.759	9343.8	0	0	0	3.841	2488.6	1.2148e+06	0	0	0	0	0	5.1701e+05	2.0247e+05	0.45066	0.17648	21.884	1.4138	17.852
796.13	6.5675	-0.18774	200.35	66.499	-120.1	21.37	9343.8	0	0	0	4.2104	2623.6	1.2366e+06	0	0	0	0	0	5.6527e+05	2.2457e+05	0.46736	0.18567	21.732	1.4246	18.302
824.91	6.5243	-0.13636	200.9	65.971	-121.78	20.779	9343.8	0	0	0	4.2362	2784.6	1.2568e+06	0	0	0	0	0	5.7014e+05	2.2097e+05	0.44414	0.17214	21.519	1.457	17.67
861.2	6.4705	-0.094848	201.56	65.497	-123.87	20.019	9343.8	0	0	0	4.3188	2922.1	1.2658e+06	0	0	0	0	0	5.8192e+05	2.2239e+05	0.43199	0.16509	21.28	1.3805	17.334
902.53	6.407	-0.037855	202.26	65.186	-126.2	19.135	9343.8	0	0	0	4.4549	2988.7	1.2545e+06	0	0	0	0	0	5.9981e+05	2.291e+05	0.43534	0.16628	21.032	1.3014	17.423
946.09	6.3393	-0.010206	202.96	65.096	-128.61	18.185	9343.8	0	0	0	4.4232	2962.1	1.222e+06	0	0	0	0	0	5.9554e+05	2.2686e+05	0.43613	0.16614	20.798	1.3017	17.441
988.9	6.2737	-0.04705	203.59	64.984	-130.92	17.235	9343.8	0	0	0	4.3852	2945.4	1.1928e+06	0	0	0	0	0	5.9104e+05	2.2423e+05	0.43529	0.16514	20.569	1.3382	17.416
1028	6.2137	-0.10956	204.14	64.649	-133	16.354	9343.8	0	0	0	4.5186	3023.4	1.185e+06	0	0	0	0	0	6.0959e+05	2.3091e+05	0.43736	0.16568	20.331	1.4521	17.469
1060.9	6.1621	-0.14705	204.57	64.193	-134.72	15.608	9343.8	0	0	0	4.5925	3161.2	1.1911e+06	0	0	0	0	0	6.2088e+05	2.3187e+05	0.42604	0.15911	20.107	1.5478	17.157
1085.1	6.1262	-0.21538	204.88	63.738	-135.97	15.054	9343.8	0	0	0	4.3234	3320.7	1.2063e+06	0	0	0	0	0	5.8821e+05	2.0984e+05	0.38424	0.13708	19.936	1.5499	15.966
1099.2	6.1066	-0.27072	205.05	63.371	-136.68	14.731	9343.8	0	0	0	4.5668	3465.1	1.2241e+06	0	0	0	0	0	6.2133e+05	2.224e+05	0.38897	0.13923	19.828	1.462	16.1
1102.5	6.1015	-0.27576	205.09	63.273	-136.85	14.654	9343.8	0	0	0	4.7238	3504.3	1.229e+06	0	0	0	0	0	6.42e+05	2.3184e+05	0.3974	0.14351	19.8	1.4495	16.341
1109.7	6.09	-0.27518	205.17	63.061	-137.22	14.488	9343.8	0	0	0	5.0507	3590.8	1.2392e+06	0	0	0	0	0	6.8496e+05	2.5129e+05	0.41378	0.15181	19.738	1.4422	16.809
1126.2	6.0601	-0.20873	205.37	62.626	-138.05	14.106	9343.8	0	0	0	5.5945	3765.5	1.2563e+06	0	0	0	0	0	7.5611e+05	2.8286e+05	0.43558	0.16295	19.591	1.4504	17.411
1151.1	6.0133	-0.084401	205.65	62.255	-139.3	13.53	9343.8	0	0	0	5.4207	3893.2	1.2573e+06	0	0	0	0	0	7.343e+05	2.667e+05	0.40913	0.1486	19.398	1.427	16.672
1182.8	5.9586	-0.036579	205.98	62.084	-140.86	12.794	9343.8	0	0	0	5.1429	3909.1	1.2364e+06	0	0	0	0	0	6.9851e+05	2.4698e+05	0.38761	0.13705	19.202	1.284	16.054
1219.6	5.8971	-0.053754	206.33	61.924	-142.64	11.938	9343.8	0	0	0	5.1205	3909.8	1.2105e+06	0	0	0	0	0	6.9602e+05	2.4476e+05	0.38616	0.1358	18.986	1.1512	16.01
1259.2	5.8318	-0.11142	206.69	61.6	-144.53	11.014	9343.8	0	0	0	5.1644	3988.6	1.1951e+06	0	0	0	0	0	7.0301e+05	2.4523e+05	0.38233	0.13337	18.74	1.1326	15.897
1299.5	5.7637	-0.1588	207.01	61.031	-146.42	10.076	9343.8	0	0	0	5.4095	4194.4	1.1964e+06	0	0	0	0	0	7.371e+05	2.5558e+05	0.3812	0.13218	18.461	1.1382	15.862
1337.9	5.6967	-0.14317	207.3	60.432	-148.19	9.1793	9343.8	0	0	0	5.6991	4426.5	1.1999e+06	0	0	0	0	0	7.7675e+05	2.6788e+05	0.38065	0.13127	18.183	1.1582	15.843
1372.4	5.6285	-0.091354	207.53	60.027	-149.75	8.378	9343.8	0	0	0	5.9437	4551.4	1.1871e+06	0	0	0	0	0	7.9595e+05	3.1688e+05	0.37935	0.15102	17.924	1.3104	15.436
1400.9	5.5669	-0.089706	207.72	59.801	-151.03	7.7189	9343.8	0	0	0	5.6544	4582.4	1.1645e+06	0	0	0	0	0	7.5756e+05	3.0087e+05	0.35861	0.14243	17.705	1.401	14.84
1421.8	5.5278	-0.20123	207.84	59.527	-151.95	7.2386	9343.8	0	0	0	5.0842	4678.6	1.1598e+06	0	0	0	0	0	6.8593e+05	2.6135e+05	0.31802	0.12117	17.553	1.3575	13.695
1433.8	5.5065	-0.29532	207.91	59.239	-152.47	6.9629	9343.8	0	0	0	5.3908	4815.3	1.1673e+06	0	0	0	0	0	7.2717e+05	2.791e+05	0.32758	0.12573	17.457	1.2778	13.989
1436.6	5.5011	-0.30726	207.92	59.156	-152.6	6.8974	9343.8	0	0	0	5.5141	4856.9	1.17e+06	0	0	0	0	0	7.434e+05	2.8664e+05	0.33202	0.12802	17.432	1.2697	14.119
1443.8	5.4868	-0.32797	207.96	58.935	-152.91	6.7321	9343.8	0	0	0	5.906	4968.6	1.1771e+06	0	0	0	0	0	7.9461e+05	3.1098e+05	0.34691	0.13577	17.365	1.2623	14.551
1460.4	5.4499	-0.29364	208.05	58.435	-153.63	6.3537	9343.8	0	0	0	6.4576	5220.6	1.19e+06	0	0	0	0	0	8.6692e+05	3.4305e+05	0.36021	0.14254	17.2	1.2378	14.952
1485.2	5.3947	-0.24519	208.18	57.821	-154.69	5.7877	9343.8	0	0	0	6.1234	5524	1.1988e+06	0	0	0	0	0	8.2606e+05	3.1404e+05	0.32438	0.12332	16.967	1.1812	13.947
1517	5.329	-0.2764	208.32	57.048	-156.03	5.0701	9343.8	0	0	0	6.205	5932.9	1.2116e+06	0	0	0	0	0	8.3945e+05	3.1229e+05	0.30692	0.11418	16.689	1.0658	13.448
1553.7	5.2503	-0.24581	208.46	56.139	-157.56	4.2461	9343.8	0	0	0	6.5061	6439.8	1.2243e+06	0	0	0	0	0	8.8148e+05	3.2251e+05	0.29692	0.10863	16.36	0.89583	13.174
1593.3	5.1638	-0.17974	208.59	55.37	-159.18	3.3672	9343.8	0	0	0	6.6855	6841.9	1.2197e+06	0	0	0	0	0	9.0687e+05	3.2642e+05	0.28752	0.10349	16.024	0.80365	12.911
1633.6	5.0741	-0.0963	208.69	54.875	-160.8	2.487	9343.8	0	0	0	6.7681	7013.8	1.1914e+06	0	0	0	0	0	9.1836e+05	3.2751e+05	0.28402	0.10129	15.703	0.82762	12.827
1672.1	4.9898	-0.09728	208.78	54.584	-162.31	1.657	9343.8	0	0	0	6.6306	7024.9	1.1521e+06	0	0	0	0	0	9.0088e+05	3.1762e+05	0.27818	0.098076	15.418	0.89074	12.662
1706.6	4.9152	-0.15105	208.84	54.212	-163.65	0.9229	9343.8	0	0	0	6.6955	7127.9	1.1252e+06	0	0	0	0	0	9.1071e+05	3.1904e+05	0.27715	0.097092	15.158	0.94362	12.65
1735.1	4.8556	-0.25138	208.89	53.755	-164.73	0.32355	9343.8	0	0	0	6.3214	7346.6	1.1141e+06	0	0	0	0	0	8.6352e+05	2.9305e+05	0.25497	0.086526	14.938	0.96275	11.935
1755.9	4.8175	-0.45602	208.91	53.147	-165.52	-0.11111	9343.8	0	0	0	5.8939	7774.5	1.1277e+06	0	0	0	0	0	8.0967e+05	2.6459e+05	0.22591	0.073824	14.772	0.9314	10.947
1767.9	4.7959	-0.5653	208.93	52.627	-165.97	-0.35984	9343.8	0	0	0	6.6841	8192.4	1.147e+06	0	0	0	0	0	9.1689e+05	3.0486e+05	0.24278	0.080722	14.666	0.87601	11.535
1770.8	4.7899	-0.56713	208.93	52.491	-166.08	-0.41884	9343.8	0	0	0	6.8799	8304.6	1.1519e+06	0	0	0	0	0	9.4331e+05	3.1471e+05	0.24639	0.082204	14.637	0.87077	11.661
1778	4.7744	-0.55607	208.94	52.15	-166.35	-0.56751	9343.8	0	0	0	7.3897	8587.7	1.1636e+06	0	0	0	0	0	1.0119e+06	3.4039e+05	0.25561	0.085981	14.564	0.86431	11.984
1794.5	4.7354	-0.42677	208.95	51.469	-166.96	-0.907	9343.8	0	0	0	7.8801	9148	1.1809e+06	0	0	0	0	0	1.0783e+06	3.6116e+05	0.25568	0.08564	14.393	0.85338	11.999
1819.4	4.6775	-0.25322	208.97	50.792	-167.87	-1.4123	9343.8	0	0	0	7.53	9676.4	1.1843e+06	0	0	0	0	0	1.0329e+06	3.3375e+05	0.23154	0.074817	14.183	0.83262	11.174
1851.1	4.6075	-0.15585	208.98	50.286	-169.02	-2.049	9343.8	0	0	0	7.4191	10008	1.1678e+06	0	0	0	0	0	1.0189e+06	3.2276e+05	0.22084	0.06996	13.971	0.77906	10.799
1887.8	4.5284	-0.12786	208.98	49.889	-170.33	-2.7749	9343.8	0	0	0	7.2759	10164	1.1358e+06	0	0	0	0	0	1.0005e+06	3.117e+05	0.21352	0.066521	13.731	0.70172	10.497
1927.5	4.4451	-0.17372	208.97	49.435	-171.73	-3.5438	9343.8	0	0	0	7.3453	10372	1.1045e+06	0	0	0	0	0	1.0114e+06	3.1132e+05	0.21153	0.065113	13.478	0.63314	10.387
1967.7	4.3602	-0.20434	208.93	48.829	-173.11	-4.309	9343.8	0	0	0	7.5305	10772	1.082e+06	0	0	0	0	0	1.0381e+06	3.1544e+05	0.20905	0.063522	13.221	0.61599	10.259
2006.2	4.2767	-0.15187	208.89	48.299	-174.41	-5.0261	9343.8	0	0	0	7.8382	11081	1.0548e+06	0	0	0	0	0	1.0807e+06	3.2613e+05	0.21155	0.063841	12.968	0.63008	10.31
2040.7	4.2011	-0.10079	208.85	47.985	-175.56	-5.6563	9343.8	0	0	0	7.7131	11124	1.0189e+06	0	0	0	0	0	1.0644e+06	3.1669e+05	0.20754	0.061753	12.738	0.66415	10.132
2069.2	4.1408	-0.15087	208.81	47.753	-176.5	-6.1679	9343.8	0	0	0	7.4816	11129	9.8933e+05	0	0	0	0	0	1.0339e+06	3.0342e+05	0.20153	0.059143	12.556	0.67618	9.8832
2090	4.1011	-0.35399	208.78	47.398	-177.17	-6.5374	9343.8	0	0	0	6.6024	11417	9.8244e+05	0	0	0	0	0	9.159e+05	2.6111e+05	0.17402	0.049612	12.435	0.66387	8.8251
2102	4.0801	-0.52596	208.76	47.02	-177.56	-6.7482	9343.8	0	0	0	7.5055	11851	9.9047e+05	0	0	0	0	0	1.0409e+06	3.0028e+05	0.19052	0.054964	12.371	0.64	9.4416
2104.9	4.0741	-0.52138	208.76	46.91	-177.65	-6.7982	9343.8	0	0	0	7.816	11993	9.9339e+05	0	0	0	0	0	1.0834e+06	3.1398e+05	0.19594	0.056788	12.359	0.63837	9.643
2111.1	4.0608	-0.50675	208.75	46.681	-177.85	-6.9068	9343.8	0	0	0	8.2668	12295	9.9909e+05	0	0	0	0	0	1.1451e+06	3.3334e+05	0.20204	0.058814	12.333	0.64293	9.8678
2125.4	4.0279	-0.37384	208.72	46.231	-178.31	-7.1554	9343.8	0	0	0	8.6783	12867	1.0052e+06	0	0	0	0	0	1.2013e+06	3.4888e+05	0.20252	0.058815	12.262	0.6761	9.8746
2147.1	3.9793	-0.23673	208.69	45.791	-178.99	-7.5273	9343.8	0	0	0	8.1288	13346	9.9857e+05	0	0	0	0	0	1.1266e+06	3.1953e+05	0.18311	0.051935	12.142	0.73268	9.1279
2175	3.9199	-0.19743	208.64	45.374	-179.86	-7.9995	9343.8	0	0	0	8.1974	13720	9.8167e+05	0	0	0	0	0	1.1366e+06	3.192e+05	0.17971	0.050468	11.987	0.77868	8.9754
2207.8	3.8486	-0.10516	208.59	45.035	-180.87	-8.5438	9343.8	0	0	0	8.2567	13865	9.5041e+05	0	0	0	0	0	1.1449e+06	3.1894e+05	0.17912	0.049901	11.79	0.83275	8.9208
2243.7	3.7717	-0.095075	208.53	44.825	-181.96	-9.1289	9343.8	0	0	0	8.1107	13711	9.0684e+05	0	0	0	0	0	1.1254e+06	3.1056e+05	0.17803	0.049131	11.567	0.88474	8.8419
2281.1	3.6934	-0.16943	208.47	44.505	-183.07	-9.7233	9343.8	0	0	0	8.1245	13751	8.6994e+05	0	0	0	0	0	1.1284e+06	3.0866e+05	0.178	0.048689	11.346	0.92704	8.8048
2318	3.6155	-0.1927	208.41	44.059	-184.14	-10.297	9343.8	0	0	0	8.4344	14029	8.4107e+05	0	0	0	0	0	1.172e+06	3.1848e+05	0.18122	0.049245	11.133	0.95557	8.8968
2352.6	3.5405	-0.12849	208.35	43.705	-185.13	-10.822	9343.8	0	0	0	8.5135	14143	8.0901e+05	0	0	0	0	0	1.1832e+06	3.189e+05	0.18147	0.048911	10.923	0.93956	8.8726
2383.1	3.4747	-0.1063	208.3	43.499	-185.99	-11.276	9343.8	0	0	0	8.4847	14026	7.7523e+05	0	0	0	0	0	1.1796e+06	3.1571e+05	0.18244	0.048828	10.732	0.88086	8.8796
2408.1	3.4229	-0.19929	208.25	43.294	-186.68	-11.64	9343.8	0	0	0	7.8904	14011	7.5133e+05	0	0	0	0	0	1.0987e+06	2.8979e+05	0.1701	0.044864	10.584	0.8125	8.3708
2426.2	3.3898	-0.48999	208.21	42.945	-187.18	-11.901	9343.8	0	0	0	7.3955	14442	7.4773e+05	0	0	0	0	0	1.0323e+06	2.6926e+05	0.15505	0.040444	10.501	0.78024	7.756
2436.5	3.3707	-0.62636	208.19	42.591	-187.46	-12.049	9343.8	0	0	0	8.3629	15021	7.5381e+05	0	0	0	0	0	1.1673e+06	3.0594e+05	0.16857	0.044182	10.462	0.7771	8.2908
2439	3.3657	-0.62464	208.18	42.502	-187.53	-12.084	9343.8	0	0	0	8.7235	15167	7.5516e+05	0	0	0	0	0	1.2171e+06	3.2021e+05	0.17407	0.045796	10.451	0.77938	8.5051
2446.2	3.3499	-0.56614	208.17	42.247	-187.72	-12.186	9343.8	0	0	0	9.3154	15585	7.5815e+05	0	0	0	0	0	1.2988e+06	3.4286e+05	0.18077	0.047722	10.417	0.80651	8.763
2462.7	3.3122	-0.35309	208.14	41.811	-188.17	-12.418	9343.8	0	0	0	9.235	16222	7.5575e+05	0	0	0	0	0	1.2872e+06	3.3637e+05	0.17212	0.044979	10.324	0.94672	8.4078
2487.6	3.2583	-0.23113	208.11	41.414	-188.82	-12.762	9343.8	0	0	0	8.8043	16627	7.3981e+05	0	0	0	0	0	1.2277e+06	3.1619e+05	0.16016	0.04125	10.178	1.216	7.9102
2519.3	3.1897	-0.10578	208.1	41.103	-189.65	-13.192	9343.8	0	0	0	9.0372	16669	7.0913e+05	0	0	0	0	0	1.2599e+06	3.2223e+05	0.16395	0.041933	9.9808	1.5624	8.0246
2556.1	3.1103	-0.024426	208.13	41.008	-190.59	-13.68	9343.8	0	0	0	8.7107	16073	6.6128e+05	0	0	0	0	0	1.2147e+06	3.0775e+05	0.16393	0.041535	9.7377	1.9101	7.904
2595.7	3.0284	-0.1749	208.19	40.826	-191.58	-14.193	9343.8	0	0	0	8.6359	15647	6.1773e+05	0	0	0	0	0	1.2057e+06	3.0289e+05	0.16715	0.041991	9.4908	2.1865	7.9128
2636	2.9457	-0.28413	208.28	40.302	-192.55	-14.701	9343.8	0	0	0	8.9276	15983	5.8987e+05	0	0	0	0	0	1.2475e+06	3.1095e+05	0.16931	0.042203	9.2584	2.245	7.8876
2674.4	2.8635	-0.15045	208.37	39.854	-193.46	-15.175	9343.8	0	0	0	9.2789	16133	5.5924e+05	0	0	0	0	0	1.2963e+06	3.2066e+05	0.1743	0.043116	9.0226	1.9809	7.9683
2708.9	2.7895	-0.06421	208.43	39.693	-194.26	-15.589	9343.8	0	0	0	8.9867	15677	5.2245e+05	0	0	0	0	0	1.2556e+06	3.0831e+05	0.17373	0.04266	8.7972	1.5155	7.8448
2737.4	2.7303	-0.14795	208.43	39.572	-194.9	-15.924	9343.8	0	0	0	8.8005	15289	4.9375e+05	0	0	0	0	0	1.2304e+06	3.0041e+05	0.17457	0.042622	8.6163	1.1055	7.7961
2758.3	2.6908	-0.48752	208.41	39.29	-195.36	-16.164	9343.8	0	0	0	7.675	15483	4.8224e+05	0	0	0	0	0	1.0752e+06	2.6214e+05	0.15064	0.036726	8.5051	0.87707	6.876
2770.3	2.6702	-0.80784	208.39	38.926	-195.63	-16.301	9343.8	0	0	0	8.6906	16097	4.8404e+05	0	0	0	0	0	1.2189e+06	2.9597e+05	0.16427	0.039885	8.4574	0.82411	7.355
2773.1	2.6644	-0.79883	208.38	38.815	-195.69	-16.333	9343.8	0	0	0	9.226	16295	4.8486e+05	0	0	0	0	0	1.2937e+06	3.1412e+05	0.17221	0.041816	8.4445	0.82344	7.637
2779.3	2.6514	-0.74509	208.38	38.59	-195.83	-16.403	9343.8	0	0	0	9.7838	16688	4.8576e+05	0	0	0	0	0	1.3713e+06	3.3277e+05	0.17826	0.043255	8.4139	0.83517	7.8422
2793.7	2.6197	-0.49867	208.37	38.181	-196.14	-16.564	9343.8	0	0	0	9.8903	17321	4.8283e+05	0	0	0	0	0	1.3851e+06	3.352e+05	0.17347	0.041979	8.3326	0.90391	7.6357
2815.3	2.5731	-0.32519	208.36	37.797	-196.6	-16.803	9343.8	0	0	0	9.3212	17706	4.7054e+05	0	0	0	0	0	1.305e+06	3.1436e+05	0.15988	0.038513	8.2024	1.047	7.1006
2843.2	2.514	-0.21733	208.37	37.454	-197.18	-17.104	9343.8	0	0	0	9.4956	17799	4.4981e+05	0	0	0	0	0	1.3292e+06	3.1857e+05	0.16199	0.038825	8.0295	1.2157	7.1113
2876	2.444	-0.10318	208.4	37.245	-197.85	-17.449	9343.8	0	0	0	9.2771	17364	4.1929e+05	0	0	0	0	0	1.2984e+06	3.0929e+05	0.16221	0.038637	7.8154	1.3168	7.0419
2912	2.3692	-0.17368	208.44	37.052	-198.56	-17.818	9343.8	0	0	0	9.2367	16803	3.8699e+05	0	0	0	0	0	1.2936e+06	3.0619e+05	0.167	0.039528	7.5845	1.2838	7.1239
2949.3	2.2921	-0.25763	208.48	36.717	-199.28	-18.189	9343.8	0	0	0	9.2743	16552	3.5892e+05	0	0	0	0	0	1.2997e+06	3.057e+05	0.17033	0.040063	7.352	1.1115	7.154
2986.3	2.2158	-0.26656	208.5	36.324	-199.97	-18.544	9343.8	0	0	0	9.5021	16427	3.3358e+05	0	0	0	0	0	1.332e+06	3.1143e+05	0.17589	0.041124	7.1234	0.83817	7.2574
3020.8	2.1436	-0.2234	208.49	36.007	-200.6	-18.865	9343.8	0	0	0	9.4002	16144	3.09e+05	0	0	0	0	0	1.3179e+06	3.0636e+05	0.17708	0.041163	6.9043	0.52835	7.2198
3051.4	2.0807	-0.26333	208.44	35.737	-201.13	-19.14	9343.8	0	0	0	9.5002	15859	2.8812e+05	0	0	0	0	0	1.3324e+06	3.0824e+05	0.18225	0.042161	6.7123	0.2676	7.3194
3076.3	2.0302	-0.37081	208.38	35.475	-201.56	-19.358	9343.8	0	0	0	8.9017	15724	2.728e+05	0	0	0	0	0	1.2493e+06	2.8823e+05	0.17235	0.039763	6.5595	0.11525	6.954
3094.4	1.998	-0.92043	208.33	35.095	-201.87	-19.513	9343.8	0	0	0	8.1536	16154	2.6758e+05	0	0	0	0	0	1.1463e+06	2.6946e+05	0.15393	0.036184	6.4698	0.065382	6.3358
3104.8	1.9798	-1.1921	208.31	34.698	-202.04	-19.601	9343.8	0	0	0	9.36	16875	2.6841e+05	0	0	0	0	0	1.3175e+06	3.0427e+05	0.16936	0.039113	6.426	0.064777	6.8157
3107.2	1.9751	-1.1803	208.3	34.6	-202.08	-19.621	9343.8	0	0	0	9.8791	17055	2.6851e+05	0	0	0	0	0	1.3905e+06	3.1923e+05	0.17686	0.040603	6.4143	0.066358	7.0501
3113.5	1.9622	-1.0605	208.28	34.358	-202.18	-19.673	9343.8	0	0	0	10.429	17483	2.6824e+05	0	0	0	0	0	1.467e+06	3.3655e+05	0.18201	0.041757	6.3816	0.071029	7.2002
3127.8	1.931	-0.65834	208.25	33.943	-202.41	-19.791	9343.8	0	0	0	10.368	18076	2.6393e+05	0	0	0	0	0	1.4566e+06	3.3394e+05	0.17479	0.040074	6.2957	0.087381	6.947
3149.5	1.8848	-0.41078	208.2	33.583	-202.76	-19.966	9343.8	0	0	0	9.683	18231	2.5223e+05	0	0	0	0	0	1.3586e+06	3.1523e+05	0.16165	0.037508	6.1584	0.10233	6.4924
3177.4	1.8261	-0.31217	208.14	33.25	-203.2	-20.185	9343.8	0	0	0	9.8075	18042	2.3515e+05	0	0	0	0	0	1.3759e+06	3.1732e+05	0.16543	0.038152	5.9784	0.10039	6.5456
3210.1	1.7567	-0.21589	208.06	33.001	-203.69	-20.432	9343.8	0	0	0	9.5787	17376	2.1317e+05	0	0	0	0	0	1.3434e+06	3.0961e+05	0.16771	0.038651	5.7601	0.04127	6.43
3246.1	1.6827	-0.3894	207.97	32.685	-204.21	-20.692	9343.8	0	0	0	9.5467	16769	1.9171e+05	0	0	0	0	0	1.3401e+06	3.0758e+05	0.17335	0.039788	5.5279	-0.10854	6.4089
3283.5	1.6062	-0.47381	207.84	32.207	-204.73	-20.949	9343.8	0	0	0	9.6679	16499	1.7286e+05	0	0	0	0	0	1.3577e+06	3.1058e+05	0.1785	0.040833	5.2919	-0.32668	6.3749
3320.4	1.5302	-0.48003	207.66	31.723	-205.22	-21.191	9343.8	0	0	0	9.7605	16159	1.549e+05	0	0	0	0	0	1.3709e+06	3.1251e+05	0.18404	0.041953	5.0511	-0.56019	6.3508
3355	1.4593	-0.51713	207.45	31.284	-205.66	-21.405	9343.8	0	0	0	9.6235	15723	1.3863e+05	0	0	0	0	0	1.3519e+06	3.0802e+05	0.18652	0.042496	4.8217	-0.72702	6.2661
3385.5	1.3978	-0.67707	207.24	30.829	-206.03	-21.584	9343.8	0	0	0	9.7239	15477	1.2592e+05	0	0	0	0	0	1.367e+06	3.1047e+05	0.1916	0.043515	4.6231	-0.77017	6.2638
3410.4	1.3484	-0.87053	207.07	30.393	-206.33	-21.724	9343.8	0	0	0	9.0829	15408	1.1671e+05	0	0	0	0	0	1.2771e+06	2.9513e+05	0.17979	0.041549	4.464	-0.68833	5.9192
3428.5	1.3178	-2.0818	206.98	29.825	-206.54	-21.822	9343.8	0	0	0	7.4019	16068	1.1369e+05	0	0	0	0	0	1.0416e+06	2.7068e+05	0.14061	0.036541	4.368	-0.57715	4.9991
3438.9	1.3022	-2.993	206.93	29.21	-206.65	-21.877	9343.8	0	0	0	8.759	17268	1.1504e+05	0	0	0	0	0	1.2375e+06	3.0718e+05	0.15545	0.038586	4.3225	-0.52778	5.311
3441.4	1.2981	-3.0381	206.92	29.042	-206.68	-21.89	9343.8	0	0	0	9.5683	17613	1.1543e+05	0	0	0	0	0	1.3526e+06	3.2538e+05	0.16659	0.040073	4.3104	-0.52253	5.5512
3445.1	1.2914	-3.015	206.9	28.783	-206.72	-21.91	9343.8	0	0	0	10.29	18149	1.1593e+05	0	0	0	0	0	1.4546e+06	3.4357e+05	0.17385	0.041064	4.2906	-0.51981	5.7019
3453.9	1.2736	-2.4825	206.85	28.236	-206.82	-21.955	9343.8	0	0	0	11.649	19228	1.1599e+05	0	0	0	0	0	1.6444e+06	3.7838e+05	0.18551	0.042685	4.2366	-0.51243	5.9303
3467.4	1.2433	-1.5914	206.77	27.651	-206.96	-22.023	9343.8	0	0	0	10.633	20081	1.1281e+05	0	0	0	0	0	1.4932e+06	3.6753e+05	0.16129	0.0397	4.141	-0.51724	5.3662
3485.1	1.204	-1.4568	206.67	27.096	-207.15	-22.111	9343.8	0	0	0	9.7745	20544	1.0683e+05	0	0	0	0	0	1.3681e+06	3.5822e+05	0.14445	0.037824	4.0151	-0.5452	4.9635
3506.6	1.1539	-1.4777	206.55	26.441	-207.37	-22.212	9343.8	0	0	0	9.9833	20920	98809	0	0	0	0	0	1.3898e+06	3.9607e+05	0.14411	0.041068	3.8537	-0.62051	4.7786
3531.1	1.0897	-1.5582	206.38	25.722	-207.61	-22.322	9343.8	0	0	0	9.8801	20898	87818	0	0	0	0	0	1.3642e+06	4.3568e+05	0.14161	0.045224	3.6451	-0.75095	4.4951
3558	1.0126	-1.8777	206.15	24.881	-207.85	-22.435	9343.8	0	0	0	9.8633	20620	75055	0	0	0	0	0	1.351e+06	4.7875e+05	0.14212	0.050363	3.3937	-0.95261	4.25
3586.5	0.92466	-2.4436	205.84	23.854	-208.09	-22.543	9343.8	0	0	0	9.8438	20244	61731	0	0	0	0	0	1.338e+06	5.2307e+05	0.14337	0.056049	3.1062	-1.2263	4.0055
3615.6	0.82835	-3.1426	205.4	22.613	-208.32	-22.642	9343.8	0	0	0	9.9466	19814	48743	0	0	0	0	0	1.3423e+06	5.7232e+05	0.14695	0.062657	2.7905	-1.5609	3.7965
3644.5	0.72756	-4.0523	204.8	21.223	-208.52	-22.727	9343.8	0	0	0	9.857	19118	36698	0	0	0	0	0	1.3224e+06	6.1093e+05	0.15004	0.06932	2.4588	-1.9164	3.5893
3672.3	0.62908	-5.3101	204.02	19.692	-208.68	-22.797	9343.8	0	0	0	9.8813	18287	26638	0	0	0	0	0	1.3256e+06	6.4281e+05	0.15725	0.076249	2.132	-2.2431	3.4771
3698.1	0.53874	-6.016	203.04	18.183	-208.82	-22.85	9343.8	0	0	0	10.278	17013	18699	0	0	0	0	0	1.3924e+06	6.4358e+05	0.17753	0.082056	1.8258	-2.4792	3.4271
3721.2	0.46147	-5.4652	201.89	17.007	-208.92	-22.89	9343.8	0	0	0	10.583	15028	12795	0	0	0	0	0	1.4474e+06	6.0435e+05	0.20893	0.087235	1.5639	-2.546	3.4909
3740.9	0.40058	-4.9232	200.76	16.253	-208.99	-22.917	9343.8	0	0	0	10.097	12754	8819	0	0	0	0	0	1.3907e+06	5.3829e+05	0.23653	0.091553	1.3576	-2.4464	3.5711
3756.5	0.35942	-5.7924	199.85	15.71	-209.05	-22.936	9343.8	0	0	0	9.4618	11186	6613.1	0	0	0	0	0	1.3162e+06	4.8691e+05	0.25525	0.094426	1.2181	-2.2789	3.6202
3767.7	0.33429	-6.3232	199.18	15.294	-209.08	-22.947	9343.8	0	0	0	10.305	10331	5477.7	0	0	0	0	0	1.4463e+06	4.7652e+05	0.30369	0.10006	1.1329	-2.1568	4.097
3774	0.3196	-4.9713	198.73	15.083	-209.1	-22.953	9343.8	0	0	0	12.35	9762.3	4856.4	0	0	0	0	0	1.7368e+06	4.908e+05	0.38591	0.10906	1.0831	-2.1047	4.9952
3775.5	0.31568	-4.2456	198.61	15.045	-209.11	-22.955	9343.8	0	0	0	12.33	9581.4	4691	0	0	0	0	0	1.7325e+06	4.7961e+05	0.39223	0.10858	1.0699	-2.1017	5.0502
