time	v	gamma	zeta	alt	lon	lat	mFuel	PlaceHolder	Thrust	PlaceHolder	Accel	q	heating_rate	PlaceHolder	PlaceHolder	PlaceHolder	PlaceHolder	PlaceHolder	L	D	M	eta	Alpha	
s	km/s	deg	deg	km	deg	deg	kg	-	N	-	m/s^2	pa	W/m^2	-	-	-	-	-	N	N	Mach	deg	deg																										
0	0.054515	87.028	109.27	0.54109	7.5377	54.223	1.3695e+06	0	2.3128e+07	0	3.7005	1727.6	54.409	0	0	0	0	0	1.2978e+05	74206	0.80558	0.46063	0.16119	-0.083645	0.53853
0.92369	0.057956	86.605	109.43	0.59295	7.5377	54.223	1.3639e+06	0	2.3143e+07	0	3.7526	1942.8	65.412	0	0	0	0	0	1.3725e+05	83195	0.75761	0.45923	0.17146	-0.084532	0.44516
2.9178	0.065554	85.555	109.7	0.71577	7.5377	54.223	1.3518e+06	0	2.3177e+07	0	3.8703	2455.9	94.671	0	0	0	0	0	1.5253e+05	1.0455e+05	0.66604	0.45653	0.19421	-0.090889	0.26695
5.5801	0.076077	83.878	109.94	0.9034	7.5376	54.224	1.3356e+06	0	2.323e+07	0	4.0408	3247.6	147.72	0	0	0	0	0	2.0395e+05	1.387e+05	0.67347	0.458	0.22588	-0.10616	0.27992
8.3831	0.087671	81.807	110.12	1.131	7.5374	54.224	1.3186e+06	0	2.3292e+07	0	4.2412	4217.5	225.15	0	0	0	0	0	2.9193e+05	1.8157e+05	0.74228	0.46168	0.26098	-0.12731	0.41125
10.772	0.098012	79.848	110.22	1.3498	7.5372	54.224	1.3041e+06	0	2.3351e+07	0	4.4325	5158.4	312.95	0	0	0	0	0	4.4e+05	2.2515e+05	0.91472	0.46807	0.29251	-0.14604	0.74263
12.273	0.10475	78.563	110.27	1.4993	7.5371	54.224	1.295e+06	0	2.3391e+07	0	4.5632	5805.2	380.46	0	0	0	0	0	5.5664e+05	2.5567e+05	1.0283	0.47229	0.31316	-0.15475	0.96023
12.644	0.10644	78.24	110.28	1.5376	7.537	54.224	1.2928e+06	0	2.3401e+07	0	4.5966	5971.5	398.76	0	0	0	0	0	5.8036e+05	2.6336e+05	1.0422	0.47294	0.31836	-0.15609	0.98673
13.355	0.10972	77.61	110.3	1.6128	7.537	54.225	1.2885e+06	0	2.3421e+07	0	4.6615	6298.2	435.83	0	0	0	0	0	6.077e+05	2.7794e+05	1.0347	0.47324	0.32847	-0.15958	0.97133
14.923	0.11712	76.171	110.34	1.7859	7.5367	54.225	1.2789e+06	0	2.3466e+07	0	4.811	7053.1	527.21	0	0	0	0	0	6.5383e+05	3.1126e+05	0.99412	0.47326	0.35133	-0.17726	0.89105
17.103	0.12781	74.057	110.38	2.0438	7.5364	54.225	1.2657e+06	0	2.3532e+07	0	5.0364	8184.4	679.25	0	0	0	0	0	7.3238e+05	3.6173e+05	0.95962	0.47396	0.38455	-0.21111	0.82186
19.562	0.14047	71.561	110.42	2.3588	7.5359	54.226	1.2508e+06	0	2.3611e+07	0	5.3171	9577.1	891.82	0	0	0	0	0	8.997e+05	4.2779e+05	1.0074	0.47901	0.42424	-0.25375	0.90872
21.927	0.1533	69.131	110.45	2.6858	7.5352	54.227	1.2364e+06	0	2.3691e+07	0	5.6132	11033	1145	0	0	0	0	0	1.1683e+06	5.0323e+05	1.1356	0.48914	0.4648	-0.29118	1.1476
23.838	0.16415	67.203	110.47	2.9672	7.5346	54.228	1.2248e+06	0	2.3758e+07	0	5.8699	12290	1390.3	0	0	0	0	0	1.4575e+06	5.7299e+05	1.2718	0.49998	0.49938	-0.31507	1.4011
25.004	0.17099	66.055	110.47	3.1465	7.5342	54.229	1.2178e+06	0	2.38e+07	0	6.0314	13091	1560.1	0	0	0	0	0	1.6273e+06	6.1725e+05	1.3331	0.50564	0.52132	-0.32407	1.5134
25.288	0.17268	65.778	110.48	3.1911	7.5341	54.229	1.216e+06	0	2.3811e+07	0	6.0705	13290	1604	0	0	0	0	0	1.6581e+06	6.2775e+05	1.338	0.50653	0.52677	-0.32545	1.5216
25.852	0.17608	65.229	110.48	3.2806	7.5339	54.229	1.2126e+06	0	2.3831e+07	0	6.1474	13690	1694.2	0	0	0	0	0	1.7034e+06	6.4808e+05	1.3344	0.50767	0.5377	-0.3293	1.5124
27.113	0.1838	64	110.49	3.4856	7.5334	54.23	1.2049e+06	0	2.3878e+07	0	6.3194	14604	1911	0	0	0	0	0	1.7704e+06	6.9312e+05	1.3001	0.50898	0.56271	-0.34912	1.4422
28.914	0.19522	62.235	110.49	3.79	7.5325	54.232	1.194e+06	0	2.3946e+07	0	6.5705	15957	2260.1	0	0	0	0	0	1.8368e+06	7.5916e+05	1.2344	0.51018	0.59989	-0.3862	1.3106
31.039	0.20924	60.147	110.5	4.1662	7.5314	54.233	1.1811e+06	0	2.4028e+07	0	6.8665	17619	2737.9	0	0	0	0	0	1.9453e+06	8.6499e+05	1.184	0.52647	0.64599	-0.43147	1.202
33.229	0.22434	58.02	110.5	4.5734	7.5301	54.235	1.1678e+06	0	2.4114e+07	0	7.1854	19394	3313.6	0	0	0	0	0	2.1411e+06	9.8919e+05	1.1839	0.54696	0.69615	-0.47044	1.1875
35.222	0.23865	56.148	110.5	4.9606	7.5287	54.237	1.1557e+06	0	2.4193e+07	0	7.4876	21051	3918.5	0	0	0	0	0	2.4217e+06	1.1171e+06	1.2337	0.56908	0.74416	-0.49583	1.2659
36.777	0.25017	54.753	110.5	5.2735	7.5276	54.239	1.1463e+06	0	2.4256e+07	0	7.7272	22361	4448.5	0	0	0	0	0	2.6799e+06	1.2253e+06	1.2852	0.58765	0.78322	-0.50848	1.3492
37.707	0.25721	53.949	110.5	5.4652	7.5268	54.24	1.1406e+06	0	2.4293e+07	0	7.8609	23147	4790.9	0	0	0	0	0	2.8332e+06	1.3061e+06	1.3126	0.60511	0.80723	-0.5131	1.3811
37.932	0.25892	53.757	110.5	5.5121	7.5267	54.241	1.1393e+06	0	2.4302e+07	0	7.8875	23337	4876.5	0	0	0	0	0	2.8671e+06	1.3336e+06	1.3175	0.61283	0.81311	-0.51389	1.3793
38.496	0.26325	53.282	110.5	5.6305	7.5262	54.241	1.1358e+06	0	2.4325e+07	0	7.9495	23812	5096.2	0	0	0	0	0	2.9203e+06	1.4022e+06	1.3152	0.6315	0.82797	-0.5182	1.3483
39.757	0.27304	52.225	110.5	5.8997	7.5251	54.243	1.1282e+06	0	2.4375e+07	0	8.0692	24865	5612.2	0	0	0	0	0	2.9134e+06	1.5538e+06	1.2565	0.67011	0.86174	-0.53997	1.1848
41.558	0.28728	50.708	110.49	6.2943	7.5234	54.246	1.1173e+06	0	2.4447e+07	0	8.2263	26344	6411.4	0	0	0	0	0	2.8232e+06	1.7795e+06	1.1493	0.7244	0.91139	-0.57762	0.91837
43.682	0.30446	48.906	110.49	6.7742	7.5212	54.249	1.1044e+06	0	2.4532e+07	0	8.4099	28033	7450.4	0	0	0	0	0	2.7747e+06	2.0747e+06	1.0614	0.79366	0.97206	-0.61773	0.68275
45.873	0.32261	47.078	110.48	7.2844	7.5187	54.253	1.0911e+06	0	2.4618e+07	0	8.621	29694	8633.8	0	0	0	0	0	2.9263e+06	2.4003e+06	1.0568	0.86685	1.037	-0.6453	0.59055
47.866	0.33945	45.5	110.47	7.7611	7.5163	54.257	1.079e+06	0	2.4695e+07	0	8.8365	31112	9809.4	0	0	0	0	0	3.3058e+06	2.7204e+06	1.1395	0.93766	1.0983	-0.65686	0.6461
49.421	0.35278	44.363	110.47	8.1411	7.5142	54.26	1.0695e+06	0	2.4754e+07	0	9.0232	32142	10790	0	0	0	0	0	3.7736e+06	2.9901e+06	1.259	0.9976	1.1474	-0.65838	0.77093
50.351	0.36081	43.732	110.46	8.3718	7.513	54.262	1.0639e+06	0	2.4789e+07	0	9.1332	32720	11400	0	0	0	0	0	4.0535e+06	3.1547e+06	1.3285	1.0339	1.1773	-0.65818	0.83924
50.576	0.36276	43.585	110.46	8.4279	7.5126	54.263	1.0625e+06	0	2.4797e+07	0	9.1544	32855	11551	0	0	0	0	0	4.0933e+06	3.1932e+06	1.336	1.0423	1.1845	-0.65846	0.84129
51.034	0.36674	43.286	110.46	8.5429	7.512	54.264	1.0597e+06	0	2.4814e+07	0	9.1863	33125	11860	0	0	0	0	0	4.1156e+06	3.2685e+06	1.3324	1.0582	1.1995	-0.66054	0.81665
52.069	0.37583	42.606	110.45	8.8046	7.5105	54.266	1.0534e+06	0	2.4852e+07	0	9.3254	33718	12582	0	0	0	0	0	3.9071e+06	3.2561e+06	1.2426	1.0356	1.2337	-0.67154	0.69231
53.575	0.38945	41.58	110.44	9.1908	7.5082	54.27	1.0443e+06	0	2.4907e+07	0	9.5445	34560	13703	0	0	0	0	0	3.5681e+06	3.2234e+06	1.1072	1.0002	1.2854	-0.69132	0.50316
55.404	0.4066	40.295	110.43	9.6679	7.5052	54.274	1.0332e+06	0	2.4972e+07	0	9.8659	35542	15179	0	0	0	0	0	3.3372e+06	3.18e+06	1.0069	0.95949	1.3512	-0.7114	0.36933
57.379	0.42588	38.908	110.43	10.192	7.5018	54.28	1.0212e+06	0	2.504e+07	0	10.25	36546	16925	0	0	0	0	0	3.2777e+06	3.1412e+06	0.96178	0.92175	1.4261	-0.72256	0.3209
59.304	0.44543	37.586	110.42	10.711	7.4983	54.285	1.0095e+06	0	2.5104e+07	0	10.635	37454	18786	0	0	0	0	0	3.3441e+06	3.1228e+06	0.95748	0.89411	1.5031	-0.72209	0.3355
60.993	0.46318	36.472	110.41	11.173	7.495	54.29	9.9926e+05	0	2.5163e+07	0	11.01	37987	20497	0	0	0	0	0	3.5497e+06	3.0925e+06	1.0021	0.87302	1.5697	-0.71467	0.42649
62.279	0.4771	35.669	110.4	11.529	7.4924	54.294	9.9146e+05	0	2.5211e+07	0	11.32	38106	21813	0	0	0	0	0	3.7926e+06	3.0599e+06	1.0673	0.86112	1.6169	-0.70842	0.54678
63.037	0.48546	35.214	110.4	11.74	7.4908	54.297	9.8685e+05	0	2.5239e+07	0	11.496	38159	22621	0	0	0	0	0	3.9043e+06	3.0408e+06	1.0972	0.85455	1.6452	-0.70635	0.60451
63.22	0.48749	35.107	110.4	11.791	7.4904	54.297	9.8574e+05	0	2.5246e+07	0	11.533	38170	22818	0	0	0	0	0	3.9009e+06	3.0342e+06	1.096	0.85246	1.6521	-0.70644	0.60462
63.931	0.49548	34.684	110.39	11.991	7.4889	54.3	9.8143e+05	0	2.5271e+07	0	11.659	38207	23603	0	0	0	0	0	3.7323e+06	2.9986e+06	1.0476	0.84165	1.6792	-0.71026	0.5336
65.499	0.5135	33.722	110.38	12.436	7.4854	54.305	9.7191e+05	0	2.5324e+07	0	11.938	38258	25413	0	0	0	0	0	3.2524e+06	2.9101e+06	0.91165	0.81569	1.7403	-0.72656	0.32634
67.678	0.5395	32.346	110.38	13.061	7.4802	54.313	9.5867e+05	0	2.5392e+07	0	12.4	38266	28124	0	0	0	0	0	2.98e+06	2.8027e+06	0.83512	0.78544	1.8284	-0.74423	0.22105
70.138	0.57018	30.819	110.36	13.775	7.474	54.323	9.4374e+05	0	2.5463e+07	0	12.955	38188	31468	0	0	0	0	0	2.8995e+06	2.6859e+06	0.81424	0.75425	1.9323	-0.74367	0.21118
72.503	0.601	29.397	110.35	14.47	7.4676	54.333	9.2938e+05	0	2.5524e+07	0	13.501	38027	34980	0	0	0	0	0	2.9319e+06	2.5777e+06	0.82681	0.72692	2.0368	-0.72225	0.25932
74.414	0.62682	28.309	110.35	15.036	7.4621	54.342	9.1778e+05	0	2.5569e+07	0	13.955	37834	38034	0	0	0	0	0	3.1876e+06	2.5087e+06	0.9035	0.71108	2.1243	-0.69859	0.41836
75.579	0.64296	27.684	110.34	15.383	7.4586	54.347	9.107e+05	0	2.5595e+07	0	14.24	37686	39990	0	0	0	0	0	3.4235e+06	2.4688e+06	0.97417	0.70252	2.179	-0.68801	0.56135
75.864	0.64694	27.537	110.34	15.468	7.4577	54.349	9.0897e+05	0	2.5601e+07	0	14.304	37647	40478	0	0	0	0	0	3.4281e+06	2.4557e+06	0.97651	0.69951	2.1925	-0.68735	0.56979
76.575	0.65698	27.167	110.34	15.681	7.4555	54.352	9.0465e+05	0	2.5616e+07	0	14.447	37542	41719	0	0	0	0	0	3.2945e+06	2.416e+06	0.9411	0.69013	2.2265	-0.6884	0.51608
78.143	0.67954	26.338	110.33	16.152	7.4505	54.36	8.9513e+05	0	2.5648e+07	0	14.763	37285	44555	0	0	0	0	0	2.9096e+06	2.3226e+06	0.83683	0.66801	2.303	-0.69324	0.34743
80.322	0.71186	25.174	110.32	16.811	7.4432	54.372	8.819e+05	0	2.5688e+07	0	15.24	36880	48741	0	0	0	0	0	2.656e+06	2.2075e+06	0.77229	0.64189	2.4125	-0.69494	0.25743
82.782	0.74965	23.887	110.32	17.557	7.4344	54.385	8.6696e+05	0	2.5728e+07	0	15.787	36362	53811	0	0	0	0	0	2.559e+06	2.1023e+06	0.75469	0.62002	2.5406	-0.68074	0.26196
85.147	0.78727	22.696	110.31	18.275	7.4255	54.399	8.526e+05	0	2.5763e+07	0	16.317	35809	59040	0	0	0	0	0	2.6096e+06	2.0142e+06	0.7815	0.60319	2.6681	-0.6531	0.35204
87.058	0.81856	21.789	110.3	18.856	7.4179	54.411	8.41e+05	0	2.5789e+07	0	16.754	35326	63517	0	0	0	0	0	2.8593e+06	1.9589e+06	0.86799	0.59466	2.7741	-0.62811	0.55754
88.223	0.83803	21.266	110.3	19.21	7.4131	54.419	8.3392e+05	0	2.5803e+07	0	17.019	35014	66358	0	0	0	0	0	3.0256e+06	1.9261e+06	0.92666	0.5899	2.8401	-0.61789	0.69812
88.508	0.84282	21.142	110.3	19.296	7.4119	54.421	8.322e+05	0	2.5806e+07	0	17.081	34936	67063	0	0	0	0	0	3.0248e+06	1.9157e+06	0.92847	0.58804	2.8563	-0.6172	0.70729
89.219	0.85488	20.831	110.3	19.513	7.4089	54.426	8.2788e+05	0	2.5815e+07	0	17.226	34739	68851	0	0	0	0	0	2.9186e+06	1.8836e+06	0.90097	0.58146	2.8972	-0.61806	0.66484
90.787	0.88188	20.142	110.29	19.989	7.4021	54.436	8.1836e+05	0	2.5832e+07	0	17.547	34293	72910	0	0	0	0	0	2.5933e+06	1.807e+06	0.81096	0.56506	2.9888	-0.62279	0.50821
92.966	0.92036	19.177	110.29	20.65	7.3922	54.452	8.0512e+05	0	2.5855e+07	0	18.017	33560	78725	0	0	0	0	0	2.3247e+06	1.7112e+06	0.74283	0.54679	3.1145	-0.62763	0.40004
95.426	0.96507	18.113	110.28	21.39	7.3805	54.47	7.9019e+05	0	2.5877e+07	0	18.563	32738	85697	0	0	0	0	0	2.2654e+06	1.6189e+06	0.74208	0.53031	3.2602	-0.62336	0.44101
97.791	1.0093	17.141	110.27	22.097	7.3686	54.489	7.7583e+05	0	2.5896e+07	0	19.099	31959	92824	0	0	0	0	0	2.4562e+06	1.5464e+06	0.82418	0.51891	3.4042	-0.61023	0.6732
99.701	1.046	16.413	110.27	22.664	7.3585	54.505	7.6422e+05	0	2.591e+07	0	19.537	31337	98886	0	0	0	0	0	2.7837e+06	1.5012e+06	0.9526	0.51373	3.5232	-0.59681	1.0165
100.87	1.0687	15.996	110.27	23.007	7.3522	54.515	7.5715e+05	0	2.5918e+07	0	19.795	30960	1.0272e+05	0	0	0	0	0	2.939e+06	1.4791e+06	1.018	0.51234	3.597	-0.59127	1.2051
101.15	1.0743	15.897	110.27	23.091	7.3506	54.517	7.5542e+05	0	2.5919e+07	0	19.856	30868	1.0366e+05	0	0	0	0	0	2.9475e+06	1.4713e+06	1.024	0.51114	3.6151	-0.59113	1.2278
101.72	1.0854	15.702	110.27	23.257	7.3475	54.522	7.5199e+05	0	2.5923e+07	0	19.976	30686	1.0557e+05	0	0	0	0	0	2.9299e+06	1.4526e+06	1.0239	0.50764	3.6512	-0.59282	1.2449
102.98	1.1105	15.273	110.26	23.627	7.3404	54.533	7.4434e+05	0	2.593e+07	0	20.248	30281	1.0991e+05	0	0	0	0	0	2.9557e+06	1.4173e+06	1.0467	0.50193	3.7325	-0.60324	1.34
104.78	1.147	14.687	110.26	24.152	7.3299	54.55	7.334e+05	0	2.594e+07	0	20.644	29707	1.1631e+05	0	0	0	0	0	3.1825e+06	1.386e+06	1.1488	0.50033	3.8505	-0.62252	1.6525
106.9	1.1908	14.059	110.25	24.768	7.317	54.57	7.205e+05	0	2.5951e+07	0	21.113	29033	1.2417e+05	0	0	0	0	0	3.6816e+06	1.3827e+06	1.3599	0.51074	3.9921	-0.63802	2.2687
109.09	1.2368	13.486	110.25	25.401	7.3032	54.592	7.072e+05	0	2.5961e+07	0	21.535	28330	1.3257e+05	0	0	0	0	0	4.0793e+06	1.4313e+06	1.5442	0.5418	4.1404	-0.63365	3.0393
111.09	1.2793	13.016	110.25	25.975	7.2901	54.612	6.951e+05	0	2.5969e+07	0	21.895	27678	1.4044e+05	0	0	0	0	0	4.3692e+06	1.4901e+06	1.6929	0.57734	4.2772	-0.60989	3.7882
112.64	1.3129	12.679	110.24	26.423	7.2796	54.629	6.8565e+05	0	2.5975e+07	0	22.167	27160	1.4671e+05	0	0	0	0	0	4.5167e+06	1.5314e+06	1.7834	0.60466	4.385	-0.58526	4.3603
113.57	1.3332	12.485	110.24	26.691	7.2732	54.639	6.8001e+05	0	2.5978e+07	0	22.327	26847	1.5051e+05	0	0	0	0	0	4.5356e+06	1.5452e+06	1.8117	0.61722	4.45	-0.57441	4.6501
113.8	1.3381	12.44	110.24	26.756	7.2716	54.641	6.7864e+05	0	2.5979e+07	0	22.365	26772	1.5144e+05	0	0	0	0	0	4.5208e+06	1.5447e+06	1.8109	0.61877	4.4658	-0.57344	4.6994
114.25	1.3482	12.346	110.24	26.888	7.2684	54.646	6.7586e+05	0	2.598e+07	0	22.444	26617	1.5334e+05	0	0	0	0	0	4.4802e+06	1.5416e+06	1.8051	0.62113	4.4981	-0.57247	4.7897
115.29	1.371	12.137	110.24	27.186	7.261	54.658	6.6958e+05	0	2.5984e+07	0	22.623	26266	1.5766e+05	0	0	0	0	0	4.4979e+06	1.5576e+06	1.8364	0.63593	4.5713	-0.56784	5.1461
116.79	1.4046	11.843	110.24	27.62	7.2501	54.675	6.6043e+05	0	2.5988e+07	0	22.881	25752	1.6405e+05	0	0	0	0	0	4.5222e+06	1.5828e+06	1.8831	0.65911	4.6787	-0.55379	5.7142
118.62	1.4459	11.503	110.23	28.148	7.2364	54.697	6.4932e+05	0	2.5994e+07	0	23.186	25125	1.7196e+05	0	0	0	0	0	4.5673e+06	1.6287e+06	1.9494	0.69516	4.8106	-0.51704	6.4703
120.6	1.491	11.153	110.23	28.717	7.2212	54.72	6.3733e+05	0	2.5999e+07	0	23.509	24445	1.8065e+05	0	0	0	0	0	4.5822e+06	1.6802e+06	2.0102	0.73711	4.9545	-0.44974	7.2951
122.52	1.5356	10.836	110.23	29.273	7.2058	54.745	6.2564e+05	0	2.6003e+07	0	23.84	23779	1.8927e+05	0	0	0	0	0	4.8262e+06	1.7657e+06	2.1765	0.79628	5.0964	-0.35818	8.1206
124.21	1.5752	10.589	110.23	29.761	7.192	54.766	6.1538e+05	0	2.6007e+07	0	24.127	23190	1.9691e+05	0	0	0	0	0	5.0994e+06	1.859e+06	2.3581	0.85966	5.222	-0.26579	8.8229
125.5	1.6055	10.419	110.23	30.134	7.1812	54.783	6.0757e+05	0	2.601e+07	0	24.346	22738	2.0276e+05	0	0	0	0	0	5.2979e+06	1.9311e+06	2.4986	0.91077	5.3182	-0.19938	9.3444
126.26	1.6235	10.325	110.23	30.354	7.1747	54.793	6.0297e+05	0	2.6011e+07	0	24.479	22470	2.0622e+05	0	0	0	0	0	5.3744e+06	1.9608e+06	2.565	0.93583	5.3752	-0.17299	9.5958
126.44	1.6278	10.304	110.23	30.407	7.1732	54.796	6.0186e+05	0	2.6011e+07	0	24.512	22405	2.0705e+05	0	0	0	0	0	5.3812e+06	1.964e+06	2.5756	0.94004	5.3889	-0.16991	9.6397
126.44	1.6278	10.304	110.23	30.407	7.1732	54.796	6.0186e+05	0	2.3176e+07	0	21.595	22405	2.0705e+05	0	0	0	0	0	5.3812e+06	1.964e+06	2.5756	0.94004	5.3889	-0.16991	9.6397
126.51	1.6293	10.295	110.23	30.427	7.1726	54.797	6.015e+05	0	2.3176e+07	0	21.606	22376	2.0728e+05	0	0	0	0	0	5.374e+06	1.9618e+06	2.5756	0.94023	5.3933	-0.1697	9.6429
126.63	1.6318	10.281	110.23	30.462	7.1715	54.798	6.0084e+05	0	2.3177e+07	0	21.625	22323	2.0769e+05	0	0	0	0	0	5.3642e+06	1.959e+06	2.577	0.94108	5.4012	-0.16904	9.6534
126.73	1.6339	10.269	110.23	30.492	7.1707	54.8	6.0029e+05	0	2.3177e+07	0	21.641	22278	2.0804e+05	0	0	0	0	0	5.3547e+06	1.9561e+06	2.5775	0.94159	5.4079	-0.1686	9.6604
126.76	1.6345	10.265	110.23	30.5	7.1704	54.8	6.0014e+05	0	2.3177e+07	0	21.645	22266	2.0813e+05	0	0	0	0	0	5.3516e+06	1.9552e+06	2.5775	0.94166	5.4098	-0.16853	9.6616
126.83	1.6359	10.257	110.23	30.52	7.1698	54.801	5.9977e+05	0	2.3177e+07	0	21.656	22237	2.0836e+05	0	0	0	0	0	5.3444e+06	1.953e+06	2.5774	0.94184	5.4142	-0.16834	9.6648
126.95	1.6384	10.243	110.23	30.555	7.1688	54.802	5.9912e+05	0	2.3177e+07	0	21.675	22184	2.0877e+05	0	0	0	0	0	5.3345e+06	1.95e+06	2.5787	0.94265	5.4221	-0.16774	9.675
127.05	1.6405	10.23	110.23	30.585	7.1679	54.804	5.9857e+05	0	2.3177e+07	0	21.691	22140	2.0912e+05	0	0	0	0	0	5.3249e+06	1.9472e+06	2.5792	0.94314	5.4288	-0.16735	9.6818
127.08	1.6411	10.227	110.23	30.593	7.1677	54.804	5.9842e+05	0	2.3177e+07	0	21.696	22128	2.0922e+05	0	0	0	0	0	5.3218e+06	1.9462e+06	2.5791	0.9432	5.4307	-0.16728	9.683
127.14	1.6426	10.219	110.23	30.612	7.1671	54.805	5.9805e+05	0	2.3177e+07	0	21.706	22098	2.0945e+05	0	0	0	0	0	5.3144e+06	1.944e+06	2.579	0.94337	5.4351	-0.16712	9.686
127.26	1.6451	10.204	110.23	30.648	7.166	54.807	5.974e+05	0	2.3178e+07	0	21.725	22046	2.0986e+05	0	0	0	0	0	5.3044e+06	1.941e+06	2.5802	0.94414	5.4431	-0.16658	9.6959
127.37	1.6472	10.192	110.23	30.677	7.1651	54.808	5.9684e+05	0	2.3178e+07	0	21.742	22002	2.1021e+05	0	0	0	0	0	5.2946e+06	1.938e+06	2.5806	0.94461	5.4498	-0.16623	9.7026
127.39	1.6478	10.189	110.23	30.686	7.1649	54.809	5.9669e+05	0	2.3178e+07	0	21.746	21990	2.1031e+05	0	0	0	0	0	5.2915e+06	1.9371e+06	2.5805	0.94467	5.4517	-0.16617	9.7037
127.46	1.6492	10.181	110.23	30.705	7.1643	54.809	5.9633e+05	0	2.3178e+07	0	21.757	21961	2.1054e+05	0	0	0	0	0	5.2842e+06	1.9348e+06	2.5804	0.94482	5.4561	-0.16602	9.7067
127.58	1.6518	10.166	110.23	30.74	7.1633	54.811	5.9567e+05	0	2.3178e+07	0	21.776	21909	2.1095e+05	0	0	0	0	0	5.2739e+06	1.9318e+06	2.5815	0.94556	5.4641	-0.16555	9.7163
127.69	1.6539	10.154	110.23	30.77	7.1624	54.813	5.9512e+05	0	2.3178e+07	0	21.793	21865	2.1131e+05	0	0	0	0	0	5.2641e+06	1.9288e+06	2.5818	0.94601	5.4708	-0.16524	9.7228
127.71	1.6545	10.15	110.23	30.778	7.1621	54.813	5.9497e+05	0	2.3178e+07	0	21.797	21853	2.114e+05	0	0	0	0	0	5.261e+06	1.9278e+06	2.5817	0.94606	5.4727	-0.16519	9.7239
127.78	1.6559	10.142	110.23	30.798	7.1615	54.814	5.946e+05	0	2.3178e+07	0	21.808	21824	2.1163e+05	0	0	0	0	0	5.2536e+06	1.9256e+06	2.5815	0.9462	5.4771	-0.16506	9.7268
127.9	1.6585	10.128	110.23	30.833	7.1605	54.815	5.9395e+05	0	2.3179e+07	0	21.827	21772	2.1205e+05	0	0	0	0	0	5.2432e+06	1.9225e+06	2.5825	0.94691	5.4851	-0.16465	9.7361
128	1.6606	10.115	110.23	30.863	7.1596	54.817	5.934e+05	0	2.3179e+07	0	21.844	21728	2.124e+05	0	0	0	0	0	5.2333e+06	1.9194e+06	2.5828	0.94733	5.4919	-0.16438	9.7423
128.03	1.6612	10.112	110.23	30.871	7.1593	54.817	5.9325e+05	0	2.3179e+07	0	21.848	21716	2.125e+05	0	0	0	0	0	5.2301e+06	1.9185e+06	2.5827	0.94737	5.4937	-0.16433	9.7434
128.1	1.6626	10.104	110.23	30.891	7.1587	54.818	5.9288e+05	0	2.3179e+07	0	21.859	21687	2.1273e+05	0	0	0	0	0	5.2227e+06	1.9162e+06	2.5825	0.94751	5.4982	-0.16422	9.7462
128.22	1.6652	10.089	110.23	30.926	7.1577	54.82	5.9223e+05	0	2.3179e+07	0	21.879	21636	2.1315e+05	0	0	0	0	0	5.2121e+06	1.913e+06	2.5834	0.94817	5.5062	-0.16387	9.7552
128.32	1.6673	10.077	110.23	30.956	7.1568	54.821	5.9167e+05	0	2.3179e+07	0	21.895	21593	2.135e+05	0	0	0	0	0	5.2021e+06	1.91e+06	2.5836	0.94857	5.513	-0.16364	9.7613
128.35	1.6679	10.073	110.23	30.964	7.1565	54.822	5.9152e+05	0	2.3179e+07	0	21.9	21581	2.136e+05	0	0	0	0	0	5.199e+06	1.909e+06	2.5835	0.94861	5.5149	-0.1636	9.7623
128.42	1.6694	10.065	110.23	30.984	7.1559	54.823	5.9116e+05	0	2.3179e+07	0	21.911	21552	2.1383e+05	0	0	0	0	0	5.1915e+06	1.9067e+06	2.5832	0.94873	5.5194	-0.16351	9.765
128.54	1.6719	10.05	110.23	31.019	7.1549	54.824	5.905e+05	0	2.318e+07	0	21.93	21501	2.1424e+05	0	0	0	0	0	5.1808e+06	1.9034e+06	2.584	0.94936	5.5274	-0.16321	9.7738
128.64	1.6741	10.038	110.23	31.049	7.154	54.826	5.8995e+05	0	2.318e+07	0	21.947	21457	2.146e+05	0	0	0	0	0	5.1707e+06	1.9003e+06	2.5842	0.94973	5.5342	-0.16302	9.7796
128.67	1.6747	10.035	110.23	31.057	7.1537	54.826	5.898e+05	0	2.318e+07	0	21.951	21446	2.147e+05	0	0	0	0	0	5.1675e+06	1.8993e+06	2.584	0.94977	5.5361	-0.16298	9.7806
128.74	1.6761	10.026	110.23	31.077	7.1531	54.827	5.8943e+05	0	2.318e+07	0	21.963	21417	2.1493e+05	0	0	0	0	0	5.16e+06	1.897e+06	2.5837	0.94988	5.5406	-0.16291	9.7832
128.86	1.6787	10.012	110.23	31.112	7.152	54.829	5.8878e+05	0	2.318e+07	0	21.982	21366	2.1535e+05	0	0	0	0	0	5.1491e+06	1.8937e+06	2.5844	0.95048	5.5486	-0.16267	9.7917
128.96	1.6809	9.9994	110.23	31.142	7.1511	54.83	5.8823e+05	0	2.318e+07	0	21.999	21323	2.157e+05	0	0	0	0	0	5.1389e+06	1.8906e+06	2.5845	0.95082	5.5554	-0.16251	9.7973
128.99	1.6815	9.996	110.23	31.15	7.1509	54.83	5.8808e+05	0	2.318e+07	0	22.003	21311	2.158e+05	0	0	0	0	0	5.1357e+06	1.8896e+06	2.5843	0.95085	5.5573	-0.16249	9.7983
129.06	1.6829	9.9878	110.23	31.17	7.1503	54.831	5.8771e+05	0	2.318e+07	0	22.015	21283	2.1603e+05	0	0	0	0	0	5.1282e+06	1.8873e+06	2.584	0.95095	5.5618	-0.16243	9.8008
129.18	1.6855	9.9731	110.23	31.205	7.1492	54.833	5.8706e+05	0	2.3181e+07	0	22.034	21232	2.1645e+05	0	0	0	0	0	5.1171e+06	1.8839e+06	2.5845	0.95151	5.5699	-0.16224	9.8089
129.28	1.6876	9.9607	110.23	31.235	7.1483	54.835	5.8651e+05	0	2.3181e+07	0	22.051	21189	2.1681e+05	0	0	0	0	0	5.1068e+06	1.8807e+06	2.5845	0.95183	5.5767	-0.16212	9.8143
129.31	1.6882	9.9573	110.23	31.243	7.148	54.835	5.8635e+05	0	2.3181e+07	0	22.056	21177	2.169e+05	0	0	0	0	0	5.1036e+06	1.8797e+06	2.5844	0.95186	5.5786	-0.1621	9.8153
129.37	1.6897	9.949	110.23	31.263	7.1474	54.836	5.8599e+05	0	2.3181e+07	0	22.067	21149	2.1714e+05	0	0	0	0	0	5.0961e+06	1.8774e+06	2.584	0.95194	5.5831	-0.16206	9.8177
129.49	1.6923	9.9343	110.23	31.298	7.1464	54.838	5.8533e+05	0	2.3181e+07	0	22.087	21099	2.1756e+05	0	0	0	0	0	5.0848e+06	1.8739e+06	2.5845	0.95246	5.5912	-0.16193	9.8255
129.6	1.6944	9.9219	110.23	31.328	7.1454	54.839	5.8478e+05	0	2.3181e+07	0	22.104	21056	2.1791e+05	0	0	0	0	0	5.0745e+06	1.8707e+06	2.5844	0.95275	5.598	-0.16185	9.8307
129.62	1.695	9.9184	110.23	31.336	7.1452	54.839	5.8463e+05	0	2.3181e+07	0	22.108	21045	2.1801e+05	0	0	0	0	0	5.0712e+06	1.8697e+06	2.5842	0.95278	5.5999	-0.16183	9.8316
129.62	1.695	9.9184	110.23	31.336	7.1452	54.839	5.8463e+05	0	2.1126e+07	0	19.962	21045	2.1801e+05	0	0	0	0	0	5.0712e+06	1.8697e+06	2.5842	0.95278	5.5999	-0.16183	9.8316
129.73	1.697	9.9061	110.23	31.365	7.1443	54.841	5.8413e+05	0	2.1126e+07	0	19.976	20997	2.1828e+05	0	0	0	0	0	5.0599e+06	1.8661e+06	2.5843	0.95308	5.606	-0.16179	9.8365
129.9	1.7004	9.8842	110.23	31.418	7.1427	54.843	5.8325e+05	0	2.1126e+07	0	20.001	20913	2.1874e+05	0	0	0	0	0	5.0444e+06	1.8611e+06	2.5867	0.95436	5.6167	-0.16165	9.8527
130.06	1.7033	9.8655	110.23	31.462	7.1413	54.845	5.825e+05	0	2.1126e+07	0	20.022	20842	2.1914e+05	0	0	0	0	0	5.0295e+06	1.8563e+06	2.5879	0.95516	5.6258	-0.16156	9.8636
130.1	1.7042	9.8604	110.23	31.474	7.1409	54.846	5.8229e+05	0	2.1127e+07	0	20.028	20822	2.1925e+05	0	0	0	0	0	5.0247e+06	1.8548e+06	2.5878	0.95527	5.6283	-0.16155	9.8656
130.2	1.7061	9.848	110.23	31.504	7.14	54.847	5.8179e+05	0	2.1127e+07	0	20.043	20775	2.1952e+05	0	0	0	0	0	5.0134e+06	1.8512e+06	2.5879	0.95555	5.6344	-0.16152	9.8704
130.38	1.7096	9.826	110.23	31.556	7.1384	54.85	5.8091e+05	0	2.1127e+07	0	20.068	20692	2.1999e+05	0	0	0	0	0	4.9978e+06	1.8462e+06	2.5902	0.95679	5.6451	-0.16145	9.8863
130.53	1.7125	9.8073	110.23	31.601	7.137	54.852	5.8016e+05	0	2.1127e+07	0	20.089	20622	2.2039e+05	0	0	0	0	0	4.9829e+06	1.8414e+06	2.5912	0.95756	5.6543	-0.1614	9.897
130.57	1.7133	9.8021	110.23	31.613	7.1366	54.853	5.7995e+05	0	2.1127e+07	0	20.095	20602	2.205e+05	0	0	0	0	0	4.9781e+06	1.8398e+06	2.5912	0.95766	5.6568	-0.16139	9.8989
130.67	1.7153	9.7897	110.23	31.642	7.1357	54.854	5.7946e+05	0	2.1127e+07	0	20.11	20556	2.2077e+05	0	0	0	0	0	4.9669e+06	1.8362e+06	2.5912	0.95793	5.6629	-0.16138	9.9037
130.85	1.7187	9.7676	110.23	31.694	7.1341	54.857	5.7857e+05	0	2.1128e+07	0	20.135	20474	2.2124e+05	0	0	0	0	0	4.9512e+06	1.8312e+06	2.5934	0.95913	5.6737	-0.16136	9.9193
131	1.7217	9.7488	110.23	31.739	7.1327	54.859	5.7782e+05	0	2.1128e+07	0	20.157	20405	2.2164e+05	0	0	0	0	0	4.9363e+06	1.8264e+06	2.5943	0.95986	5.6829	-0.16135	9.9297
131.05	1.7225	9.7436	110.23	31.751	7.1323	54.859	5.7762e+05	0	2.1128e+07	0	20.163	20385	2.2175e+05	0	0	0	0	0	4.9316e+06	1.8248e+06	2.5943	0.95996	5.6854	-0.16135	9.9316
131.15	1.7244	9.7311	110.23	31.78	7.1314	54.861	5.7712e+05	0	2.1128e+07	0	20.177	20340	2.2202e+05	0	0	0	0	0	4.9204e+06	1.8212e+06	2.5942	0.96021	5.6915	-0.16136	9.9363
131.33	1.7279	9.7089	110.23	31.833	7.1298	54.863	5.7624e+05	0	2.1128e+07	0	20.203	20258	2.2249e+05	0	0	0	0	0	4.9045e+06	1.8161e+06	2.5963	0.96137	5.7023	-0.1614	9.9515
131.48	1.7309	9.6901	110.23	31.877	7.1284	54.866	5.7548e+05	0	2.1128e+07	0	20.224	20189	2.229e+05	0	0	0	0	0	4.8896e+06	1.8112e+06	2.5972	0.96207	5.7115	-0.16142	9.9618
131.52	1.7317	9.6849	110.23	31.889	7.128	54.866	5.7528e+05	0	2.1128e+07	0	20.231	20170	2.2301e+05	0	0	0	0	0	4.8849e+06	1.8097e+06	2.5971	0.96216	5.7141	-0.16142	9.9636
131.62	1.7337	9.6724	110.24	31.919	7.127	54.868	5.7478e+05	0	2.1128e+07	0	20.245	20126	2.2328e+05	0	0	0	0	0	4.8738e+06	1.8062e+06	2.597	0.9624	5.7203	-0.16145	9.9682
131.8	1.7372	9.6501	110.24	31.971	7.1254	54.87	5.739e+05	0	2.1129e+07	0	20.271	20046	2.2376e+05	0	0	0	0	0	4.8581e+06	1.8011e+06	2.5989	0.9635	5.7313	-0.16154	9.9831
131.95	1.7402	9.6312	110.24	32.015	7.124	54.872	5.7315e+05	0	2.1129e+07	0	20.293	19976	2.2415e+05	0	0	0	0	0	4.8427e+06	1.796e+06	2.5998	0.96419	5.7402	-0.1616	9.9931
132	1.741	9.626	110.24	32.027	7.1236	54.873	5.7294e+05	0	2.1129e+07	0	20.299	19956	2.2426e+05	0	0	0	0	0	4.8377e+06	1.7944e+06	2.5997	0.96428	5.7425	-0.16161	9.9948
132.1	1.7429	9.6134	110.24	32.057	7.1227	54.875	5.7244e+05	0	2.1129e+07	0	20.314	19906	2.245e+05	0	0	0	0	0	4.8258e+06	1.7904e+06	2.5998	0.96453	5.748	-0.16165	9.9993
132.28	1.7465	9.5911	110.24	32.109	7.121	54.877	5.7156e+05	0	2.1129e+07	0	20.34	19818	2.2493e+05	0	0	0	0	0	4.809e+06	1.7852e+06	2.6023	0.96601	5.7575	-0.16179	10.014
132.43	1.7495	9.5721	110.24	32.153	7.1196	54.879	5.7081e+05	0	2.1129e+07	0	20.362	19744	2.253e+05	0	0	0	0	0	4.7934e+06	1.7803e+06	2.6036	0.96696	5.7658	-0.16188	10.024
132.47	1.7503	9.5668	110.24	32.165	7.1192	54.88	5.706e+05	0	2.113e+07	0	20.368	19723	2.254e+05	0	0	0	0	0	4.7885e+06	1.7787e+06	2.6036	0.96709	5.7681	-0.1619	10.025
132.57	1.7523	9.5542	110.24	32.195	7.1183	54.881	5.7011e+05	0	2.113e+07	0	20.383	19675	2.2564e+05	0	0	0	0	0	4.777e+06	1.775e+06	2.6037	0.96743	5.7736	-0.16196	10.03
132.75	1.7558	9.5317	110.24	32.247	7.1166	54.884	5.6922e+05	0	2.113e+07	0	20.409	19589	2.2608e+05	0	0	0	0	0	4.7605e+06	1.7699e+06	2.606	0.96888	5.7834	-0.16214	10.044
132.9	1.7588	9.5127	110.24	32.291	7.1152	54.886	5.6847e+05	0	2.113e+07	0	20.431	19517	2.2645e+05	0	0	0	0	0	4.7449e+06	1.7649e+06	2.6072	0.96978	5.7917	-0.16227	10.053
132.94	1.7596	9.5074	110.24	32.303	7.1148	54.887	5.6826e+05	0	2.113e+07	0	20.437	19497	2.2656e+05	0	0	0	0	0	4.74e+06	1.7634e+06	2.6072	0.96991	5.794	-0.16229	10.055
133.04	1.7616	9.4948	110.24	32.332	7.1139	54.888	5.6777e+05	0	2.113e+07	0	20.452	19449	2.268e+05	0	0	0	0	0	4.7285e+06	1.7596e+06	2.6072	0.97024	5.7996	-0.16236	10.059
133.22	1.7651	9.4722	110.24	32.384	7.1122	54.891	5.6688e+05	0	2.113e+07	0	20.478	19364	2.2724e+05	0	0	0	0	0	4.7119e+06	1.7545e+06	2.6094	0.97163	5.8094	-0.1626	10.073
133.38	1.7682	9.453	110.24	32.429	7.1108	54.893	5.6613e+05	0	2.1131e+07	0	20.5	19293	2.2762e+05	0	0	0	0	0	4.6964e+06	1.7496e+06	2.6105	0.97249	5.8177	-0.16275	10.082
133.42	1.769	9.4478	110.24	32.441	7.1104	54.894	5.6593e+05	0	2.1131e+07	0	20.507	19273	2.2772e+05	0	0	0	0	0	4.6915e+06	1.748e+06	2.6104	0.97261	5.82	-0.16278	10.084
133.52	1.771	9.4351	110.24	32.47	7.1094	54.895	5.6543e+05	0	2.1131e+07	0	20.522	19226	2.2797e+05	0	0	0	0	0	4.6801e+06	1.7443e+06	2.6104	0.97292	5.8256	-0.16286	10.088
133.7	1.7746	9.4124	110.24	32.522	7.1077	54.898	5.6455e+05	0	2.1131e+07	0	20.548	19143	2.2841e+05	0	0	0	0	0	4.6634e+06	1.7391e+06	2.6125	0.97425	5.8354	-0.16315	10.101
133.85	1.7776	9.3932	110.24	32.566	7.1063	54.9	5.638e+05	0	2.1131e+07	0	20.571	19072	2.2879e+05	0	0	0	0	0	4.6479e+06	1.7342e+06	2.6134	0.97507	5.8438	-0.16333	10.11
133.89	1.7784	9.3879	110.24	32.578	7.1059	54.901	5.6359e+05	0	2.1131e+07	0	20.577	19053	2.289e+05	0	0	0	0	0	4.6431e+06	1.7326e+06	2.6133	0.97518	5.8461	-0.16336	10.111
133.99	1.7804	9.3751	110.24	32.608	7.1049	54.902	5.6309e+05	0	2.1131e+07	0	20.592	19007	2.2915e+05	0	0	0	0	0	4.6317e+06	1.7289e+06	2.6133	0.97548	5.8517	-0.16346	10.115
134.17	1.784	9.3524	110.24	32.66	7.1032	54.905	5.6221e+05	0	2.1132e+07	0	20.619	18925	2.2959e+05	0	0	0	0	0	4.615e+06	1.7237e+06	2.6152	0.97675	5.8616	-0.16379	10.128
134.32	1.787	9.3331	110.24	32.704	7.1018	54.907	5.6146e+05	0	2.1132e+07	0	20.641	18855	2.2997e+05	0	0	0	0	0	4.5995e+06	1.7187e+06	2.616	0.97753	5.87	-0.164	10.137
134.37	1.7879	9.3278	110.24	32.716	7.1014	54.908	5.6125e+05	0	2.1132e+07	0	20.648	18836	2.3008e+05	0	0	0	0	0	4.5947e+06	1.7172e+06	2.6159	0.97763	5.8723	-0.16404	10.138
134.37	1.7879	9.3278	110.24	32.716	7.1014	54.908	5.6125e+05	0	1.9084e+07	0	18.454	18836	2.3008e+05	0	0	0	0	0	4.5947e+06	1.7172e+06	2.6159	0.97763	5.8723	-0.16404	10.138
134.45	1.7894	9.3169	110.24	32.741	7.1006	54.909	5.6087e+05	0	1.9084e+07	0	18.464	18793	2.3022e+05	0	0	0	0	0	4.5841e+06	1.7136e+06	2.6158	0.97783	5.8764	-0.16414	10.141
134.6	1.7921	9.2975	110.24	32.785	7.0992	54.911	5.6019e+05	0	1.9084e+07	0	18.483	18718	2.3046e+05	0	0	0	0	0	4.5678e+06	1.7083e+06	2.617	0.9787	5.8837	-0.16447	10.15
134.73	1.7944	9.2811	110.24	32.822	7.0979	54.913	5.5962e+05	0	1.9084e+07	0	18.5	18654	2.3067e+05	0	0	0	0	0	4.553e+06	1.7034e+06	2.6175	0.97923	5.8899	-0.16468	10.156
134.77	1.795	9.2765	110.24	32.832	7.0976	54.914	5.5946e+05	0	1.9084e+07	0	18.504	18636	2.3073e+05	0	0	0	0	0	4.5486e+06	1.7019e+06	2.6174	0.9793	5.8916	-0.16472	10.157
134.85	1.7965	9.2656	110.24	32.857	7.0968	54.915	5.5908e+05	0	1.9084e+07	0	18.515	18594	2.3087e+05	0	0	0	0	0	4.5381e+06	1.6984e+06	2.6172	0.97948	5.8957	-0.16484	10.16
135	1.7992	9.2461	110.24	32.901	7.0953	54.917	5.5841e+05	0	1.9084e+07	0	18.534	18520	2.3112e+05	0	0	0	0	0	4.5218e+06	1.693e+06	2.6183	0.98031	5.903	-0.16521	10.168
135.13	1.8015	9.2296	110.24	32.938	7.0941	54.919	5.5783e+05	0	1.9084e+07	0	18.55	18457	2.3133e+05	0	0	0	0	0	4.5071e+06	1.6881e+06	2.6187	0.98082	5.9092	-0.16546	10.174
135.17	1.8021	9.225	110.24	32.948	7.0937	54.92	5.5767e+05	0	1.9084e+07	0	18.555	18440	2.3139e+05	0	0	0	0	0	4.5027e+06	1.6866e+06	2.6186	0.98088	5.9109	-0.16551	10.175
135.25	1.8037	9.214	110.24	32.973	7.0929	54.921	5.573e+05	0	1.9085e+07	0	18.566	18398	2.3153e+05	0	0	0	0	0	4.4923e+06	1.6831e+06	2.6185	0.98105	5.915	-0.16564	10.177
135.41	1.8064	9.1944	110.24	33.017	7.0915	54.923	5.5662e+05	0	1.9085e+07	0	18.585	18325	2.3178e+05	0	0	0	0	0	4.4761e+06	1.6778e+06	2.6194	0.98184	5.9223	-0.16606	10.186
135.53	1.8087	9.1778	110.24	33.054	7.0902	54.925	5.5605e+05	0	1.9085e+07	0	18.602	18263	2.3199e+05	0	0	0	0	0	4.4615e+06	1.6729e+06	2.6197	0.98231	5.9285	-0.16634	10.191
135.57	1.8093	9.1732	110.24	33.064	7.0899	54.926	5.5589e+05	0	1.9085e+07	0	18.606	18246	2.3205e+05	0	0	0	0	0	4.4571e+06	1.6715e+06	2.6196	0.98237	5.9303	-0.16639	10.192
135.66	1.8109	9.1622	110.24	33.089	7.0891	54.927	5.5551e+05	0	1.9085e+07	0	18.617	18205	2.3219e+05	0	0	0	0	0	4.4468e+06	1.668e+06	2.6194	0.98253	5.9344	-0.16654	10.195
135.81	1.8136	9.1425	110.24	33.133	7.0876	54.929	5.5483e+05	0	1.9085e+07	0	18.637	18133	2.3245e+05	0	0	0	0	0	4.4306e+06	1.6626e+06	2.6203	0.98327	5.9418	-0.16701	10.203
135.94	1.8159	9.1257	110.24	33.17	7.0864	54.931	5.5426e+05	0	1.9085e+07	0	18.653	18072	2.3266e+05	0	0	0	0	0	4.4161e+06	1.6578e+06	2.6205	0.98372	5.948	-0.16733	10.208
135.97	1.8165	9.1211	110.24	33.18	7.086	54.932	5.541e+05	0	1.9085e+07	0	18.658	18055	2.3272e+05	0	0	0	0	0	4.4118e+06	1.6563e+06	2.6204	0.98377	5.9497	-0.16738	10.209
136.06	1.8181	9.11	110.24	33.204	7.0852	54.933	5.5372e+05	0	1.9085e+07	0	18.669	18015	2.3287e+05	0	0	0	0	0	4.4016e+06	1.6529e+06	2.6201	0.98391	5.9539	-0.16754	10.211
136.21	1.8208	9.0902	110.24	33.248	7.0837	54.935	5.5304e+05	0	1.9085e+07	0	18.689	17944	2.3312e+05	0	0	0	0	0	4.3854e+06	1.6475e+06	2.6208	0.98461	5.9612	-0.16806	10.219
136.34	1.8231	9.0734	110.24	33.285	7.0825	54.937	5.5247e+05	0	1.9086e+07	0	18.705	17884	2.3334e+05	0	0	0	0	0	4.371e+06	1.6427e+06	2.621	0.98502	5.9675	-0.16841	10.224
136.37	1.8238	9.0688	110.24	33.295	7.0821	54.938	5.5231e+05	0	1.9086e+07	0	18.71	17868	2.334e+05	0	0	0	0	0	4.3667e+06	1.6413e+06	2.6208	0.98507	5.9692	-0.16847	10.225
136.46	1.8253	9.0576	110.24	33.32	7.0813	54.939	5.5193e+05	0	1.9086e+07	0	18.721	17828	2.3355e+05	0	0	0	0	0	4.3565e+06	1.6379e+06	2.6205	0.98519	5.9734	-0.16865	10.227
136.61	1.828	9.0377	110.24	33.364	7.0798	54.941	5.5126e+05	0	1.9086e+07	0	18.741	17758	2.3381e+05	0	0	0	0	0	4.3404e+06	1.6325e+06	2.6211	0.98584	5.9808	-0.16922	10.234
136.74	1.8304	9.0208	110.24	33.401	7.0786	54.943	5.5068e+05	0	1.9086e+07	0	18.758	17699	2.3403e+05	0	0	0	0	0	4.326e+06	1.6277e+06	2.6211	0.98623	5.9871	-0.1696	10.239
136.77	1.831	9.0162	110.24	33.411	7.0782	54.944	5.5052e+05	0	1.9086e+07	0	18.762	17683	2.3409e+05	0	0	0	0	0	4.3218e+06	1.6263e+06	2.621	0.98627	5.9888	-0.16967	10.24
136.86	1.8326	9.005	110.24	33.435	7.0774	54.945	5.5014e+05	0	1.9086e+07	0	18.774	17644	2.3424e+05	0	0	0	0	0	4.3118e+06	1.6229e+06	2.6206	0.98638	5.993	-0.16985	10.242
137.01	1.8353	8.985	110.24	33.479	7.0759	54.947	5.4947e+05	0	1.9086e+07	0	18.793	17575	2.345e+05	0	0	0	0	0	4.2958e+06	1.6176e+06	2.6212	0.98699	6.0004	-0.17047	10.249
137.14	1.8377	8.968	110.24	33.516	7.0747	54.949	5.4889e+05	0	1.9086e+07	0	18.81	17517	2.3472e+05	0	0	0	0	0	4.283e+06	1.6132e+06	2.622	0.98757	6.0067	-0.17089	10.253
137.18	1.8383	8.9633	110.24	33.526	7.0743	54.95	5.4874e+05	0	1.9086e+07	0	18.815	17501	2.3479e+05	0	0	0	0	0	4.2792e+06	1.6118e+06	2.6221	0.98766	6.0085	-0.17096	10.254
137.26	1.8398	8.9521	110.24	33.55	7.0735	54.951	5.4836e+05	0	1.9086e+07	0	18.827	17463	2.3494e+05	0	0	0	0	0	4.2702e+06	1.6087e+06	2.6223	0.98791	6.0127	-0.17116	10.256
137.41	1.8426	8.932	110.24	33.594	7.072	54.954	5.4768e+05	0	1.9086e+07	0	18.847	17395	2.352e+05	0	0	0	0	0	4.2558e+06	1.6038e+06	2.6237	0.98872	6.0201	-0.17183	10.263
137.54	1.845	8.9149	110.24	33.631	7.0707	54.956	5.4711e+05	0	1.9087e+07	0	18.864	17338	2.3543e+05	0	0	0	0	0	4.2431e+06	1.5994e+06	2.6245	0.98926	6.0265	-0.17228	10.267
137.58	1.8456	8.9102	110.24	33.641	7.0704	54.956	5.4695e+05	0	1.9087e+07	0	18.869	17322	2.3549e+05	0	0	0	0	0	4.2393e+06	1.5981e+06	2.6245	0.98935	6.0282	-0.17236	10.268
137.66	1.8472	8.8989	110.24	33.665	7.0695	54.957	5.4657e+05	0	1.9087e+07	0	18.88	17284	2.3564e+05	0	0	0	0	0	4.2304e+06	1.595e+06	2.6247	0.98957	6.0324	-0.17258	10.27
137.81	1.8499	8.8788	110.24	33.708	7.068	54.96	5.4589e+05	0	1.9087e+07	0	18.9	17218	2.3591e+05	0	0	0	0	0	4.2161e+06	1.59e+06	2.626	0.99033	6.0399	-0.17329	10.276
137.94	1.8523	8.8617	110.24	33.745	7.0668	54.962	5.4532e+05	0	1.9087e+07	0	18.917	17161	2.3614e+05	0	0	0	0	0	4.2034e+06	1.5856e+06	2.6266	0.99083	6.0463	-0.17378	10.28
137.98	1.8529	8.857	110.24	33.755	7.0664	54.962	5.4516e+05	0	1.9087e+07	0	18.922	17146	2.362e+05	0	0	0	0	0	4.1996e+06	1.5843e+06	2.6267	0.99091	6.048	-0.17386	10.28
138.06	1.8545	8.8457	110.24	33.78	7.0656	54.964	5.4478e+05	0	1.9087e+07	0	18.934	17109	2.3635e+05	0	0	0	0	0	4.1907e+06	1.5812e+06	2.6268	0.99112	6.0522	-0.17409	10.282
138.22	1.8573	8.8254	110.24	33.823	7.0641	54.966	5.441e+05	0	1.9087e+07	0	18.954	17043	2.3663e+05	0	0	0	0	0	4.1764e+06	1.5762e+06	2.6279	0.99182	6.0597	-0.17486	10.288
138.35	1.8596	8.8083	110.24	33.86	7.0628	54.968	5.4353e+05	0	1.9087e+07	0	18.971	16987	2.3686e+05	0	0	0	0	0	4.1637e+06	1.5719e+06	2.6285	0.99228	6.0661	-0.17538	10.292
138.38	1.8603	8.8035	110.24	33.87	7.0624	54.968	5.4337e+05	0	1.9087e+07	0	18.976	16972	2.3692e+05	0	0	0	0	0	4.16e+06	1.5706e+06	2.6285	0.99235	6.0679	-0.17547	10.292
138.38	1.8603	8.8035	110.24	33.87	7.0624	54.968	5.4337e+05	0	1.7036e+07	0	16.736	16972	2.3692e+05	0	0	0	0	0	4.16e+06	1.5706e+06	2.6285	0.99235	6.0679	-0.17547	10.292
138.47	1.8617	8.7919	110.24	33.895	7.0616	54.97	5.4303e+05	0	1.7036e+07	0	16.746	16931	2.37e+05	0	0	0	0	0	4.1503e+06	1.5671e+06	2.6287	0.99255	6.0715	-0.17574	10.294
138.62	1.8642	8.7712	110.25	33.939	7.06	54.972	5.4241e+05	0	1.7036e+07	0	16.763	16859	2.3714e+05	0	0	0	0	0	4.1342e+06	1.5614e+06	2.6298	0.99321	6.078	-0.17665	10.299
138.75	1.8663	8.7535	110.25	33.976	7.0587	54.974	5.4189e+05	0	1.7036e+07	0	16.778	16798	2.3726e+05	0	0	0	0	0	4.1202e+06	1.5564e+06	2.6304	0.99365	6.0836	-0.17725	10.303
138.79	1.8669	8.7487	110.25	33.986	7.0584	54.975	5.4174e+05	0	1.7036e+07	0	16.782	16781	2.373e+05	0	0	0	0	0	4.1161e+06	1.555e+06	2.6304	0.99372	6.0851	-0.17736	10.304
138.88	1.8683	8.737	110.25	34.011	7.0575	54.976	5.414e+05	0	1.7037e+07	0	16.792	16741	2.3738e+05	0	0	0	0	0	4.1065e+06	1.5516e+06	2.6305	0.9939	6.0888	-0.17765	10.305
139.03	1.8708	8.7161	110.25	34.055	7.056	54.978	5.4078e+05	0	1.7037e+07	0	16.809	16670	2.3752e+05	0	0	0	0	0	4.0905e+06	1.5459e+06	2.6315	0.99451	6.0953	-0.1786	10.31
139.16	1.8729	8.6984	110.25	34.092	7.0546	54.981	5.4026e+05	0	1.7037e+07	0	16.824	16610	2.3765e+05	0	0	0	0	0	4.0766e+06	1.541e+06	2.632	0.99492	6.1009	-0.17924	10.314
139.2	1.8735	8.6935	110.25	34.103	7.0543	54.981	5.4011e+05	0	1.7037e+07	0	16.828	16593	2.3768e+05	0	0	0	0	0	4.0726e+06	1.5395e+06	2.6321	0.99498	6.1024	-0.17935	10.314
139.29	1.8749	8.6818	110.25	34.127	7.0534	54.982	5.3977e+05	0	1.7037e+07	0	16.838	16554	2.3776e+05	0	0	0	0	0	4.063e+06	1.5361e+06	2.6321	0.99515	6.1061	-0.17966	10.316
139.44	1.8774	8.6608	110.25	34.171	7.0519	54.985	5.3915e+05	0	1.7037e+07	0	16.855	16484	2.3791e+05	0	0	0	0	0	4.0472e+06	1.5305e+06	2.633	0.99571	6.1127	-0.18067	10.32
139.57	1.8795	8.643	110.25	34.208	7.0505	54.987	5.3863e+05	0	1.7037e+07	0	16.87	16425	2.3804e+05	0	0	0	0	0	4.0334e+06	1.5256e+06	2.6334	0.99608	6.1183	-0.18134	10.323
139.61	1.8801	8.6381	110.25	34.218	7.0502	54.987	5.3849e+05	0	1.7037e+07	0	16.874	16409	2.3807e+05	0	0	0	0	0	4.0294e+06	1.5242e+06	2.6334	0.99614	6.1198	-0.18146	10.324
139.7	1.8815	8.6263	110.25	34.243	7.0493	54.989	5.3814e+05	0	1.7037e+07	0	16.884	16370	2.3816e+05	0	0	0	0	0	4.02e+06	1.5208e+06	2.6335	0.99629	6.1235	-0.18178	10.325
139.85	1.8841	8.6052	110.25	34.287	7.0478	54.991	5.3752e+05	0	1.7037e+07	0	16.901	16301	2.3831e+05	0	0	0	0	0	4.0042e+06	1.5152e+06	2.6342	0.9968	6.1301	-0.18284	10.33
139.98	1.8862	8.5873	110.25	34.324	7.0464	54.993	5.37e+05	0	1.7037e+07	0	16.916	16243	2.3844e+05	0	0	0	0	0	3.9905e+06	1.5104e+06	2.6345	0.99713	6.1357	-0.18356	10.332
140.02	1.8868	8.5823	110.25	34.334	7.0461	54.994	5.3686e+05	0	1.7037e+07	0	16.921	16227	2.3848e+05	0	0	0	0	0	3.9866e+06	1.509e+06	2.6345	0.99719	6.1373	-0.18368	10.333
140.11	1.8882	8.5705	110.25	34.358	7.0452	54.995	5.3651e+05	0	1.7037e+07	0	16.931	16189	2.3857e+05	0	0	0	0	0	3.9772e+06	1.5056e+06	2.6345	0.99732	6.141	-0.18402	10.334
140.26	1.8907	8.5493	110.25	34.402	7.0436	54.998	5.359e+05	0	1.7037e+07	0	16.948	16122	2.3872e+05	0	0	0	0	0	3.9615e+06	1.5e+06	2.6351	0.99778	6.1476	-0.18514	10.338
140.39	1.8929	8.5313	110.25	34.439	7.0423	55	5.3537e+05	0	1.7038e+07	0	16.963	16065	2.3886e+05	0	0	0	0	0	3.948e+06	1.4952e+06	2.6353	0.99808	6.1532	-0.18589	10.341
140.43	1.8935	8.5264	110.25	34.449	7.0419	55	5.3523e+05	0	1.7038e+07	0	16.968	16050	2.3889e+05	0	0	0	0	0	3.9441e+06	1.4938e+06	2.6353	0.99813	6.1548	-0.18602	10.341
140.52	1.8949	8.5144	110.25	34.474	7.0411	55.002	5.3488e+05	0	1.7038e+07	0	16.978	16012	2.3898e+05	0	0	0	0	0	3.9348e+06	1.4905e+06	2.6353	0.99825	6.1585	-0.18638	10.342
140.67	1.8974	8.4932	110.25	34.517	7.0395	55.004	5.3427e+05	0	1.7038e+07	0	16.995	15946	2.3914e+05	0	0	0	0	0	3.9192e+06	1.485e+06	2.6357	0.99866	6.1652	-0.18755	10.346
140.8	1.8996	8.4751	110.25	34.554	7.0382	55.006	5.3374e+05	0	1.7038e+07	0	17.011	15890	2.3928e+05	0	0	0	0	0	3.9058e+06	1.4802e+06	2.6359	0.99892	6.1708	-0.18834	10.348
140.84	1.9002	8.4701	110.25	34.564	7.0378	55.007	5.336e+05	0	1.7038e+07	0	17.015	15875	2.3932e+05	0	0	0	0	0	3.9019e+06	1.4788e+06	2.6358	0.99896	6.1724	-0.18848	10.348
140.93	1.9016	8.4581	110.25	34.588	7.0369	55.008	5.3325e+05	0	1.7038e+07	0	17.025	15838	2.3941e+05	0	0	0	0	0	3.8928e+06	1.4755e+06	2.6357	0.99906	6.1761	-0.18886	10.349
141.08	1.9042	8.4368	110.25	34.632	7.0353	55.011	5.3264e+05	0	1.7038e+07	0	17.043	15773	2.3957e+05	0	0	0	0	0	3.8773e+06	1.47e+06	2.6361	0.99942	6.1828	-0.19009	10.353
141.21	1.9063	8.4186	110.25	34.668	7.034	55.013	5.3212e+05	0	1.7038e+07	0	17.058	15718	2.3971e+05	0	0	0	0	0	3.8639e+06	1.4652e+06	2.6361	0.99965	6.1885	-0.19092	10.355
141.25	1.9069	8.4136	110.25	34.679	7.0336	55.013	5.3197e+05	0	1.7038e+07	0	17.062	15703	2.3975e+05	0	0	0	0	0	3.8601e+06	1.4639e+06	2.6361	0.99968	6.19	-0.19106	10.355
141.34	1.9084	8.4016	110.25	34.703	7.0327	55.015	5.3163e+05	0	1.7038e+07	0	17.073	15667	2.3985e+05	0	0	0	0	0	3.851e+06	1.4606e+06	2.6359	0.99977	6.1938	-0.19146	10.356
141.49	1.9109	8.3801	110.25	34.746	7.0312	55.017	5.3101e+05	0	1.7038e+07	0	17.091	15604	2.4002e+05	0	0	0	0	0	3.8356e+06	1.4551e+06	2.6361	1.0001	6.2005	-0.19275	10.358
141.62	1.9131	8.3619	110.25	34.783	7.0298	55.019	5.3049e+05	0	1.7038e+07	0	17.106	15550	2.4016e+05	0	0	0	0	0	3.8223e+06	1.4504e+06	2.6361	1.0003	6.2062	-0.19363	10.36
141.66	1.9137	8.3569	110.25	34.793	7.0294	55.02	5.3034e+05	0	1.7038e+07	0	17.11	15535	2.402e+05	0	0	0	0	0	3.8186e+06	1.4491e+06	2.636	1.0003	6.2078	-0.19378	10.361
141.75	1.9151	8.3448	110.25	34.817	7.0285	55.021	5.3e+05	0	1.7038e+07	0	17.121	15500	2.403e+05	0	0	0	0	0	3.8096e+06	1.4459e+06	2.6358	1.0004	6.2115	-0.19419	10.361
141.9	1.9177	8.3232	110.25	34.86	7.027	55.024	5.2938e+05	0	1.7039e+07	0	17.139	15437	2.4047e+05	0	0	0	0	0	3.7943e+06	1.4404e+06	2.6358	1.0006	6.2183	-0.19555	10.364
142.03	1.9199	8.3049	110.25	34.896	7.0256	55.026	5.2886e+05	0	1.7039e+07	0	17.154	15384	2.4062e+05	0	0	0	0	0	3.7811e+06	1.4357e+06	2.6357	1.0008	6.224	-0.19647	10.365
142.07	1.9205	8.2999	110.25	34.907	7.0252	55.026	5.2871e+05	0	1.7039e+07	0	17.159	15370	2.4066e+05	0	0	0	0	0	3.7774e+06	1.4343e+06	2.6356	1.0008	6.2256	-0.19663	10.365
142.16	1.9219	8.2877	110.25	34.931	7.0243	55.028	5.2837e+05	0	1.7039e+07	0	17.169	15335	2.4076e+05	0	0	0	0	0	3.7685e+06	1.4312e+06	2.6354	1.0008	6.2294	-0.19706	10.366
142.31	1.9245	8.2661	110.25	34.974	7.0228	55.03	5.2775e+05	0	1.7039e+07	0	17.187	15273	2.4093e+05	0	0	0	0	0	3.7532e+06	1.4257e+06	2.6352	1.001	6.2361	-0.19849	10.368
142.44	1.9267	8.2477	110.25	35.01	7.0214	55.032	5.2723e+05	0	1.7039e+07	0	17.203	15222	2.4109e+05	0	0	0	0	0	3.7402e+06	1.421e+06	2.635	1.0012	6.2419	-0.19945	10.369
142.48	1.9273	8.2426	110.25	35.02	7.021	55.033	5.2709e+05	0	1.7039e+07	0	17.207	15207	2.4113e+05	0	0	0	0	0	3.7365e+06	1.4197e+06	2.6349	1.0012	6.2435	-0.19962	10.369
142.48	1.9273	8.2426	110.25	35.02	7.021	55.033	5.2709e+05	0	1.4987e+07	0	14.928	15207	2.4113e+05	0	0	0	0	0	3.7365e+06	1.4197e+06	2.6349	1.0012	6.2435	-0.19962	10.369
142.61	1.9291	8.2242	110.25	35.056	7.0197	55.035	5.2663e+05	0	1.4987e+07	0	14.941	15151	2.4116e+05	0	0	0	0	0	3.7224e+06	1.4146e+06	2.6347	1.0013	6.2482	-0.2007	10.37
142.84	1.9325	8.1912	110.25	35.121	7.0172	55.039	5.2581e+05	0	1.4988e+07	0	14.963	15051	2.4123e+05	0	0	0	0	0	3.6981e+06	1.4058e+06	2.6348	1.0016	6.2567	-0.20421	10.373
143.04	1.9354	8.1632	110.25	35.176	7.0152	55.042	5.2511e+05	0	1.4988e+07	0	14.982	14968	2.4128e+05	0	0	0	0	0	3.6774e+06	1.3983e+06	2.6347	1.0018	6.2639	-0.20654	10.376
143.1	1.9361	8.1554	110.25	35.191	7.0146	55.043	5.2492e+05	0	1.4988e+07	0	14.987	14945	2.413e+05	0	0	0	0	0	3.6716e+06	1.3962e+06	2.6346	1.0019	6.2659	-0.20694	10.376
143.23	1.938	8.1368	110.25	35.227	7.0133	55.045	5.2446e+05	0	1.4988e+07	0	15	14890	2.4134e+05	0	0	0	0	0	3.6578e+06	1.3912e+06	2.6343	1.0019	6.2707	-0.20802	10.377
143.46	1.9414	8.1035	110.25	35.291	7.0108	55.049	5.2364e+05	0	1.4988e+07	0	15.023	14794	2.4142e+05	0	0	0	0	0	3.6339e+06	1.3825e+06	2.6342	1.0022	6.2792	-0.21155	10.379
143.66	1.9443	8.0753	110.25	35.345	7.0088	55.052	5.2294e+05	0	1.4988e+07	0	15.042	14713	2.4148e+05	0	0	0	0	0	3.6137e+06	1.3752e+06	2.634	1.0023	6.2865	-0.21389	10.381
143.72	1.9451	8.0675	110.25	35.36	7.0082	55.053	5.2275e+05	0	1.4988e+07	0	15.048	14690	2.415e+05	0	0	0	0	0	3.608e+06	1.3731e+06	2.6338	1.0024	6.2885	-0.21429	10.381
143.85	1.947	8.0487	110.25	35.396	7.0068	55.055	5.2229e+05	0	1.4988e+07	0	15.06	14637	2.4155e+05	0	0	0	0	0	3.5945e+06	1.3682e+06	2.6335	1.0024	6.2933	-0.21539	10.382
144.08	1.9504	8.0152	110.26	35.46	7.0044	55.059	5.2147e+05	0	1.4988e+07	0	15.083	14544	2.4163e+05	0	0	0	0	0	3.5711e+06	1.3597e+06	2.6331	1.0026	6.3019	-0.21895	10.384
144.28	1.9532	7.9867	110.26	35.514	7.0023	55.062	5.2078e+05	0	1.4988e+07	0	15.103	14465	2.4171e+05	0	0	0	0	0	3.5512e+06	1.3525e+06	2.6327	1.0027	6.3092	-0.22131	10.385
144.34	1.954	7.9788	110.26	35.529	7.0017	55.063	5.2058e+05	0	1.4988e+07	0	15.108	14443	2.4173e+05	0	0	0	0	0	3.5457e+06	1.3505e+06	2.6326	1.0027	6.3112	-0.22172	10.385
144.47	1.9559	7.9599	110.26	35.565	7.0003	55.065	5.2012e+05	0	1.4988e+07	0	15.121	14392	2.4179e+05	0	0	0	0	0	3.5325e+06	1.3457e+06	2.6321	1.0027	6.3161	-0.22283	10.385
144.7	1.9594	7.9262	110.26	35.628	6.9979	55.069	5.1931e+05	0	1.4988e+07	0	15.145	14301	2.4188e+05	0	0	0	0	0	3.5094e+06	1.3373e+06	2.6316	1.0028	6.3248	-0.22644	10.387
144.9	1.9623	7.8975	110.26	35.682	6.9958	55.072	5.1861e+05	0	1.4989e+07	0	15.164	14225	2.4197e+05	0	0	0	0	0	3.4899e+06	1.3302e+06	2.631	1.0028	6.3321	-0.22884	10.387
144.96	1.9631	7.8896	110.26	35.697	6.9952	55.073	5.1842e+05	0	1.4989e+07	0	15.17	14204	2.42e+05	0	0	0	0	0	3.4845e+06	1.3283e+06	2.6308	1.0028	6.3342	-0.22926	10.387
145.09	1.965	7.8706	110.26	35.732	6.9938	55.075	5.1796e+05	0	1.4989e+07	0	15.183	14154	2.4205e+05	0	0	0	0	0	3.4716e+06	1.3236e+06	2.6303	1.0028	6.3391	-0.23039	10.388
145.32	1.9684	7.8366	110.26	35.795	6.9914	55.079	5.1714e+05	0	1.4989e+07	0	15.207	14066	2.4216e+05	0	0	0	0	0	3.4489e+06	1.3154e+06	2.6294	1.0028	6.3478	-0.23407	10.388
145.52	1.9713	7.8077	110.26	35.848	6.9893	55.082	5.1644e+05	0	1.4989e+07	0	15.227	13992	2.4226e+05	0	0	0	0	0	3.4297e+06	1.3084e+06	2.6287	1.0028	6.3552	-0.23652	10.388
145.58	1.9721	7.7997	110.26	35.863	6.9887	55.083	5.1625e+05	0	1.4989e+07	0	15.232	13971	2.4229e+05	0	0	0	0	0	3.4244e+06	1.3065e+06	2.6285	1.0028	6.3573	-0.23695	10.388
145.71	1.9741	7.7806	110.26	35.898	6.9873	55.085	5.1579e+05	0	1.4989e+07	0	15.245	13923	2.4235e+05	0	0	0	0	0	3.4118e+06	1.3019e+06	2.6279	1.0028	6.3622	-0.2381	10.388
145.94	1.9775	7.7464	110.26	35.961	6.9848	55.089	5.1497e+05	0	1.4989e+07	0	15.269	13838	2.4248e+05	0	0	0	0	0	3.3895e+06	1.2938e+06	2.6268	1.0027	6.371	-0.24187	10.388
146.14	1.9805	7.7173	110.26	36.014	6.9827	55.092	5.1428e+05	0	1.4989e+07	0	15.289	13766	2.4258e+05	0	0	0	0	0	3.3707e+06	1.287e+06	2.6258	1.0026	6.3784	-0.24439	10.387
146.2	1.9813	7.7093	110.26	36.028	6.9821	55.093	5.1408e+05	0	1.4989e+07	0	15.295	13746	2.4261e+05	0	0	0	0	0	3.3655e+06	1.2851e+06	2.6256	1.0026	6.3805	-0.24483	10.387
146.33	1.9832	7.69	110.26	36.063	6.9807	55.095	5.1362e+05	0	1.4989e+07	0	15.308	13699	2.4268e+05	0	0	0	0	0	3.3532e+06	1.2806e+06	2.6249	1.0025	6.3855	-0.24602	10.387
146.56	1.9867	7.6556	110.26	36.125	6.9782	55.099	5.128e+05	0	1.4989e+07	0	15.332	13616	2.4282e+05	0	0	0	0	0	3.3311e+06	1.2727e+06	2.6235	1.0023	6.3943	-0.2499	10.386
146.76	1.9896	7.6264	110.26	36.178	6.9761	55.103	5.1211e+05	0	1.4989e+07	0	15.353	13547	2.4293e+05	0	0	0	0	0	3.3127e+06	1.266e+06	2.6224	1.0022	6.4018	-0.25249	10.385
146.82	1.9904	7.6183	110.26	36.193	6.9755	55.103	5.1192e+05	0	1.4989e+07	0	15.358	13528	2.4297e+05	0	0	0	0	0	3.3077e+06	1.2641e+06	2.6221	1.0021	6.4039	-0.25294	10.385
146.95	1.9924	7.5989	110.26	36.227	6.9741	55.106	5.1146e+05	0	1.4989e+07	0	15.372	13482	2.4305e+05	0	0	0	0	0	3.2956e+06	1.2598e+06	2.6214	1.002	6.4089	-0.25417	10.384
147.18	1.9959	7.5643	110.26	36.289	6.9716	55.109	5.1064e+05	0	1.499e+07	0	15.396	13402	2.4319e+05	0	0	0	0	0	3.2739e+06	1.2519e+06	2.6197	1.0017	6.4178	-0.25818	10.382
147.38	1.9988	7.5349	110.26	36.341	6.9695	55.113	5.0994e+05	0	1.499e+07	0	15.417	13334	2.4332e+05	0	0	0	0	0	3.2557e+06	1.2453e+06	2.6184	1.0015	6.4254	-0.26086	10.381
147.44	1.9997	7.5268	110.26	36.356	6.9689	55.114	5.0975e+05	0	1.499e+07	0	15.422	13316	2.4335e+05	0	0	0	0	0	3.2508e+06	1.2435e+06	2.6181	1.0015	6.4275	-0.26133	10.381
147.57	2.0016	7.5073	110.26	36.39	6.9675	55.116	5.0929e+05	0	1.499e+07	0	15.436	13272	2.4344e+05	0	0	0	0	0	3.239e+06	1.2393e+06	2.6172	1.0014	6.4325	-0.2626	10.38
147.8	2.0051	7.4725	110.26	36.451	6.9649	55.12	5.0847e+05	0	1.499e+07	0	15.46	13194	2.4359e+05	0	0	0	0	0	3.2176e+06	1.2315e+06	2.6153	1.001	6.4415	-0.26676	10.377
148	2.0081	7.4429	110.26	36.503	6.9628	55.123	5.0778e+05	0	1.499e+07	0	15.481	13128	2.4373e+05	0	0	0	0	0	3.1998e+06	1.2251e+06	2.6137	1.0007	6.4492	-0.26955	10.375
148.06	2.0089	7.4348	110.26	36.517	6.9622	55.124	5.0758e+05	0	1.499e+07	0	15.487	13110	2.4377e+05	0	0	0	0	0	3.195e+06	1.2233e+06	2.6134	1.0006	6.4513	-0.27003	10.375
148.19	2.0109	7.4152	110.26	36.551	6.9608	55.126	5.0712e+05	0	1.499e+07	0	15.5	13068	2.4386e+05	0	0	0	0	0	3.1834e+06	1.2191e+06	2.6125	1.0005	6.4563	-0.27135	10.374
148.42	2.0144	7.3802	110.26	36.612	6.9583	55.13	5.063e+05	0	1.499e+07	0	15.525	12992	2.4403e+05	0	0	0	0	0	3.1623e+06	1.2115e+06	2.6102	0.99999	6.4654	-0.27568	10.37
148.62	2.0174	7.3505	110.27	36.664	6.9561	55.134	5.0561e+05	0	1.499e+07	0	15.546	12929	2.4418e+05	0	0	0	0	0	3.1448e+06	1.2052e+06	2.6085	0.99964	6.4731	-0.27859	10.367
148.68	2.0183	7.3423	110.27	36.678	6.9555	55.134	5.0542e+05	0	1.499e+07	0	15.552	12911	2.4422e+05	0	0	0	0	0	3.1401e+06	1.2035e+06	2.6081	0.99957	6.4752	-0.2791	10.367
148.68	2.0183	7.3423	110.27	36.678	6.9555	55.134	5.0542e+05	0	1.2915e+07	0	13.181	12911	2.4422e+05	0	0	0	0	0	3.1401e+06	1.2035e+06	2.6081	0.99957	6.4752	-0.2791	10.367
149.68	2.031	7.1911	110.27	36.934	6.9446	55.151	5.024e+05	0	1.2915e+07	0	13.266	12573	2.4412e+05	0	0	0	0	0	3.0247e+06	1.1614e+06	2.5799	0.99066	6.5063	-0.35359	10.292
151.77	2.058	6.8664	110.27	37.458	6.9216	55.187	4.961e+05	0	1.2916e+07	0	13.455	11921	2.4423e+05	0	0	0	0	0	2.7645e+06	1.0676e+06	2.4868	0.96035	6.5729	-0.6208	10.031
154.39	2.0925	6.4466	110.28	38.087	6.8923	55.232	4.8822e+05	0	1.2916e+07	0	13.696	11207	2.4501e+05	0	0	0	0	0	2.5091e+06	9.7707e+05	2.4008	0.93493	6.6591	-0.89471	9.7848
156.83	2.1253	6.0477	110.28	38.647	6.8645	55.275	4.8087e+05	0	1.2917e+07	0	13.922	10632	2.4639e+05	0	0	0	0	0	2.3355e+06	9.1508e+05	2.3557	0.92301	6.7423	-1.0563	9.668
158.43	2.1474	5.7828	110.28	39.001	6.8459	55.304	4.7603e+05	0	1.2917e+07	0	14.07	10295	2.4764e+05	0	0	0	0	0	2.2517e+06	8.8479e+05	2.3455	0.92165	6.7986	-1.0998	9.6541
158.84	2.153	5.7161	110.28	39.088	6.8412	55.311	4.7481e+05	0	1.2917e+07	0	14.107	10215	2.4799e+05	0	0	0	0	0	2.2319e+06	8.7768e+05	2.3431	0.92137	6.8129	-1.1077	9.6512
160.26	2.1727	5.482	110.29	39.387	6.8246	55.337	4.7054e+05	0	1.2918e+07	0	14.239	9950.7	2.4938e+05	0	0	0	0	0	2.1665e+06	8.5414e+05	2.3349	0.9205	6.8638	-1.1591	9.6422
163.07	2.2124	5.0196	110.29	39.951	6.7911	55.388	4.6207e+05	0	1.2918e+07	0	14.497	9492.6	2.5278e+05	0	0	0	0	0	2.0667e+06	8.1814e+05	2.3347	0.92426	6.9671	-1.3141	9.6769
166.19	2.2573	4.5133	110.3	40.53	6.7532	55.446	4.5268e+05	0	1.2918e+07	0	14.775	9076.9	2.5758e+05	0	0	0	0	0	2.014e+06	7.984e+05	2.3795	0.94327	7.0857	-1.3925	9.854
168.42	2.29	4.1571	110.3	40.913	6.7255	55.489	4.4596e+05	0	1.2919e+07	0	14.974	8832.8	2.6169e+05	0	0	0	0	0	1.9896e+06	7.8931e+05	2.4156	0.9583	7.1731	-1.4017	9.9934
169	2.2986	4.0655	110.31	41.009	6.7182	55.5	4.4421e+05	0	1.2919e+07	0	15.026	8776.1	2.6286e+05	0	0	0	0	0	1.9808e+06	7.862e+05	2.4204	0.96069	7.1961	-1.4032	10.015
170.42	2.3197	3.8426	110.31	41.235	6.7003	55.527	4.3993e+05	0	1.2919e+07	0	15.153	8649.1	2.6589e+05	0	0	0	0	0	1.9634e+06	7.8017e+05	2.4344	0.96733	7.2532	-1.4325	10.073
173.23	2.362	3.4098	110.32	41.651	6.6643	55.582	4.3147e+05	0	1.2919e+07	0	15.395	8443	2.7262e+05	0	0	0	0	0	1.9748e+06	7.8486e+05	2.5083	0.99689	7.3687	-1.5257	10.332
176.35	2.4097	2.9465	110.32	42.063	6.6235	55.644	4.2208e+05	0	1.2919e+07	0	15.656	8280.3	2.8127e+05	0	0	0	0	0	2.0215e+06	8.0356e+05	2.618	1.0407	7.5005	-1.5658	10.705
178.58	2.4443	2.6262	110.33	42.326	6.5938	55.69	4.1536e+05	0	1.2919e+07	0	15.842	8203.6	2.8827e+05	0	0	0	0	0	2.0533e+06	8.1753e+05	2.6842	1.0687	7.5974	-1.5606	10.933
179.16	2.4533	2.5445	110.33	42.39	6.5859	55.702	4.1361e+05	0	1.2919e+07	0	15.892	8188.9	2.9021e+05	0	0	0	0	0	2.0558e+06	8.1923e+05	2.6922	1.0728	7.6229	-1.5622	10.964
180.58	2.4756	2.3465	110.34	42.54	6.5667	55.731	4.0933e+05	0	1.2919e+07	0	16.011	8162	2.9515e+05	0	0	0	0	0	2.0686e+06	8.268e+05	2.7179	1.0863	7.686	-1.5934	11.054
183.39	2.5202	1.9672	110.34	42.804	6.528	55.79	4.0087e+05	0	1.292e+07	0	16.229	8145.3	3.0584e+05	0	0	0	0	0	2.1526e+06	8.6682e+05	2.8341	1.1412	7.8132	-1.6997	11.419
186.51	2.5703	1.5696	110.35	43.048	6.4841	55.856	3.9148e+05	0	1.292e+07	0	16.465	8181.8	3.1913e+05	0	0	0	0	0	2.2756e+06	9.2243e+05	2.9827	1.209	7.9578	-1.7573	11.886
188.74	2.6065	1.3001	110.36	43.192	6.4521	55.904	3.8475e+05	0	1.292e+07	0	16.636	8242.8	3.2965e+05	0	0	0	0	0	2.3606e+06	9.6137e+05	3.0712	1.2507	8.0637	-1.7597	12.161
189.32	2.616	1.232	110.36	43.226	6.4437	55.917	3.8301e+05	0	1.292e+07	0	16.682	8263.4	3.3252e+05	0	0	0	0	0	2.3751e+06	9.6828e+05	3.0823	1.2566	8.0916	-1.7629	12.197
190.74	2.6393	1.0684	110.37	43.301	6.423	55.948	3.7873e+05	0	1.292e+07	0	16.795	8322.1	3.3981e+05	0	0	0	0	0	2.4185e+06	9.8867e+05	3.1165	1.274	8.1603	-1.8021	12.306
193.55	2.6857	0.7604	110.37	43.42	6.3814	56.011	3.7026e+05	0	1.292e+07	0	16.997	8473	3.5536e+05	0	0	0	0	0	2.5736e+06	1.0595e+06	3.2573	1.3409	8.2985	-1.9358	12.725
196.67	2.7376	0.44827	110.38	43.509	6.3344	56.082	3.6087e+05	0	1.292e+07	0	17.211	8693.9	3.7438e+05	0	0	0	0	0	2.7826e+06	1.1562e+06	3.4323	1.4262	8.4549	-2.0093	13.232
198.9	2.7751	0.2441	110.39	43.546	6.3	56.133	3.5415e+05	0	1.292e+07	0	17.367	8886.7	3.892e+05	0	0	0	0	0	2.9291e+06	1.225e+06	3.5346	1.4782	8.5689	-2.0114	13.524
199.48	2.7848	0.19361	110.39	43.552	6.291	56.147	3.524e+05	0	1.292e+07	0	17.411	8941.6	3.9322e+05	0	0	0	0	0	2.9574e+06	1.2383e+06	3.5469	1.4851	8.5988	-2.0143	13.562
200.48	2.8017	0.10841	110.39	43.559	6.2754	56.17	3.4939e+05	0	1.292e+07	0	17.487	9041.1	4.0034e+05	0	0	0	0	0	3.0058e+06	1.261e+06	3.5653	1.4957	8.6507	-2.0393	13.621
202.57	2.8372	-0.05979	110.4	43.562	6.2424	56.22	3.4308e+05	0	1.292e+07	0	17.635	9268.5	4.1594e+05	0	0	0	0	0	3.1552e+06	1.3307e+06	3.6506	1.5396	8.7601	-2.1487	13.866
205.19	2.8818	-0.24829	110.41	43.541	6.2005	56.282	3.352e+05	0	1.292e+07	0	17.81	9589.6	4.3682e+05	0	0	0	0	0	3.3772e+06	1.4377e+06	3.7767	1.6077	8.8987	-2.2813	14.222
207.63	2.9235	-0.4007	110.41	43.501	6.1607	56.341	3.2786e+05	0	1.292e+07	0	17.972	9925.6	4.5768e+05	0	0	0	0	0	3.6007e+06	1.5475e+06	3.8903	1.672	9.0294	-2.3556	14.542
209.24	2.951	-0.48893	110.42	43.464	6.1342	56.381	3.2302e+05	0	1.292e+07	0	18.087	10166	4.7218e+05	0	0	0	0	0	3.7339e+06	1.612e+06	3.9387	1.7005	9.1162	-2.3794	14.682
209.64	2.958	-0.50977	110.42	43.454	6.1274	56.391	3.218e+05	0	1.292e+07	0	18.118	10229	4.7593e+05	0	0	0	0	0	3.7627e+06	1.6258e+06	3.9446	1.7044	9.1382	-2.3863	14.701
211.06	2.9824	-0.57853	110.42	43.414	6.1037	56.426	3.1752e+05	0	1.292e+07	0	18.222	10458	4.894e+05	0	0	0	0	0	3.8819e+06	1.6831e+06	3.9806	1.7258	9.2156	-2.4662	14.804
213.87	3.0308	-0.68995	110.43	43.319	6.056	56.497	3.0906e+05	0	1.292e+07	0	18.421	10945	5.1746e+05	0	0	0	0	0	4.212e+06	1.8423e+06	4.1268	1.8051	9.3698	-2.7321	15.187
216.99	3.0843	-0.76977	110.43	43.197	6.0021	56.577	2.9967e+05	0	1.292e+07	0	18.655	11534	5.5062e+05	0	0	0	0	0	4.6124e+06	2.0378e+06	4.2885	1.8947	9.5417	-2.887	15.603
219.22	3.1226	-0.79891	110.43	43.102	5.9629	56.635	2.9294e+05	0	1.292e+07	0	18.835	11983	5.7561e+05	0	0	0	0	0	4.8831e+06	2.1718e+06	4.37	1.9436	9.6651	-2.9017	15.819
219.8	3.1325	-0.80281	110.43	43.077	5.9526	56.65	2.912e+05	0	1.292e+07	0	18.885	12103	5.8227e+05	0	0	0	0	0	4.9413e+06	2.2006e+06	4.3783	1.9499	9.6972	-2.9053	15.844
220.8	3.1497	-0.80662	110.43	43.033	5.9347	56.676	2.8818e+05	0	1.292e+07	0	18.972	12313	5.9391e+05	0	0	0	0	0	5.0422e+06	2.2507e+06	4.3914	1.9602	9.7526	-2.9416	15.885
222.89	3.1855	-0.80059	110.43	42.94	5.8971	56.732	2.8188e+05	0	1.292e+07	0	19.155	12763	6.1887e+05	0	0	0	0	0	5.2982e+06	2.3808e+06	4.4516	2.0004	9.8685	-3.0892	16.049
225.51	3.2302	-0.76407	110.43	42.825	5.8493	56.802	2.74e+05	0	1.292e+07	0	19.398	13340	6.5102e+05	0	0	0	0	0	5.6395e+06	2.5578e+06	4.5334	2.0561	10.013	-3.2358	16.264
227.95	3.2716	-0.70081	110.43	42.723	5.8042	56.868	2.6665e+05	0	1.292e+07	0	19.649	13885	6.8175e+05	0	0	0	0	0	5.9505e+06	2.7153e+06	4.5958	2.0971	10.147	-3.2728	16.43
229.56	3.2989	-0.64438	110.43	42.661	5.774	56.913	2.6181e+05	0	1.292e+07	0	19.823	14243	7.0232e+05	0	0	0	0	0	6.1314e+06	2.806e+06	4.6165	2.1127	10.235	-3.2635	16.492
229.96	3.3057	-0.62853	110.43	42.646	5.7664	56.924	2.6059e+05	0	1.292e+07	0	19.867	14333	7.0753e+05	0	0	0	0	0	6.1729e+06	2.8265e+06	4.6187	2.1149	10.257	-3.2671	16.5
230.96	3.3227	-0.5865	110.42	42.611	5.7474	56.952	2.5758e+05	0	1.2919e+07	0	19.979	14553	7.2046e+05	0	0	0	0	0	6.2775e+06	2.8787e+06	4.6258	2.1213	10.312	-3.31	16.525
233.06	3.358	-0.48497	110.42	42.545	5.7074	57.01	2.5127e+05	0	1.2919e+07	0	20.224	15005	7.4761e+05	0	0	0	0	0	6.5189e+06	3.0016e+06	4.6591	2.1453	10.425	-3.4734	16.62
235.67	3.4021	-0.33177	110.41	42.482	5.6568	57.084	2.4339e+05	0	1.2919e+07	0	20.543	15541	7.8148e+05	0	0	0	0	0	6.8066e+06	3.1491e+06	4.6966	2.1729	10.566	-3.6053	16.729
238.11	3.4431	-0.16454	110.4	42.446	5.6089	57.154	2.3605e+05	0	1.2919e+07	0	20.848	16001	8.1267e+05	0	0	0	0	0	7.0392e+06	3.2688e+06	4.7176	2.1907	10.695	-3.5926	16.797
239.72	3.4701	-0.042686	110.4	42.435	5.577	57.2	2.3121e+05	0	1.2919e+07	0	21.049	16277	8.3288e+05	0	0	0	0	0	7.1658e+06	3.334e+06	4.7211	2.1965	10.779	-3.5492	16.818
240.12	3.4769	-0.010742	110.4	42.435	5.5689	57.212	2.2999e+05	0	1.2919e+07	0	21.1	16342	8.379e+05	0	0	0	0	0	7.1951e+06	3.3491e+06	4.7214	2.1977	10.801	-3.5486	16.822
241.54	3.5008	0.10554	110.39	42.439	5.5404	57.254	2.2571e+05	0	1.2919e+07	0	21.28	16558	8.5533e+05	0	0	0	0	0	7.3028e+06	3.4058e+06	4.7296	2.2058	10.875	-3.5912	16.852
244.35	3.5481	0.35511	110.38	42.478	5.4833	57.337	2.1725e+05	0	1.2919e+07	0	21.645	16912	8.8854e+05	0	0	0	0	0	7.5145e+06	3.5212e+06	4.7649	2.2327	11.019	-3.6016	16.957
247.47	3.6006	0.65885	110.38	42.577	5.419	57.43	2.0786e+05	0	1.2919e+07	0	22.033	17174	9.2276e+05	0	0	0	0	0	7.6738e+06	3.613e+06	4.7918	2.2561	11.176	-3.1977	17.048
249.7	3.6384	0.88971	110.37	42.686	5.3723	57.498	2.0114e+05	0	1.292e+07	0	22.294	17265	9.4525e+05	0	0	0	0	0	7.7329e+06	3.6518e+06	4.8032	2.2683	11.287	-2.7907	17.093
250.28	3.6483	0.95116	110.37	42.72	5.3601	57.515	1.9939e+05	0	1.292e+07	0	22.359	17275	9.5078e+05	0	0	0	0	0	7.7416e+06	3.6588e+06	4.8059	2.2713	11.316	-2.7232	17.104
250.28	3.6483	0.95116	110.37	42.72	5.3601	57.515	1.9939e+05	0	4.8481e+06	0	14.816	17275	9.5078e+05	0	0	0	0	0	3.513e+06	1.3435e+06	0.44113	0.16871	11.316	-2.7232	17.104
250.97	3.6555	0.98246	110.37	42.762	5.3455	57.536	1.9863e+05	0	4.8482e+06	0	14.836	17237	9.5357e+05	0	0	0	0	0	3.5079e+06	1.3432e+06	0.44145	0.16903	11.335	-2.7009	17.117
252.34	3.6696	1.045	110.38	42.851	5.3165	57.578	1.9712e+05	0	4.8482e+06	0	14.882	17153	9.5882e+05	0	0	0	0	0	3.5039e+06	1.3463e+06	0.4431	0.17026	11.374	-2.6166	17.169
253.85	3.6854	1.1154	110.38	42.955	5.2842	57.625	1.9545e+05	0	4.8482e+06	0	14.929	17044	9.6419e+05	0	0	0	0	0	3.4972e+06	1.3491e+06	0.44508	0.1717	11.416	-2.5081	17.23
254.93	3.6967	1.1662	110.39	43.035	5.261	57.658	1.9426e+05	0	4.8482e+06	0	14.957	16955	9.6775e+05	0	0	0	0	0	3.4868e+06	1.3484e+06	0.44609	0.1725	11.446	-2.4439	17.263
255.21	3.6996	1.1795	110.39	43.056	5.2549	57.667	1.9395e+05	0	4.8482e+06	0	14.963	16931	9.6863e+05	0	0	0	0	0	3.4826e+06	1.3473e+06	0.4462	0.17262	11.454	-2.4378	17.268
255.9	3.7069	1.2118	110.39	43.11	5.2401	57.688	1.9319e+05	0	4.8482e+06	0	14.978	16869	9.7073e+05	0	0	0	0	0	3.4737e+06	1.3457e+06	0.44669	0.17304	11.473	-2.4279	17.285
257.27	3.7212	1.2762	110.4	43.22	5.2105	57.731	1.9168e+05	0	4.8483e+06	0	15.016	16736	9.7458e+05	0	0	0	0	0	3.464e+06	1.3475e+06	0.44899	0.17465	11.511	-2.3872	17.354
258.78	3.7372	1.3481	110.41	43.349	5.1776	57.778	1.9001e+05	0	4.8483e+06	0	15.054	16573	9.7837e+05	0	0	0	0	0	3.4511e+06	1.3488e+06	0.45171	0.17654	11.552	-2.3224	17.434
259.86	3.7487	1.3998	110.41	43.446	5.1539	57.812	1.8881e+05	0	4.8483e+06	0	15.075	16446	9.8077e+05	0	0	0	0	0	3.4353e+06	1.3463e+06	0.45311	0.17757	11.581	-2.2794	17.478
260.15	3.7516	1.4132	110.41	43.472	5.1477	57.821	1.885e+05	0	4.8483e+06	0	15.079	16412	9.8135e+05	0	0	0	0	0	3.4293e+06	1.3446e+06	0.45326	0.17772	11.589	-2.2754	17.484
260.84	3.759	1.4459	110.42	43.537	5.1326	57.842	1.8774e+05	0	4.8483e+06	0	15.089	16326	9.8271e+05	0	0	0	0	0	3.4163e+06	1.3414e+06	0.45391	0.17823	11.608	-2.2715	17.505
262.2	3.7735	1.5105	110.42	43.669	5.1025	57.885	1.8624e+05	0	4.8484e+06	0	15.118	16147	9.8508e+05	0	0	0	0	0	3.4002e+06	1.3413e+06	0.45679	0.18019	11.644	-2.2516	17.59
263.71	3.7898	1.5823	110.43	43.824	5.0689	57.933	1.8457e+05	0	4.8484e+06	0	15.148	15935	9.8722e+05	0	0	0	0	0	3.3801e+06	1.3403e+06	0.46014	0.18246	11.685	-2.2068	17.688
264.8	3.8014	1.6335	110.44	43.939	5.0448	57.968	1.8337e+05	0	4.8484e+06	0	15.162	15774	9.8844e+05	0	0	0	0	0	3.3586e+06	1.3357e+06	0.46187	0.18369	11.713	-2.1733	17.74
265.08	3.8045	1.6467	110.44	43.97	5.0385	57.977	1.8306e+05	0	4.8484e+06	0	15.164	15731	9.8871e+05	0	0	0	0	0	3.3508e+06	1.3333e+06	0.46206	0.18386	11.721	-2.1701	17.747
265.77	3.8119	1.6789	110.45	44.046	5.023	57.999	1.823e+05	0	4.8485e+06	0	15.17	15624	9.8931e+05	0	0	0	0	0	3.3336e+06	1.3285e+06	0.46282	0.18445	11.739	-2.1684	17.772
267.13	3.8268	1.7421	110.45	44.201	4.9923	58.042	1.8079e+05	0	4.8485e+06	0	15.191	15405	9.902e+05	0	0	0	0	0	3.3104e+06	1.3257e+06	0.46615	0.18668	11.775	-2.1557	17.869
268.65	3.8433	1.8118	110.46	44.381	4.9581	58.091	1.7912e+05	0	4.8485e+06	0	15.212	15150	9.9069e+05	0	0	0	0	0	3.2822e+06	1.3216e+06	0.46994	0.18923	11.815	-2.1166	17.979
269.73	3.8552	1.8612	110.47	44.515	4.9335	58.126	1.7793e+05	0	4.8486e+06	0	15.22	14961	9.9074e+05	0	0	0	0	0	3.255e+06	1.315e+06	0.47194	0.19066	11.843	-2.0855	18.037
270.01	3.8583	1.8739	110.47	44.551	4.9271	58.135	1.7762e+05	0	4.8486e+06	0	15.22	14911	9.9072e+05	0	0	0	0	0	3.2456e+06	1.312e+06	0.47216	0.19086	11.85	-2.0824	18.045
270.7	3.8659	1.9047	110.48	44.638	4.9113	58.157	1.7686e+05	0	4.8486e+06	0	15.222	14787	9.9059e+05	0	0	0	0	0	3.2246e+06	1.3058e+06	0.47304	0.19155	11.868	-2.0805	18.072
272.06	3.8811	1.9649	110.49	44.817	4.88	58.201	1.7535e+05	0	4.8486e+06	0	15.236	14536	9.9005e+05	0	0	0	0	0	3.1947e+06	1.301e+06	0.47676	0.19414	11.903	-2.0658	18.175
273.58	3.898	2.0307	110.5	45.022	4.8451	58.25	1.7368e+05	0	4.8487e+06	0	15.249	14249	9.8899e+05	0	0	0	0	0	3.159e+06	1.2944e+06	0.48092	0.19705	11.942	-2.0228	18.291
274.66	3.9101	2.077	110.51	45.174	4.8199	58.286	1.7249e+05	0	4.8487e+06	0	15.253	14038	9.8795e+05	0	0	0	0	0	3.1259e+06	1.2852e+06	0.48302	0.19859	11.97	-1.989	18.352
274.94	3.9133	2.0888	110.51	45.214	4.8134	58.295	1.7217e+05	0	4.8487e+06	0	15.252	13983	9.8765e+05	0	0	0	0	0	3.1151e+06	1.2814e+06	0.48325	0.19879	11.977	-1.9853	18.36
275.63	3.9211	2.1174	110.51	45.313	4.7973	58.318	1.7141e+05	0	4.8487e+06	0	15.253	13846	9.8684e+05	0	0	0	0	0	3.0904e+06	1.2734e+06	0.48414	0.1995	11.995	-1.9813	18.387
277	3.9366	2.1728	110.52	45.513	4.7654	58.362	1.6991e+05	0	4.8487e+06	0	15.262	13573	9.85e+05	0	0	0	0	0	3.0525e+06	1.2646e+06	0.48785	0.20211	12.029	-1.9572	18.492
278.51	3.954	2.2328	110.54	45.743	4.7297	58.412	1.6824e+05	0	4.8488e+06	0	15.271	13264	9.8255e+05	0	0	0	0	0	3.008e+06	1.2534e+06	0.49191	0.20498	12.068	-1.9019	18.606
279.59	3.9665	2.2744	110.55	45.912	4.7041	58.448	1.6704e+05	0	4.8488e+06	0	15.274	13041	9.8057e+05	0	0	0	0	0	2.9693e+06	1.2413e+06	0.49391	0.20647	12.095	-1.861	18.665
279.88	3.9698	2.285	110.55	45.956	4.6974	58.457	1.6673e+05	0	4.8488e+06	0	15.274	12982	9.8002e+05	0	0	0	0	0	2.9572e+06	1.2369e+06	0.49412	0.20667	12.103	-1.8563	18.673
280.36	3.9754	2.303	110.55	46.033	4.6858	58.474	1.662e+05	0	4.8488e+06	0	15.274	12881	9.7905e+05	0	0	0	0	0	2.9365e+06	1.2293e+06	0.49451	0.20702	12.115	-1.8531	18.686
281.38	3.9873	2.3398	110.56	46.197	4.6616	58.507	1.6507e+05	0	4.8489e+06	0	15.279	12669	9.7692e+05	0	0	0	0	0	2.8996e+06	1.2176e+06	0.49648	0.20848	12.141	-1.8385	18.744
282.65	4.0023	2.3842	110.57	46.406	4.6311	58.55	1.6367e+05	0	4.8489e+06	0	15.286	12402	9.7404e+05	0	0	0	0	0	2.8548e+06	1.2038e+06	0.49931	0.21055	12.173	-1.8084	18.826
283.83	4.0164	2.424	110.58	46.605	4.6026	58.589	1.6237e+05	0	4.8489e+06	0	15.294	12153	9.7116e+05	0	0	0	0	0	2.8106e+06	1.1895e+06	0.50167	0.21231	12.203	-1.7707	18.896
284.61	4.0257	2.4492	110.59	46.739	4.5837	58.616	1.6151e+05	0	4.8489e+06	0	15.298	11988	9.6916e+05	0	0	0	0	0	2.7774e+06	1.1775e+06	0.50256	0.21305	12.223	-1.7523	18.925
284.81	4.0281	2.4554	110.59	46.773	4.5789	58.622	1.6129e+05	0	4.8489e+06	0	15.299	11947	9.6864e+05	0	0	0	0	0	2.7684e+06	1.174e+06	0.50265	0.21316	12.228	-1.7505	18.929
285.29	4.0339	2.4705	110.6	46.857	4.5671	58.639	1.6075e+05	0	4.849e+06	0	15.302	11845	9.6737e+05	0	0	0	0	0	2.7467e+06	1.1658e+06	0.50302	0.21351	12.241	-1.7491	18.942
286.31	4.0462	2.5011	110.61	47.035	4.5424	58.673	1.5963e+05	0	4.849e+06	0	15.312	11634	9.6472e+05	0	0	0	0	0	2.7078e+06	1.1528e+06	0.5049	0.21495	12.268	-1.7424	18.999
287.58	4.0617	2.5378	110.62	47.261	4.5113	58.716	1.5823e+05	0	4.849e+06	0	15.329	11394	9.6224e+05	0	0	0	0	0	2.6657e+06	1.1406e+06	0.5075	0.21715	12.316	-1.7241	19.078
288.76	4.0763	2.5706	110.63	47.476	4.4821	58.756	1.5692e+05	0	4.849e+06	0	15.345	11169	9.5971e+05	0	0	0	0	0	2.6238e+06	1.1275e+06	0.50959	0.21899	12.36	-1.6975	19.143
289.54	4.086	2.5913	110.64	47.619	4.4628	58.783	1.5606e+05	0	4.8491e+06	0	15.356	11021	9.5796e+05	0	0	0	0	0	2.5926e+06	1.1165e+06	0.5103	0.21976	12.389	-1.6839	19.17
289.74	4.0884	2.5964	110.64	47.655	4.4579	58.789	1.5585e+05	0	4.8491e+06	0	15.359	10983	9.5751e+05	0	0	0	0	0	2.5841e+06	1.1133e+06	0.51036	0.21987	12.397	-1.6827	19.173
290.23	4.0945	2.6087	110.65	47.746	4.4459	58.806	1.5531e+05	0	4.8491e+06	0	15.366	10891	9.5638e+05	0	0	0	0	0	2.5637e+06	1.1057e+06	0.51063	0.22023	12.415	-1.6832	19.186
291.24	4.1072	2.6336	110.66	47.936	4.4205	58.841	1.5419e+05	0	4.8491e+06	0	15.384	10698	9.5394e+05	0	0	0	0	0	2.5262e+06	1.0934e+06	0.51221	0.22169	12.454	-1.6843	19.237
292.51	4.1233	2.663	110.67	48.178	4.3887	58.884	1.5279e+05	0	4.8491e+06	0	15.408	10459	9.5075e+05	0	0	0	0	0	2.4802e+06	1.0784e+06	0.51441	0.22367	12.502	-1.6785	19.308
293.7	4.1383	2.6888	110.69	48.406	4.3589	58.925	1.5148e+05	0	4.8491e+06	0	15.433	10236	9.4765e+05	0	0	0	0	0	2.4354e+06	1.0631e+06	0.5161	0.22529	12.548	-1.6643	19.365
294.48	4.1484	2.7048	110.7	48.558	4.3392	58.952	1.5062e+05	0	4.8492e+06	0	15.451	10090	9.4554e+05	0	0	0	0	0	2.403e+06	1.0511e+06	0.51662	0.22596	12.578	-1.6565	19.387
294.67	4.1509	2.7087	110.7	48.597	4.3342	58.959	1.504e+05	0	4.8492e+06	0	15.455	10053	9.45e+05	0	0	0	0	0	2.3945e+06	1.0477e+06	0.51665	0.22606	12.586	-1.6561	19.391
295.16	4.1572	2.718	110.7	48.692	4.3219	58.976	1.4987e+05	0	4.8492e+06	0	15.467	9962.9	9.4366e+05	0	0	0	0	0	2.3737e+06	1.0398e+06	0.51682	0.22638	12.605	-1.6589	19.401
296.17	4.1704	2.7367	110.72	48.893	4.296	59.011	1.4875e+05	0	4.8492e+06	0	15.494	9774.8	9.4081e+05	0	0	0	0	0	2.3345e+06	1.0258e+06	0.51806	0.22765	12.645	-1.6711	19.445
297.44	4.187	2.7582	110.73	49.148	4.2635	59.055	1.4734e+05	0	4.8492e+06	0	15.529	9541.6	9.3715e+05	0	0	0	0	0	2.2862e+06	1.0088e+06	0.51975	0.22934	12.696	-1.6839	19.504
298.63	4.2027	2.7764	110.74	49.388	4.233	59.096	1.4604e+05	0	4.8492e+06	0	15.566	9326.6	9.3365e+05	0	0	0	0	0	2.24e+06	9.9192e+05	0.52099	0.2307	12.743	-1.6883	19.552
299.41	4.2131	2.7875	110.75	49.547	4.2128	59.124	1.4518e+05	0	4.8493e+06	0	15.592	9186.3	9.3131e+05	0	0	0	0	0	2.2077e+06	9.7939e+05	0.52131	0.23127	12.775	-1.6894	19.57
299.6	4.2157	2.7901	110.76	49.587	4.2077	59.131	1.4496e+05	0	4.8493e+06	0	15.599	9151.1	9.3072e+05	0	0	0	0	0	2.1993e+06	9.7601e+05	0.52131	0.23135	12.783	-1.6903	19.573
299.6	4.2157	2.7901	110.76	49.587	4.2077	59.131	1.4496e+05	0	4.2027e+06	0	13.653	9151.1	9.3072e+05	0	0	0	0	0	2.1993e+06	9.7601e+05	0.52131	0.23135	12.783	-1.6903	19.573
300.19	4.2222	2.7975	110.76	49.707	4.1926	59.151	1.444e+05	0	4.2027e+06	0	13.657	9041.6	9.2805e+05	0	0	0	0	0	2.1743e+06	9.6613e+05	0.52163	0.23179	12.802	-1.7065	19.587
301.49	4.2368	2.8122	110.78	49.976	4.1586	59.197	1.4316e+05	0	4.2027e+06	0	13.669	8800.1	9.2205e+05	0	0	0	0	0	2.1247e+06	9.4812e+05	0.52372	0.23371	12.847	-1.7855	19.655
303.34	4.2578	2.8296	110.8	50.364	4.1099	59.263	1.4138e+05	0	4.2028e+06	0	13.693	8462.8	9.1345e+05	0	0	0	0	0	2.0568e+06	9.2394e+05	0.52721	0.23682	12.91	-1.9098	19.766
305.53	4.2831	2.8445	110.83	50.827	4.0519	59.341	1.3929e+05	0	4.2028e+06	0	13.731	8077.5	9.0328e+05	0	0	0	0	0	1.9762e+06	8.9413e+05	0.53071	0.24012	12.987	-2.0196	19.883
307.79	4.3095	2.8536	110.86	51.309	3.9915	59.421	1.3713e+05	0	4.2028e+06	0	13.784	7718.8	8.9423e+05	0	0	0	0	0	1.894e+06	8.6246e+05	0.53226	0.24238	13.088	-2.0636	19.958
309.84	4.3341	2.8564	110.89	51.752	3.936	59.495	1.3517e+05	0	4.2029e+06	0	13.843	7414.7	8.8669e+05	0	0	0	0	0	1.8183e+06	8.3197e+05	0.53196	0.2434	13.193	-2.0539	19.988
311.45	4.3535	2.8548	110.91	52.099	3.8924	59.553	1.3363e+05	0	4.2029e+06	0	13.897	7183.7	8.808e+05	0	0	0	0	0	1.7586e+06	8.0712e+05	0.53101	0.24372	13.276	-2.0343	19.993
312.41	4.3652	2.8523	110.92	52.307	3.8662	59.588	1.3272e+05	0	4.2029e+06	0	13.933	7048.3	8.7729e+05	0	0	0	0	0	1.7233e+06	7.9235e+05	0.53036	0.24385	13.326	-2.0286	19.994
312.64	4.3681	2.8515	110.92	52.357	3.8598	59.596	1.3249e+05	0	4.2029e+06	0	13.942	7015.9	8.7645e+05	0	0	0	0	0	1.7149e+06	7.8882e+05	0.5302	0.24389	13.339	-2.0295	19.994
313.92	4.384	2.8459	110.94	52.636	3.8244	59.643	1.3127e+05	0	4.2029e+06	0	13.993	6838.5	8.7177e+05	0	0	0	0	0	1.6692e+06	7.6982e+05	0.52948	0.24419	13.407	-2.0712	20.008
316.61	4.4178	2.828	110.98	53.221	3.7498	59.741	1.287e+05	0	4.2029e+06	0	14.114	6480.3	8.621e+05	0	0	0	0	0	1.5758e+06	7.3044e+05	0.52747	0.2445	13.552	-2.1952	20.045
319.96	4.4611	2.7942	111.03	53.952	3.6552	59.865	1.2549e+05	0	4.203e+06	0	14.285	6057.2	8.5033e+05	0	0	0	0	0	1.4657e+06	6.8387e+05	0.5249	0.24491	13.738	-2.2086	20.061
323.09	4.5025	2.7523	111.07	54.631	3.5658	59.982	1.225e+05	0	4.203e+06	0	14.464	5687.9	8.3976e+05	0	0	0	0	0	1.3699e+06	6.4319e+05	0.52244	0.24529	13.916	-2.072	20.045
325.15	4.5304	2.7197	111.11	55.075	3.506	60.059	1.2052e+05	0	4.203e+06	0	14.593	5457.7	8.3305e+05	0	0	0	0	0	1.3125e+06	6.1803e+05	0.52166	0.24564	14.036	-1.9724	20.019
325.67	4.5375	2.711	111.11	55.187	3.4909	60.079	1.2003e+05	0	4.203e+06	0	14.628	5401.4	8.314e+05	0	0	0	0	0	1.2997e+06	6.12e+05	0.52198	0.24578	14.066	-1.9642	20.016
326.96	4.5551	2.6887	111.14	55.462	3.4533	60.127	1.188e+05	0	4.203e+06	0	14.716	5264.8	8.2738e+05	0	0	0	0	0	1.2688e+06	5.9738e+05	0.52277	0.24613	14.142	-1.9661	20.014
329.64	4.5925	2.6387	111.18	56.033	3.3739	60.229	1.1623e+05	0	4.2031e+06	0	14.906	4992.1	8.1929e+05	0	0	0	0	0	1.206e+06	5.6744e+05	0.52402	0.24657	14.303	-1.9504	19.989
333	4.6404	2.5697	111.24	56.737	3.2732	60.358	1.1302e+05	0	4.2031e+06	0	15.166	4674.7	8.0984e+05	0	0	0	0	0	1.1258e+06	5.2753e+05	0.52239	0.24479	14.507	-1.825	19.889
336.13	4.686	2.499	111.29	57.382	3.1778	60.479	1.1003e+05	0	4.2031e+06	0	15.424	4401.8	8.0179e+05	0	0	0	0	0	1.0526e+06	4.9028e+05	0.51873	0.24161	14.702	-1.6044	19.74
338.19	4.7168	2.4492	111.33	57.8	3.1141	60.559	1.0806e+05	0	4.2031e+06	0	15.598	4233.5	7.9691e+05	0	0	0	0	0	1.0087e+06	4.682e+05	0.51683	0.2399	14.833	-1.4781	19.655
338.71	4.7246	2.4364	111.34	57.905	3.0979	60.58	1.0756e+05	0	4.2031e+06	0	15.641	4192.6	7.9574e+05	0	0	0	0	0	9.986e+05	4.6328e+05	0.51667	0.2397	14.866	-1.4642	19.642
339.44	4.7356	2.418	111.35	58.052	3.075	60.608	1.0686e+05	0	4.2031e+06	0	15.701	4135.7	7.9412e+05	0	0	0	0	0	9.8512e+05	4.5682e+05	0.5167	0.23961	14.913	-1.4585	19.631
341.06	4.7602	2.3769	111.39	58.372	3.0242	60.672	1.0531e+05	0	4.2031e+06	0	15.84	4014.1	7.9071e+05	0	0	0	0	0	9.5393e+05	4.4131e+05	0.5155	0.23848	15.018	-1.4383	19.573
343.3	4.7949	2.3178	111.43	58.812	2.9529	60.761	1.0317e+05	0	4.2031e+06	0	16.041	3853.7	7.8636e+05	0	0	0	0	0	9.1008e+05	4.1897e+05	0.51227	0.23583	15.165	-1.4	19.451
345.84	4.8347	2.2485	111.48	59.299	2.8714	60.862	1.0074e+05	0	4.2032e+06	0	16.277	3684.3	7.8202e+05	0	0	0	0	0	8.6081e+05	3.9334e+05	0.50682	0.23159	15.332	-1.3251	19.269
348.28	4.8736	2.1794	111.53	59.756	2.792	60.96	98408	0	4.2032e+06	0	16.51	3532.5	7.7844e+05	0	0	0	0	0	8.153e+05	3.695e+05	0.50065	0.2269	15.496	-1.2321	19.071
350.25	4.9056	2.122	111.57	60.117	2.727	61.04	96524	0	4.2032e+06	0	16.699	3417.6	7.76e+05	0	0	0	0	0	7.818e+05	3.5235e+05	0.49623	0.22364	15.63	-1.16	18.924
351.45	4.9253	2.0865	111.6	60.334	2.687	61.089	95375	0	4.2032e+06	0	16.811	3350.7	7.747e+05	0	0	0	0	0	7.6421e+05	3.4375e+05	0.49475	0.22254	15.712	-1.1337	18.866
351.74	4.9301	2.0778	111.6	60.387	2.6772	61.101	95095	0	4.2032e+06	0	16.837	3334.7	7.7441e+05	0	0	0	0	0	7.6046e+05	3.4199e+05	0.49467	0.22246	15.732	-1.1317	18.859
352.69	4.9458	2.0495	111.62	60.556	2.6453	61.14	94184	0	4.2032e+06	0	16.925	3283.8	7.7352e+05	0	0	0	0	0	7.4784e+05	3.3595e+05	0.494	0.22192	15.798	-1.1315	18.826
354.75	4.9802	1.9878	111.67	60.915	2.5758	61.224	92218	0	4.2032e+06	0	17.126	3178.9	7.7193e+05	0	0	0	0	0	7.1708e+05	3.2038e+05	0.48931	0.21862	15.94	-1.1318	18.671
357.49	5.0267	1.904	111.73	61.382	2.4818	61.338	89593	0	4.2032e+06	0	17.405	3048.9	7.7054e+05	0	0	0	0	0	6.7472e+05	2.9835e+05	0.48004	0.21227	16.133	-1.1074	18.388
360.38	5.0767	1.814	111.79	61.855	2.3811	61.458	86830	0	4.2032e+06	0	17.709	2923.9	7.7003e+05	0	0	0	0	0	6.3127e+05	2.7545e+05	0.46833	0.20435	16.338	-1.0362	18.042
362.84	5.12	1.7361	111.85	62.244	2.294	61.562	84475	0	4.2032e+06	0	17.966	2826.5	7.7041e+05	0	0	0	0	0	5.9861e+05	2.5899e+05	0.4594	0.19876	16.515	-0.95933	17.77
364.39	5.1476	1.6869	111.89	62.481	2.2386	61.628	82994	0	4.2032e+06	0	18.123	2769.4	7.7103e+05	0	0	0	0	0	5.8187e+05	2.5089e+05	0.45577	0.19652	16.627	-0.92414	17.651
364.77	5.1545	1.6747	111.9	62.539	2.2249	61.644	82629	0	4.2032e+06	0	18.16	2755.7	7.7123e+05	0	0	0	0	0	5.7861e+05	2.4941e+05	0.45546	0.19632	16.655	-0.92152	17.638
365.73	5.1716	1.6446	111.92	62.681	2.1905	61.685	81718	0	4.2032e+06	0	18.255	2722.6	7.7181e+05	0	0	0	0	0	5.7025e+05	2.4553e+05	0.45434	0.19563	16.724	-0.92064	17.595
367.78	5.2089	1.5797	111.97	62.982	2.1156	61.773	79752	0	4.2032e+06	0	18.47	2654.7	7.7345e+05	0	0	0	0	0	5.4824e+05	2.3468e+05	0.44798	0.19177	16.875	-0.91918	17.399
370.53	5.2595	1.4929	112.04	63.367	2.0141	61.891	77127	0	4.2032e+06	0	18.769	2571.8	7.7651e+05	0	0	0	0	0	5.1756e+05	2.1923e+05	0.43654	0.18492	17.078	-0.90021	17.064
373.42	5.3138	1.4015	112.11	63.752	1.9054	62.017	74363	0	4.2032e+06	0	19.088	2493.6	7.8086e+05	0	0	0	0	0	4.8686e+05	2.0409e+05	0.42352	0.17754	17.293	-0.84698	16.678
375.88	5.3607	1.3239	112.18	64.065	1.8112	62.126	72008	0	4.2032e+06	0	19.36	2434	7.8552e+05	0	0	0	0	0	4.6436e+05	1.9319e+05	0.41384	0.17218	17.479	-0.79074	16.388
377.43	5.3906	1.2756	112.22	64.254	1.7513	62.194	70528	0	4.2032e+06	0	19.528	2399.7	7.889e+05	0	0	0	0	0	4.5346e+05	1.8811e+05	0.40991	0.17004	17.596	-0.76539	16.265
377.81	5.398	1.2637	112.23	64.299	1.7364	62.211	70162	0	4.2032e+06	0	19.568	2391.6	7.8979e+05	0	0	0	0	0	4.5153e+05	1.8727e+05	0.40955	0.16986	17.625	-0.76372	16.251
378.76	5.4166	1.2343	112.25	64.412	1.6992	62.254	69252	0	4.2032e+06	0	19.669	2372	7.921e+05	0	0	0	0	0	4.4638e+05	1.8498e+05	0.40822	0.16916	17.697	-0.76464	16.204
380.82	5.457	1.1718	112.31	64.646	1.6181	62.346	67286	0	4.2033e+06	0	19.9	2332.5	7.9754e+05	0	0	0	0	0	4.3144e+05	1.7784e+05	0.40123	0.16539	17.855	-0.7716	15.995
383.56	5.5119	1.0882	112.39	64.943	1.5081	62.47	64661	0	4.2033e+06	0	20.348	2286.1	8.0593e+05	0	0	0	0	0	3.9667e+05	1.4021e+05	0.37638	0.13304	18.067	-0.7723	15.649
386.45	5.5709	1.0002	112.47	65.235	1.3902	62.601	61897	0	4.2033e+06	0	20.711	2244.8	8.1625e+05	0	0	0	0	0	3.7285e+05	1.2604e+05	0.3603	0.1218	18.292	-0.75146	15.264
388.91	5.622	0.92666	112.54	65.466	1.288	62.715	59542	0	4.2033e+06	0	21	2215.2	8.2618e+05	0	0	0	0	0	3.5782e+05	1.1999e+05	0.35039	0.1175	18.486	-0.72679	14.983
390.46	5.6545	0.8812	112.59	65.604	1.2229	62.786	58062	0	4.2033e+06	0	21.18	2199.2	8.3298e+05	0	0	0	0	0	3.5105e+05	1.1748e+05	0.34626	0.11588	18.609	-0.71675	14.865
390.84	5.6626	0.87015	112.6	65.637	1.2067	62.804	57696	0	4.2033e+06	0	21.224	2195.5	8.3473e+05	0	0	0	0	0	3.4999e+05	1.1713e+05	0.34579	0.11573	18.639	-0.71696	14.852
392.67	5.7013	0.81814	112.66	65.79	1.129	62.889	55954	0	4.2033e+06	0	21.44	2179.8	8.4341e+05	0	0	0	0	0	3.4197e+05	1.1411e+05	0.34031	0.11355	18.784	-0.73594	14.695
396.27	5.7791	0.71772	112.77	66.067	0.9725	63.059	52505	0	4.2033e+06	0	21.895	2156.2	8.6249e+05	0	0	0	0	0	3.1851e+05	1.0454e+05	0.32043	0.10517	19.073	-0.78859	14.125
400.27	5.8674	0.6099	112.9	66.336	0.79446	63.25	48681	0	4.2033e+06	0	22.41	2141.7	8.8672e+05	0	0	0	0	0	2.9581e+05	95736	0.29961	0.096965	19.396	-0.79424	13.508
403.13	5.932	0.53577	112.99	66.505	0.66391	63.389	45942	0	4.2033e+06	0	22.783	2138.7	9.062e+05	0	0	0	0	0	2.8454e+05	91523	0.2886	0.092829	19.63	-0.78065	13.18
403.88	5.9489	0.51701	113.02	66.546	0.62956	63.425	45230	0	4.2033e+06	0	22.878	2138.9	9.1156e+05	0	0	0	0	0	2.8323e+05	91103	0.28725	0.092393	19.691	-0.78158	13.14
405.7	5.9907	0.47228	113.08	66.64	0.54474	63.514	43488	0	4.2033e+06	0	23.117	2141.1	9.2521e+05	0	0	0	0	0	2.7912e+05	89662	0.28279	0.090839	19.841	-0.80766	13.008
409.31	6.0747	0.38765	113.2	66.803	0.37362	63.692	40039	0	4.2033e+06	0	23.611	2152.5	9.5453e+05	0	0	0	0	0	2.6559e+05	84976	0.26765	0.085636	20.139	-0.91208	12.537
413.3	6.1701	0.29966	113.35	66.949	0.17871	63.892	36215	0	4.2033e+06	0	24.176	2175.9	9.9083e+05	0	0	0	0	0	2.5354e+05	80797	0.25276	0.080549	20.474	-1.0268	12.075
416.17	6.2397	0.24113	113.45	67.033	0.035603	64.037	33476	0	4.2033e+06	0	24.586	2199.6	1.0194e+06	0	0	0	0	0	2.4935e+05	79614	0.2459	0.078513	20.716	-1.0948	11.858
416.91	6.258	0.22662	113.48	67.052	-0.0020739	64.075	32764	0	4.2033e+06	0	24.693	2206.7	1.0272e+06	0	0	0	0	0	2.4941e+05	79732	0.24517	0.078378	20.779	-1.1111	11.835
418.2	6.2898	0.20239	113.53	67.082	-0.067571	64.141	31535	0	4.2033e+06	0	24.879	2219.8	1.041e+06	0	0	0	0	0	2.494e+05	79900	0.24371	0.078078	20.888	-1.1589	11.789
420.88	6.357	0.1547	113.64	67.135	-0.20651	64.279	28967	0	4.2033e+06	0	25.28	2250.9	1.0714e+06	0	0	0	0	0	2.4718e+05	79462	0.23821	0.076576	21.118	-1.3977	11.613
424.24	6.4425	0.10068	113.77	67.183	-0.38412	64.454	25758	0	4.2033e+06	0	25.796	2296.6	1.1123e+06	0	0	0	0	0	2.4577e+05	79395	0.23213	0.07499	21.409	-1.83	11.419
427.37	6.5238	0.05641	113.9	67.21	-0.55371	64.619	22766	0	4.2033e+06	0	26.288	2345.9	1.1534e+06	0	0	0	0	0	2.4762e+05	80465	0.22897	0.074404	21.683	-2.3125	11.32
429.43	6.5783	0.030738	113.98	67.22	-0.66775	64.729	20794	0	4.2033e+06	0	26.619	2381.8	1.1822e+06	0	0	0	0	0	2.5083e+05	81884	0.22844	0.074574	21.865	-2.5858	11.306
429.95	6.5921	0.024751	114.01	67.222	-0.69673	64.757	20298	0	4.2033e+06	0	26.703	2391.3	1.1896e+06	0	0	0	0	0	2.5168e+05	82254	0.2283	0.074614	21.911	-2.6349	11.302
429.95	6.5921	0.024751	114.01	67.222	-0.69673	64.757	20298	0	0	0	1.7114	2391.3	1.1896e+06	0	0	0	0	0	2.5168e+05	82254	0.2283	0.074614	21.911	-2.6349	11.302
436.74	6.5884	-0.05709	114.29	67.21	-1.0818	65.121	20298	0	0	0	1.7903	2392.8	1.1886e+06	0	0	0	0	0	2.638e+05	86534	0.23915	0.078447	21.897	-6.3252	11.655
452.28	6.578	-0.19437	114.95	66.968	-1.998	65.948	20298	0	0	0	2.7428	2466.6	1.2029e+06	0	0	0	0	0	4.0136e+05	1.4322e+05	0.35297	0.12596	21.83	-18.473	15.093
475.45	6.5471	-0.20058	115.79	66.405	-3.4572	67.171	20298	0	0	0	4.5028	2641.5	1.2329e+06	0	0	0	0	0	6.439e+05	2.7126e+05	0.52877	0.22276	21.652	-34.284	19.935
504.67	6.4932	-0.1375	116.7	65.861	-5.4537	68.692	20298	0	0	0	4.8006	2799.8	1.2479e+06	0	0	0	0	0	6.8579e+05	2.8877e+05	0.53134	0.22373	21.402	-42.338	20.208
537.94	6.4331	-0.146	117.91	65.339	-7.9662	70.393	20298	0	0	0	4.8771	2951.3	1.2571e+06	0	0	0	0	0	6.9871e+05	2.8853e+05	0.51355	0.21207	21.137	-42.528	19.526
573.01	6.3648	-0.12654	119.44	64.789	-10.953	72.146	20298	0	0	0	5.3378	3112.7	1.2631e+06	0	0	0	0	0	7.6285e+05	3.1932e+05	0.53162	0.22253	20.843	-43.879	20.141
607.47	6.2931	-0.0992	121.29	64.366	-14.308	73.822	20298	0	0	0	5.5259	3221.6	1.2555e+06	0	0	0	0	0	7.8976e+05	3.2957e+05	0.53177	0.22191	20.556	-43.741	20.044
638.99	6.2258	-0.083037	123.41	64.053	-17.84	75.307	20298	0	0	0	5.6409	3288.3	1.2407e+06	0	0	0	0	0	8.0633e+05	3.3556e+05	0.5319	0.22136	20.298	-44.408	20.343
665.41	6.1694	-0.096188	125.6	63.809	-21.231	76.509	20298	0	0	0	5.532	3335.9	1.2266e+06	0	0	0	0	0	7.9294e+05	3.2411e+05	0.51562	0.21075	20.085	-43.49	19.566
684.93	6.1315	-0.13979	127.58	63.566	-24.051	77.368	20298	0	0	0	4.9842	3403.7	1.2234e+06	0	0	0	0	0	7.2082e+05	2.7708e+05	0.45938	0.17658	19.932	-41.53	18.065
696.23	6.1121	-0.18337	128.91	63.374	-25.828	77.851	20298	0	0	0	5.0291	3469.6	1.2272e+06	0	0	0	0	0	7.2816e+05	2.7837e+05	0.45525	0.17404	19.847	-38.202	17.952
698.93	6.1072	-0.18603	129.24	63.319	-26.269	77.965	20298	0	0	0	5.0794	3489.5	1.2287e+06	0	0	0	0	0	7.3534e+05	2.8149e+05	0.45711	0.17498	19.824	-38.157	18.002
705.72	6.0948	-0.19702	130.12	63.18	-27.413	78.249	20298	0	0	0	5.2731	3540.2	1.2324e+06	0	0	0	0	0	7.6236e+05	2.95e+05	0.46713	0.18076	19.768	-38.755	18.27
721.26	6.0635	-0.20007	132.24	62.849	-30.208	78.883	20298	0	0	0	5.8354	3660.6	1.2401e+06	0	0	0	0	0	8.4009e+05	3.3517e+05	0.49782	0.19862	19.628	-41.224	19.09
744.43	6.0119	-0.18363	135.81	62.38	-34.886	79.779	20298	0	0	0	6.2183	3827.8	1.2461e+06	0	0	0	0	0	8.9409e+05	3.5919e+05	0.50667	0.20355	19.407	-43.729	19.321
773.65	5.9445	-0.18207	141.24	61.831	-41.804	80.811	20298	0	0	0	6.3604	4021.7	1.248e+06	0	0	0	0	0	9.1656e+05	3.6201e+05	0.49437	0.19526	19.128	-44.618	18.992
806.92	5.8662	-0.18112	149	61.197	-51.323	81.815	20298	0	0	0	6.718	4252.9	1.249e+06	0	0	0	0	0	9.6856e+05	3.8087e+05	0.49401	0.19426	18.807	-44.741	18.978
841.99	5.7789	-0.15066	159.14	60.608	-63.419	82.614	20298	0	0	0	6.9076	4453.2	1.2394e+06	0	0	0	0	0	9.9725e+05	3.8712e+05	0.48578	0.18857	18.464	-44.474	18.753
876.45	5.6959	-0.15937	170.9	60.083	-77.11	83.073	20298	0	0	0	6.9236	4627.5	1.2265e+06	0	0	0	0	0	1.0024e+06	3.8067e+05	0.46991	0.17844	18.144	-44.379	18.324
907.97	5.6103	-0.14879	182.31	59.591	-90.37	83.167	20298	0	0	0	7.5272	4780.3	1.2085e+06	0	0	0	0	0	1.067e+06	4.696e+05	0.48417	0.21309	17.822	-44.189	18.142
934.39	5.5331	-0.16627	191.59	59.212	-101.2	83.008	20298	0	0	0	6.7663	4878.8	1.1867e+06	0	0	0	0	0	9.6591e+05	4.0704e+05	0.42946	0.18098	17.539	-42.541	16.795
953.91	5.4877	-0.28932	198.08	58.799	-108.69	82.762	20298	0	0	0	6.0068	5056.2	1.1878e+06	0	0	0	0	0	8.6502e+05	3.4644e+05	0.37111	0.14863	17.354	-39.195	15.236
965.21	5.4626	-0.36435	201.61	58.442	-112.75	82.575	20298	0	0	0	6.1013	5240.1	1.1979e+06	0	0	0	0	0	8.8014e+05	3.4982e+05	0.36434	0.14481	17.24	-36.562	15.063
967.91	5.4568	-0.37868	202.42	58.347	-113.69	82.526	20298	0	0	0	6.2111	5291.5	1.2012e+06	0	0	0	0	0	8.9573e+05	3.5695e+05	0.36719	0.14633	17.213	-36.348	15.146
973.71	5.4435	-0.40071	204.11	58.132	-115.67	82.415	20298	0	0	0	6.498	5409.7	1.2084e+06	0	0	0	0	0	9.3621e+05	3.7586e+05	0.3754	0.15071	17.15	-36.656	15.384
987.02	5.4096	-0.40866	207.72	57.615	-119.97	82.133	20298	0	0	0	7.3245	5698.3	1.2245e+06	0	0	0	0	0	1.0518e+06	4.3149e+05	0.40038	0.16426	16.995	-38.496	16.104
1007	5.3524	-0.35831	212.42	56.892	-125.86	81.651	20298	0	0	0	7.8196	6101.3	1.2397e+06	0	0	0	0	0	1.1225e+06	4.5947e+05	0.39909	0.16336	16.748	-40.605	16.107
1032.6	5.2797	-0.33355	217.4	56.085	-132.43	80.958	20298	0	0	0	7.7298	6555.2	1.2495e+06	0	0	0	0	0	1.1143e+06	4.419e+05	0.36873	0.14623	16.447	-41.437	15.296
1062.2	5.1956	-0.3201	221.94	55.191	-138.89	80.074	20298	0	0	0	8.0946	7077.8	1.2563e+06	0	0	0	0	0	1.1689e+06	4.5676e+05	0.35824	0.13999	16.107	-41.447	15.043
1094.1	5.1037	-0.28042	225.66	54.335	-144.73	79.059	20298	0	0	0	8.0754	7572.2	1.2527e+06	0	0	0	0	0	1.1702e+06	4.4391e+05	0.33523	0.12717	15.749	-40.502	14.407
1126.5	5.0129	-0.26393	228.49	53.554	-149.73	77.988	20298	0	0	0	8.2515	8020.7	1.2427e+06	0	0	0	0	0	1.1982e+06	4.4622e+05	0.32406	0.12068	15.405	-39.846	14.112
1157.4	4.9234	-0.20031	230.46	52.922	-153.84	76.944	20298	0	0	0	8.4312	8339.3	1.2212e+06	0	0	0	0	0	1.2254e+06	4.5115e+05	0.31876	0.11735	15.079	-38.944	13.988
1185.2	4.8465	-0.19608	231.83	52.478	-157.08	76.002	20298	0	0	0	7.9534	8515.3	1.1948e+06	0	0	0	0	0	1.1605e+06	4.1329e+05	0.29562	0.10528	14.809	-37.902	13.281
1208.1	4.7888	-0.29099	232.79	52.021	-159.51	75.221	20298	0	0	0	7.4534	8771.3	1.1833e+06	0	0	0	0	0	1.0927e+06	3.7521e+05	0.27022	0.092792	14.598	-36.417	12.468
1224.9	4.7511	-0.42069	233.45	51.531	-161.16	74.65	20298	0	0	0	6.9848	9142.9	1.1887e+06	0	0	0	0	0	1.0289e+06	3.4055e+05	0.24411	0.080798	14.446	-33.962	11.594
1234.6	4.7304	-0.49344	233.81	51.162	-162.06	74.321	20298	0	0	0	7.3736	9460.4	1.1983e+06	0	0	0	0	0	1.0862e+06	3.6074e+05	0.24905	0.082714	14.355	-32.372	11.772
1236.9	4.7251	-0.49968	233.89	51.068	-162.28	74.243	20298	0	0	0	7.487	9542	1.2007e+06	0	0	0	0	0	1.1027e+06	3.667e+05	0.25068	0.083362	14.332	-32.269	11.83
1243.7	4.7093	-0.51403	234.11	50.784	-162.89	74.011	20298	0	0	0	7.7929	9817.8	1.2096e+06	0	0	0	0	0	1.1475e+06	3.8231e+05	0.25354	0.084471	14.279	-32.636	11.933
1259.2	4.6699	-0.48178	234.47	50.14	-164.25	73.483	20298	0	0	0	8.6011	10472	1.228e+06	0	0	0	0	0	1.2648e+06	4.2523e+05	0.26199	0.088084	14.16	-34.359	12.228
1282.4	4.6068	-0.36458	234.72	49.352	-166.16	72.702	20298	0	0	0	8.8442	11257	1.2381e+06	0	0	0	0	0	1.3021e+06	4.2883e+05	0.25092	0.082637	13.968	-36.24	11.857
1311.6	4.5297	-0.31578	234.8	48.575	-168.41	71.729	20298	0	0	0	8.7635	12004	1.2351e+06	0	0	0	0	0	1.2937e+06	4.1281e+05	0.23378	0.074594	13.735	-37.428	11.222
1344.9	4.4412	-0.25296	234.58	47.82	-170.79	70.641	20298	0	0	0	9.1268	12694	1.2197e+06	0	0	0	0	0	1.3487e+06	4.2378e+05	0.23047	0.072419	13.466	-37.149	11.066
1379.9	4.3482	-0.17592	234.17	47.254	-173.14	69.523	20298	0	0	0	8.9529	13070	1.1851e+06	0	0	0	0	0	1.325e+06	4.0714e+05	0.21992	0.067573	13.184	-35.925	10.645
1414.4	4.2586	-0.14544	233.62	46.844	-175.32	68.453	20298	0	0	0	9.0664	13224	1.1423e+06	0	0	0	0	0	1.3427e+06	4.0865e+05	0.22026	0.067036	12.923	-35.74	10.617
1445.9	4.1775	-0.14954	233	46.511	-177.21	67.502	20298	0	0	0	8.8334	13320	1.1021e+06	0	0	0	0	0	1.3101e+06	3.9209e+05	0.21336	0.063855	12.699	-34.411	10.335
1472.3	4.1129	-0.20423	232.53	46.185	-178.73	66.723	20298	0	0	0	8.5556	13503	1.0748e+06	0	0	0	0	0	1.2712e+06	3.7343e+05	0.20422	0.059991	12.524	-32.158	9.9791
1491.9	4.0694	-0.33773	232.27	45.822	-179.82	66.158	20298	0	0	0	7.6305	13897	1.0668e+06	0	0	0	0	0	1.1374e+06	3.2451e+05	0.17753	0.050653	12.415	-29.415	8.9592
1503.2	4.0467	-0.46314	232.2	45.502	-180.44	65.835	20298	0	0	0	8.0798	14365	1.0722e+06	0	0	0	0	0	1.2048e+06	3.4449e+05	0.18193	0.052018	12.366	-27.555	9.1186
1505.9	4.0406	-0.46605	232.17	45.411	-180.58	65.758	20298	0	0	0	8.4139	14503	1.0741e+06	0	0	0	0	0	1.2541e+06	3.6047e+05	0.18756	0.053914	12.354	-27.372	9.3278
1511.7	4.0271	-0.45418	232.09	45.221	-180.89	65.593	20298	0	0	0	8.9702	14791	1.0773e+06	0	0	0	0	0	1.336e+06	3.8667e+05	0.19593	0.056706	12.325	-27.391	9.637
1525	3.9933	-0.33063	231.84	44.853	-181.6	65.217	20298	0	0	0	9.467	15312	1.0773e+06	0	0	0	0	0	1.4089e+06	4.0787e+05	0.1996	0.057782	12.245	-27.934	9.7626
1545	3.9437	-0.21673	231.41	44.491	-182.64	64.661	20298	0	0	0	8.9088	15708	1.0635e+06	0	0	0	0	0	1.3274e+06	3.7615e+05	0.1833	0.051944	12.116	-28.877	9.1311
1570.5	3.8828	-0.19021	230.83	44.138	-183.93	63.967	20298	0	0	0	9.0289	16002	1.0397e+06	0	0	0	0	0	1.3458e+06	3.7843e+05	0.18244	0.0513	11.952	-28.991	9.0735
1600.1	3.8116	-0.1416	230.06	43.809	-185.39	63.183	20298	0	0	0	9.0027	16152	1.0057e+06	0	0	0	0	0	1.3426e+06	3.737e+05	0.18031	0.050189	11.753	-28.701	8.9613
1632	3.7356	-0.13422	229.16	43.527	-186.91	62.363	20298	0	0	0	9.0871	16147	9.6489e+05	0	0	0	0	0	1.3558e+06	3.7454e+05	0.18215	0.050317	11.536	-28.504	8.9982
1664.4	3.6584	-0.12263	228.19	43.255	-188.41	61.56	20298	0	0	0	9.0258	16096	9.2301e+05	0	0	0	0	0	1.3475e+06	3.6889e+05	0.1816	0.049713	11.314	-27.246	8.9408
1695.4	3.5859	-0.13033	227.3	43.014	-189.81	60.818	20298	0	0	0	9.0228	16004	8.8334e+05	0	0	0	0	0	1.3478e+06	3.6616e+05	0.18269	0.04963	11.104	-25.64	8.9498
1723.2	3.5217	-0.14441	226.54	42.776	-191.03	60.174	20298	0	0	0	8.8313	15968	8.5027e+05	0	0	0	0	0	1.3202e+06	3.5529e+05	0.17935	0.048266	10.92	-23.856	8.7886
1746.1	3.471	-0.221	226	42.538	-192.02	59.657	20298	0	0	0	8.5207	16048	8.2742e+05	0	0	0	0	0	1.2752e+06	3.3959e+05	0.17236	0.045902	10.776	-21.841	8.4911
1762.9	3.4366	-0.38554	225.7	42.238	-192.73	59.285	20298	0	0	0	7.83	16424	8.2017e+05	0	0	0	0	0	1.174e+06	3.0852e+05	0.15505	0.040748	10.687	-20.254	7.7877
1772.5	3.4179	-0.5074	225.56	41.981	-193.13	59.074	20298	0	0	0	8.5811	16857	8.2164e+05	0	0	0	0	0	1.2869e+06	3.3909e+05	0.1656	0.043635	10.644	-19.241	8.2039
1774.8	3.4128	-0.50108	225.52	41.909	-193.23	59.024	20298	0	0	0	8.8731	16982	8.2217e+05	0	0	0	0	0	1.3303e+06	3.5153e+05	0.16993	0.044903	10.632	-19.166	8.3719
1780.6	3.3997	-0.46709	225.4	41.74	-193.47	58.898	20298	0	0	0	9.4412	17267	8.2253e+05	0	0	0	0	0	1.4146e+06	3.7544e+05	0.17771	0.047165	10.601	-19.16	8.6727
1794	3.3677	-0.2999	225.07	41.439	-194.02	58.612	20298	0	0	0	9.6232	17697	8.1672e+05	0	0	0	0	0	1.4412e+06	3.8092e+05	0.17665	0.04669	10.518	-19.526	8.6174
1814	3.3214	-0.18144	224.58	41.175	-194.83	58.191	20298	0	0	0	9.0484	17888	7.9813e+05	0	0	0	0	0	1.3558e+06	3.5304e+05	0.16441	0.042813	10.389	-20.06	8.1155
1839.5	3.2642	-0.15055	223.93	40.935	-195.84	57.666	20298	0	0	0	9.1105	17891	7.7028e+05	0	0	0	0	0	1.3654e+06	3.5339e+05	0.16555	0.042847	10.224	-19.848	8.1331
1869.1	3.1981	-0.12535	223.16	40.706	-196.99	57.078	20298	0	0	0	9.0122	17758	7.3591e+05	0	0	0	0	0	1.3512e+06	3.467e+05	0.16506	0.04235	10.029	-18.881	8.0822
1901	3.1276	-0.11231	222.38	40.499	-198.2	56.465	20298	0	0	0	9.0785	17505	6.9799e+05	0	0	0	0	0	1.3616e+06	3.4712e+05	0.16873	0.043014	9.8192	-17.348	8.1323
1933.4	3.0567	-0.11313	221.66	40.304	-199.39	55.867	20298	0	0	0	8.9301	17205	6.6021e+05	0	0	0	0	0	1.3402e+06	3.384e+05	0.16897	0.042664	9.607	-15.525	8.0393
1964.4	2.9898	-0.12853	221.09	40.108	-200.5	55.313	20298	0	0	0	9.0148	16940	6.2606e+05	0	0	0	0	0	1.3534e+06	3.3998e+05	0.1733	0.043535	9.4071	-13.659	8.1092
1992.1	2.9304	-0.14942	220.66	39.909	-201.47	54.833	20298	0	0	0	8.861	16759	5.9758e+05	0	0	0	0	0	1.3311e+06	3.3154e+05	0.1723	0.042914	9.2303	-12.132	7.9893
2015.1	2.8822	-0.19694	220.37	39.717	-202.25	54.446	20298	0	0	0	8.8307	16677	5.7621e+05	0	0	0	0	0	1.3272e+06	3.29e+05	0.17263	0.042793	9.0883	-10.81	7.9357
2031.9	2.8492	-0.3865	220.22	39.487	-202.82	54.168	20298	0	0	0	7.8061	16861	5.6586e+05	0	0	0	0	0	1.1748e+06	2.8992e+05	0.15115	0.0373	8.9959	-9.8627	7.0824
2041.5	2.8317	-0.57394	220.17	39.258	-203.14	54.01	20298	0	0	0	8.8743	17230	5.6484e+05	0	0	0	0	0	1.3364e+06	3.2969e+05	0.16824	0.041506	8.9521	-9.2815	7.708
2043.8	2.8267	-0.55228	220.15	39.19	-203.21	53.972	20298	0	0	0	9.1764	17342	5.6463e+05	0	0	0	0	0	1.3816e+06	3.4081e+05	0.17281	0.042628	8.9397	-9.2312	7.8744
2049.6	2.8141	-0.49655	220.09	39.039	-203.4	53.878	20298	0	0	0	9.7152	17580	5.6329e+05	0	0	0	0	0	1.462e+06	3.6156e+05	0.18039	0.044613	8.9074	-9.1837	8.1389
2062.9	2.7838	-0.28774	219.94	38.787	-203.83	53.664	20298	0	0	0	9.6763	17861	5.5532e+05	0	0	0	0	0	1.4554e+06	3.5774e+05	0.17676	0.043447	8.824	-9.2317	7.9693
2082.9	2.7404	-0.18514	219.71	38.576	-204.47	53.347	20298	0	0	0	9.0734	17863	5.3773e+05	0	0	0	0	0	1.3646e+06	3.3386e+05	0.16571	0.040543	8.6968	-9.3201	7.5049
2108.5	2.6861	-0.16508	219.43	38.364	-205.27	52.953	20298	0	0	0	9.1981	17717	5.1404e+05	0	0	0	0	0	1.3836e+06	3.3686e+05	0.1694	0.041243	8.5349	-8.9225	7.5727
2138.1	2.6233	-0.14854	219.1	38.152	-206.16	52.508	20298	0	0	0	9.094	17444	4.8591e+05	0	0	0	0	0	1.3683e+06	3.3121e+05	0.17016	0.041187	8.3454	-8.3686	7.5223
2170	2.556	-0.14915	218.77	37.937	-207.1	52.044	20298	0	0	0	9.2231	17104	4.5617e+05	0	0	0	0	0	1.3882e+06	3.3404e+05	0.17605	0.042364	8.1411	-7.3895	7.6489
2202.4	2.4878	-0.15408	218.52	37.723	-208.03	51.588	20298	0	0	0	9.1169	16735	4.2689e+05	0	0	0	0	0	1.3727e+06	3.2832e+05	0.17793	0.042557	7.9336	-6.0383	7.6307
2233.4	2.4231	-0.17603	218.39	37.505	-208.88	51.165	20298	0	0	0	9.2526	16408	4.0046e+05	0	0	0	0	0	1.3936e+06	3.3152e+05	0.18425	0.043828	7.7369	-4.8872	7.7694
2261.1	2.3653	-0.20458	218.33	37.286	-209.62	50.797	20298	0	0	0	9.0967	16163	3.7828e+05	0	0	0	0	0	1.3707e+06	3.2445e+05	0.18396	0.043543	7.5619	-3.8562	7.6897
2284.1	2.3186	-0.29673	218.36	37.064	-210.21	50.499	20298	0	0	0	9.0284	16065	3.6202e+05	0	0	0	0	0	1.3612e+06	3.2094e+05	0.1838	0.043336	7.4221	-2.9553	7.6298
2300.8	2.2867	-0.57222	218.42	36.787	-210.64	50.284	20298	0	0	0	8.0104	16302	3.5449e+05	0	0	0	0	0	1.2094e+06	2.8567e+05	0.16094	0.038013	7.3319	-2.3139	6.8306
2310.5	2.2699	-0.83785	218.48	36.517	-210.88	50.162	20298	0	0	0	9.0013	16740	3.5382e+05	0	0	0	0	0	1.3604e+06	3.1951e+05	0.17629	0.041403	7.2894	-1.9457	7.3299
2312.8	2.2652	-0.82147	218.49	36.438	-210.94	50.133	20298	0	0	0	9.3565	16874	3.5374e+05	0	0	0	0	0	1.4138e+06	3.3201e+05	0.18176	0.042682	7.2777	-1.903	7.5069
2317.2	2.2563	-0.78493	218.51	36.298	-211.04	50.078	20298	0	0	0	9.8696	17102	3.5324e+05	0	0	0	0	0	1.4909e+06	3.4997e+05	0.18911	0.04439	7.2548	-1.8327	7.7416
2327.2	2.2341	-0.56744	218.56	36.029	-211.29	49.952	20298	0	0	0	10.234	17477	3.4994e+05	0	0	0	0	0	1.5448e+06	3.6204e+05	0.19173	0.044936	7.1948	-1.5387	7.8048
2342.6	2.2008	-0.33637	218.67	35.773	-211.66	49.762	20298	0	0	0	9.5949	17642	3.4091e+05	0	0	0	0	0	1.4474e+06	3.3821e+05	0.17797	0.041584	7.098	-0.95563	7.3165
2362.5	2.1593	-0.28572	218.87	35.546	-212.13	49.519	20298	0	0	0	9.412	17593	3.2742e+05	0	0	0	0	0	1.4198e+06	3.3064e+05	0.17507	0.040768	6.9736	0.089144	7.1786
2386.1	2.1104	-0.25643	219.21	35.306	-212.66	49.236	20298	0	0	0	9.4155	17441	3.1103e+05	0	0	0	0	0	1.4205e+06	3.2952e+05	0.17667	0.040985	6.8251	1.5175	7.1798
2412.3	2.056	-0.24671	219.76	35.069	-213.24	48.925	20298	0	0	0	9.4444	17173	2.9254e+05	0	0	0	0	0	1.4251e+06	3.292e+05	0.18001	0.041583	6.6584	3.0989	7.2297
2440.1	1.9985	-0.25432	220.53	34.822	-213.82	48.6	20298	0	0	0	9.4488	16865	2.7354e+05	0	0	0	0	0	1.4261e+06	3.28e+05	0.18343	0.042188	6.4818	4.5683	7.2779
2468.2	1.9404	-0.25882	221.45	34.575	-214.39	48.275	20298	0	0	0	9.547	16527	2.549e+05	0	0	0	0	0	1.4412e+06	3.3004e+05	0.18917	0.04332	6.3027	5.4453	7.396
2495.4	1.8841	-0.25353	222.42	34.342	-214.9	47.965	20298	0	0	0	9.5224	16162	2.3731e+05	0	0	0	0	0	1.4378e+06	3.2788e+05	0.19297	0.044005	6.1283	5.6594	7.4536
2520.4	1.8327	-0.29615	223.32	34.126	-215.36	47.681	20298	0	0	0	9.4816	15821	2.2184e+05	0	0	0	0	0	1.4321e+06	3.2532e+05	0.19636	0.044605	5.9688	5.6922	7.4768
2542.3	1.7889	-0.43274	224.09	33.88	-215.74	47.437	20298	0	0	0	9.2472	15670	2.1011e+05	0	0	0	0	0	1.3978e+06	3.1642e+05	0.19349	0.043801	5.8347	5.354	7.2461
2560	1.7552	-0.7061	224.66	33.582	-216.04	47.24	20298	0	0	0	8.8462	15814	2.03e+05	0	0	0	0	0	1.3386e+06	3.0366e+05	0.18362	0.041653	5.735	4.8373	6.8671
2572.8	1.7332	-1.1709	225.02	33.225	-216.24	47.1	20298	0	0	0	8.0768	16319	2.0095e+05	0	0	0	0	0	1.2237e+06	2.8384e+05	0.16266	0.037729	5.6753	4.5201	6.2211
2580.1	1.7211	-1.4398	225.22	32.936	-216.36	47.02	20298	0	0	0	9.4174	16852	2.0128e+05	0	0	0	0	0	1.4285e+06	3.2419e+05	0.18388	0.041731	5.6454	4.4297	6.7945
2581.8	1.7177	-1.4188	225.28	32.86	-216.39	47.001	20298	0	0	0	9.6666	16990	2.013e+05	0	0	0	0	0	1.4662e+06	3.3176e+05	0.1872	0.042358	5.637	4.4271	6.88
2586.1	1.7092	-1.3661	225.41	32.678	-216.46	46.954	20298	0	0	0	10.201	17321	2.0119e+05	0	0	0	0	0	1.5469e+06	3.4851e+05	0.19373	0.043646	5.6153	4.4195	7.041
2596.2	1.688	-1.0446	225.74	32.313	-216.61	46.844	20298	0	0	0	10.734	17914	1.9944e+05	0	0	0	0	0	1.6257e+06	3.658e+05	0.19685	0.044294	5.5579	4.4253	7.0728
2611.5	1.6547	-0.58577	226.23	31.961	-216.84	46.68	20298	0	0	0	10.181	18216	1.9305e+05	0	0	0	0	0	1.5391e+06	3.4999e+05	0.18328	0.041677	5.4593	4.195	6.6238
2631.4	1.6128	-0.43194	226.81	31.686	-217.14	46.469	20298	0	0	0	9.7294	18052	1.8234e+05	0	0	0	0	0	1.4697e+06	3.3675e+05	0.1766	0.040466	5.324	3.9688	6.3483
2655	1.5634	-0.37669	227.45	31.424	-217.47	46.223	20298	0	0	0	9.7097	17663	1.6923e+05	0	0	0	0	0	1.4666e+06	3.3529e+05	0.18011	0.041177	5.1641	3.47	6.3287
2681.3	1.5092	-0.42475	227.92	31.147	-217.82	45.956	20298	0	0	0	9.5898	17175	1.5522e+05	0	0	0	0	0	1.4489e+06	3.3078e+05	0.18299	0.041777	4.9879	0.54854	6.2853
2709.1	1.4521	-0.46686	227.7	30.824	-218.17	45.683	20298	0	0	0	9.7068	16714	1.4149e+05	0	0	0	0	0	1.4671e+06	3.3311e+05	0.1904	0.043231	4.8026	-4.0715	6.3435
2737.2	1.3946	-0.54906	226.76	30.475	-218.52	45.42	20298	0	0	0	9.6687	16274	1.2852e+05	0	0	0	0	0	1.462e+06	3.3109e+05	0.19487	0.044132	4.6162	-6.4582	6.3318
2764.3	1.3394	-0.62079	225.57	30.092	-218.84	45.18	20298	0	0	0	9.7752	15927	1.1704e+05	0	0	0	0	0	1.4787e+06	3.3347e+05	0.2014	0.045418	4.4371	-6.9364	6.3688
2789.4	1.2891	-0.76134	224.4	29.705	-219.14	44.971	20298	0	0	0	9.5852	15667	1.0732e+05	0	0	0	0	0	1.4507e+06	3.277e+05	0.20086	0.04537	4.2741	-6.7058	6.267
2811.3	1.2465	-1.0061	223.49	29.282	-219.39	44.799	20298	0	0	0	9.4702	15645	1.001e+05	0	0	0	0	0	1.4345e+06	3.249e+05	0.19889	0.045049	4.1368	-5.3003	6.1563
2829	1.2146	-1.7105	222.93	28.801	-219.59	44.666	20298	0	0	0	8.0937	16012	96036	0	0	0	0	0	1.2262e+06	2.9918e+05	0.16612	0.04053	4.0353	-4.3538	5.4267
2841.8	1.1956	-3.0357	222.65	28.175	-219.73	44.572	20298	0	0	0	7.4624	17106	96100	0	0	0	0	0	1.1331e+06	3.0195e+05	0.14368	0.03829	3.9776	-3.6543	4.9143
2849	1.1846	-3.573	222.5	27.666	-219.81	44.52	20298	0	0	0	9.3341	18187	97234	0	0	0	0	0	1.4205e+06	3.5392e+05	0.16943	0.042213	3.9456	-3.4505	5.4174
2850.8	1.1817	-3.5736	222.45	27.539	-219.83	44.508	20298	0	0	0	9.6969	18459	97457	0	0	0	0	0	1.4755e+06	3.6529e+05	0.17338	0.042925	3.9368	-3.415	5.4888
2854.2	1.1755	-3.5232	222.36	27.29	-219.87	44.484	20298	0	0	0	10.455	18995	97806	0	0	0	0	0	1.5901e+06	3.8893e+05	0.18159	0.044414	3.9184	-3.3859	5.6364
2862.1	1.159	-3.0038	222.14	26.761	-219.96	44.428	20298	0	0	0	11.521	20068	97659	0	0	0	0	0	1.7473e+06	4.3024e+05	0.18887	0.046505	3.868	-3.2629	5.7256
2874.1	1.1302	-2.1609	221.8	26.146	-220.08	44.345	20298	0	0	0	10.814	21024	94931	0	0	0	0	0	1.6281e+06	4.4192e+05	0.16799	0.045597	3.7771	-3.0368	5.1944
2890	1.0897	-1.8263	221.42	25.552	-220.25	44.241	20298	0	0	0	10.074	21470	89015	0	0	0	0	0	1.5036e+06	4.589e+05	0.15192	0.046365	3.6465	-2.7879	4.7141
2909.1	1.0373	-1.8748	220.99	24.901	-220.44	44.121	20298	0	0	0	9.9132	21570	80655	0	0	0	0	0	1.4689e+06	4.9119e+05	0.14772	0.049396	3.4764	-2.6623	4.4468
2930.8	0.97362	-2.1545	220.48	24.143	-220.65	43.993	20298	0	0	0	9.841	21436	70608	0	0	0	0	0	1.4483e+06	5.2742e+05	0.14656	0.053373	3.2685	-2.7218	4.2181
2954.3	0.90039	-2.676	219.85	23.218	-220.86	43.866	20298	0	0	0	9.7993	21247	59884	0	0	0	0	0	1.4328e+06	5.6708e+05	0.14628	0.057897	3.029	-3.0063	3.9926
2978.9	0.81979	-3.4341	219.02	22.103	-221.06	43.746	20298	0	0	0	9.763	21061	49195	0	0	0	0	0	1.4179e+06	6.1212e+05	0.14604	0.063046	2.7649	-3.5321	3.7581
3003.7	0.735	-4.5103	217.91	20.775	-221.24	43.638	20298	0	0	0	9.7672	20974	39248	0	0	0	0	0	1.4112e+06	6.6038e+05	0.14595	0.068299	2.4865	-4.2076	3.537
3027.9	0.64863	-5.3121	216.43	19.33	-221.41	43.548	20298	0	0	0	10.228	20585	30093	0	0	0	0	0	1.4766e+06	7.1009e+05	0.1556	0.074829	2.1982	-4.9103	3.4958
3050.6	0.56425	-5.2562	214.51	18.042	-221.55	43.476	20298	0	0	0	10.624	19084	21774	0	0	0	0	0	1.5395e+06	7.1559e+05	0.17499	0.081339	1.9123	-5.5622	3.528
3071.1	0.49001	-4.4979	212.24	17.116	-221.66	43.423	20298	0	0	0	10.767	16656	15233	0	0	0	0	0	1.5749e+06	6.6225e+05	0.20512	0.086251	1.6607	-5.8957	3.5818
3088.6	0.43168	-4.025	209.99	16.525	-221.74	43.386	20298	0	0	0	10.187	14188	10843	0	0	0	0	0	1.5005e+06	5.8947e+05	0.2294	0.090122	1.463	-5.8315	3.626
3102.7	0.39127	-4.6969	208.15	16.096	-221.8	43.361	20298	0	0	0	9.6681	12472	8310.7	0	0	0	0	0	1.4382e+06	5.3576e+05	0.25013	0.093181	1.326	-5.5442	3.7039
3112.7	0.36586	-5.0504	206.77	15.766	-221.85	43.345	20298	0	0	0	10.366	11487	6950	0	0	0	0	0	1.5561e+06	5.2186e+05	0.29387	0.098552	1.2399	-5.3021	4.1334
3118.4	0.35102	-4.0594	205.87	15.6	-221.87	43.337	20298	0	0	0	12.331	10854	6206	0	0	0	0	0	1.8567e+06	5.4528e+05	0.37106	0.10897	1.1896	-5.191	4.995
3119.7	0.34712	-3.4824	205.62	15.569	-221.87	43.335	20298	0	0	0	12.294	10667	6013	0	0	0	0	0	1.8486e+06	5.3946e+05	0.37592	0.1097	1.1764	-5.1856	5.0299
