0	7303.3	-9.7e-06	1.2086	76087	0	-0.21212	0.11692	784.29	8.4051e+05	1.91e+05	80776	25.477	0.35471	0.090562
6.2517	7300.2	0.00028059	1.2094	76093	0.0025618	-0.2055	0.11413	782.85	8.39e+05	1.9065e+05	80630	25.467	0.35591	0.089885
20.691	7292.9	0.00091476	1.2112	76157	0.0084405	-0.19021	0.10734	773.5	8.3227e+05	1.8838e+05	79669	25.45	0.35412	0.089331
42.638	7282	0.0017221	1.2137	76370	0.017282	-0.16698	0.096324	745.7	8.1467e+05	1.8161e+05	76808	25.438	0.35664	0.090148
71.134	7268.3	0.0024167	1.2164	76808	0.028609	-0.13684	0.08183	693.27	7.825e+05	1.6884e+05	71406	25.445	0.35377	0.09507
104.93	7253.5	0.0026074	1.2191	77437	0.041859	-0.10113	0.066699	624.73	7.3971e+05	1.5214e+05	64343	25.472	0.35475	0.10726
142.55	7238.7	0.0020932	1.2214	78096	0.056422	-0.061426	0.055016	560	6.9742e+05	1.3637e+05	57673	25.504	0.35222	0.13181
182.36	7225	0.00084001	1.2229	78530	0.071681	-0.01948	0.04891	520.26	6.696e+05	1.2669e+05	53579	25.511	0.35138	0.17681
222.6	7212.6	-0.00088019	1.2239	78539	0.087014	0.022871	0.048523	517.7	6.656e+05	1.172e+05	47829	25.468	0.33176	0.25547
261.53	7204.7	-0.0035661	1.2241	77946	0.10181	0.063786	0.064979	568.18	6.9573e+05	84930	29700	25.365	0.24979	0.38407
297.43	7201.6	-0.007021	1.2236	76591	0.1155	0.1015	0.077338	704.31	7.7392e+05	73336	23748	25.185	0.19656	0.56431
328.75	7200.8	-0.01051	1.2228	74623	0.1275	0.13439	0.091532	958.31	9.0255e+05	60442	19200	24.942	0.14204	0.71669
354.11	7200.7	-0.013384	1.2219	72434	0.13728	0.16102	0.072839	1340.9	1.0676e+06	98975	31443	24.682	0.157	0.75859
372.41	7198.6	-0.014669	1.2217	70574	0.14437	0.18024	0.036976	1770.2	1.2259e+06	1.7508e+05	56479	24.442	0.18987	0.71273
382.84	7195.9	-0.014872	1.2219	69462	0.14843	0.19119	0.040845	2076.6	1.3267e+06	2.3693e+05	77907	24.258	0.20868	0.65175
385.32	7194.9	-0.014826	1.222	69198	0.14939	0.19379	0.048571	2156.1	1.3516e+06	2.5316e+05	83738	24.214	0.21264	0.64017
389.67	7193.1	-0.014667	1.2222	68736	0.15109	0.19835	0.066973	2301.3	1.3956e+06	2.8509e+05	95392	24.137	0.22031	0.62611
399.77	7187.6	-0.013891	1.2227	67694	0.15502	0.20895	0.12097	2661.6	1.4985e+06	3.6797e+05	1.2621e+05	23.961	0.23691	0.56161
415.28	7173.4	-0.010858	1.224	66296	0.16105	0.22522	0.23629	3218.9	1.6413e+06	5.3129e+05	1.9135e+05	23.707	0.2664	0.46495
435.73	7144.7	-0.0037559	1.2262	65180	0.16898	0.24662	0.37421	3720	1.75e+06	7.1995e+05	2.7492e+05	23.452	0.2973	0.36268
460.5	7090.5	0.0092805	1.2286	65624	0.17852	0.27242	0.47191	3448.8	1.6589e+06	8.426e+05	3.5677e+05	23.337	0.35052	0.28496
488.83	7029.8	0.021456	1.2294	68837	0.18937	0.30168	0.25129	2166.7	1.2919e+06	5.2914e+05	2.2401e+05	23.604	0.35272	0.25263
519.87	6992.5	0.024572	1.227	74002	0.2013	0.33348	0.12135	994.73	8.6586e+05	2.4273e+05	1.0273e+05	24.148	0.3554	0.25836
552.67	6970.4	0.021754	1.2224	79382	0.21411	0.36688	0.16474	421.86	5.6021e+05	1.0285e+05	43517	24.718	0.37152	0.28391
586.23	6959.3	0.015576	1.2163	83786	0.22756	0.40088	0.20274	202.21	3.8659e+05	49261	20836	25.247	0.34962	0.31467
619.54	6952.3	0.0086463	1.2092	86594	0.24131	0.43449	0.22398	132.18	3.1191e+05	32195	13617	25.355	0.36097	0.34371
651.58	6948.9	0.0016071	1.2015	87741	0.255	0.46669	0.23092	169.15	3.525e+05	41086	17359	27.206	0.35231	0.37686
681.38	6946.3	-0.0046282	1.1938	87422	0.26818	0.49654	0.24581	150.8	3.3257e+05	36676	15504	26.353	0.36408	0.43405
708.04	6946.8	-0.01062	1.1863	86021	0.28039	0.52316	0.25957	136.7	3.167e+05	33304	14087	25.212	0.35427	0.51921
730.73	6947.4	-0.015468	1.1796	83953	0.29112	0.54576	0.26109	195.87	3.7914e+05	47717	20183	25.225	0.35023	0.61426
748.78	6948.4	-0.019301	1.1741	81779	0.29989	0.5637	0.25997	282.56	4.5552e+05	63108	25596	24.944	0.32847	0.69726
761.64	6948.5	-0.021791	1.1702	79935	0.30628	0.57646	0.25356	383.05	5.3039e+05	83094	33252	24.709	0.32185	0.74637
768.92	6948.7	-0.023202	1.168	78803	0.30994	0.58367	0.24875	460.44	5.8154e+05	96631	38054	24.569	0.3146	0.75877
770.63	6948.6	-0.023498	1.1675	78523	0.31081	0.58537	0.2465	481.78	5.9485e+05	1.0157e+05	40090	24.534	0.31557	0.7612
774.54	6948.5	-0.024185	1.1663	77876	0.3128	0.58924	0.24166	534.48	6.2652e+05	1.1217e+05	44173	24.455	0.31457	0.77586
783.62	6948	-0.025722	1.1637	76300	0.31745	0.59823	0.22734	686.42	7.0989e+05	1.4117e+05	55170	24.263	0.31014	0.82284
797.6	6945.8	-0.027716	1.16	73704	0.32474	0.61205	0.19656	1027.6	8.68e+05	2.0132e+05	77247	23.952	0.29993	0.8594
816.09	6939	-0.029461	1.1563	70014	0.33456	0.6303	0.12846	1783.9	1.1414e+06	3.4425e+05	1.3131e+05	23.475	0.29673	0.86619
838.6	6916.7	-0.028072	1.1549	65463	0.34677	0.65245	0.21344	3354.4	1.5549e+06	7.0391e+05	2.7709e+05	22.743	0.31401	0.82015
864.51	6852.4	-0.016846	1.1613	61245	0.36092	0.67784	0.66647	5766.7	2e+06	1.3402e+06	5.5377e+05	21.975	0.33663	0.68179
893.1	6734.1	0.0098658	1.1709	60422	0.37635	0.70561	0.83014	6193.5	2e+06	1.5169e+06	6.3935e+05	21.493	0.35687	0.44756
923.61	6626.7	0.032292	1.1706	65043	0.39271	0.73478	0.38541	3260.1	1.404e+06	7.9829e+05	3.3731e+05	21.734	0.35715	0.3328
955.2	6573.2	0.034717	1.1608	72305	0.4101	0.7645	0.30182	1139.5	8.1638e+05	2.7873e+05	1.1807e+05	22.518	0.35196	0.32884
987	6548.3	0.027456	1.1465	78879	0.42851	0.79407	0.39176	403.92	4.8228e+05	98709	41799	23.162	0.35203	0.36545
1018.2	6536.8	0.016579	1.1302	83402	0.44767	0.82274	0.44155	190.41	3.2994e+05	46498	19684	23.666	0.35052	0.419
1047.8	6530.6	0.0057284	1.113	85562	0.46711	0.84977	0.47497	129.93	2.7202e+05	31724	13430	23.754	0.34958	0.47824
1075.1	6528.9	-0.0048622	1.0959	85649	0.48622	0.87447	0.50162	127.86	2.697e+05	31220	13216	23.734	0.34974	0.54231
1099.4	6528.7	-0.013911	1.0796	84150	0.50424	0.89622	0.52214	167.26	3.0845e+05	40840	17289	23.73	0.34966	0.59824
1120	6529.9	-0.021608	1.0651	81769	0.52035	0.9145	0.53413	249.95	3.772e+05	61058	25852	23.44	0.3493	0.64999
1136.3	6530.2	-0.027188	1.0533	79162	0.5337	0.92887	0.53477	383.7	4.674e+05	93772	39709	23.131	0.34971	0.68452
1147.9	6530.1	-0.031006	1.0449	76969	0.54352	0.93903	0.52621	545.49	5.5728e+05	1.3336e+05	56482	22.879	0.34975	0.70133
1154.4	6529.4	-0.032874	1.0401	75600	0.54919	0.94474	0.51647	676.65	6.2052e+05	1.6547e+05	70086	22.723	0.34969	0.69998
1156	6529.2	-0.033329	1.039	75269	0.55054	0.94609	0.51346	712.55	6.3673e+05	1.7426e+05	73810	22.686	0.34966	0.70114
1159.2	6528.6	-0.034181	1.0367	74565	0.55336	0.94887	0.50583	794.91	6.724e+05	1.9442e+05	82355	22.607	0.34968	0.7094
1166.6	6526.6	-0.036021	1.0315	72855	0.56001	0.95536	0.48219	1033.2	7.661e+05	2.5278e+05	1.0708e+05	22.416	0.35017	0.7248
1178.1	6520.6	-0.038005	1.0239	70070	0.57052	0.96533	0.42814	1562.6	9.4038e+05	3.8248e+05	1.6206e+05	22.068	0.35094	0.74139
1193.4	6504.8	-0.038747	1.0155	66212	0.58491	0.97853	0.34364	2677.6	1.2249e+06	6.5582e+05	2.7639e+05	21.487	0.35276	0.74584
1212.2	6464.5	-0.034021	1.0097	61713	0.6031	0.99458	0.41701	4829.4	1.6242e+06	1.1837e+06	4.9516e+05	20.787	0.354	0.77127
1234.1	6377.3	-0.020067	1.0141	57797	0.62467	1.013	0.82501	7742.3	2e+06	1.8989e+06	7.8821e+05	20.055	0.35629	0.80617
1258.5	6240.3	0.0079434	1.0248	56728	0.64874	1.0334	1.0214	8463.4	2e+06	2.0769e+06	8.5704e+05	19.508	0.35711	0.59394
1284.9	6111.9	0.035422	1.022	60489	0.67491	1.0551	0.61878	5058.3	1.4817e+06	1.2413e+06	5.1226e+05	19.515	0.35873	0.41916
1312.7	6039.2	0.041308	1.003	67273	0.70362	1.0774	0.56189	1992.8	9.0747e+05	4.8876e+05	2.0293e+05	20.08	0.35771	0.39577
1341.3	6004.3	0.032659	0.97517	73766	0.73527	1.0997	0.71236	760.54	5.5399e+05	1.8642e+05	77922	20.712	0.35071	0.43721
1370.1	5987.4	0.017966	0.94224	78184	0.76988	1.1216	0.8132	377.75	3.8817e+05	92555	38849	21.104	0.35044	0.50918
1398.4	5978.4	0.0022496	0.90605	79898	0.8071	1.1425	0.88973	285.29	3.3631e+05	69891	29383	21.255	0.35087	0.604
1425.6	5974.8	-0.013543	0.86796	78989	0.84626	1.1621	0.95441	330.36	3.6144e+05	80940	33989	21.145	0.35076	0.71732
1451	5972.5	-0.02762	0.8296	75839	0.8863	1.1798	0.99667	545.32	4.6402e+05	1.3365e+05	55924	20.81	0.35333	0.82398
1474.2	5968	-0.039417	0.79349	71188	0.92582	1.1953	0.98502	1111.8	6.6153e+05	2.726e+05	1.1349e+05	20.338	0.35527	0.87217
1494.6	5953.9	-0.046639	0.76289	65913	0.96305	1.2086	0.87781	2337.2	9.5453e+05	5.7348e+05	2.3696e+05	19.631	0.3548	0.87264
1511.7	5924.5	-0.048143	0.74135	61057	0.99604	1.2193	0.6929	4417.3	1.299e+06	1.0845e+06	4.45e+05	18.979	0.34975	0.87262
1525.1	5881.2	-0.043955	0.72988	57356	1.0229	1.2276	0.62728	6955.8	1.6057e+06	1.648e+06	6.5957e+05	18.449	0.34035	0.87259
1534.6	5839.2	-0.037799	0.7256	55070	1.0423	1.2334	0.73474	9072.8	1.8071e+06	2.1024e+06	8.3305e+05	18.09	0.3345	0.87139
1540	5808.1	-0.032684	0.72488	53961	1.0534	1.2366	0.965	10256	1.9004e+06	2.4431e+06	1.1054e+06	17.887	0.33038	0.85832
1541.3	5798.7	-0.03126	0.72496	53729	1.056	1.2373	0.99639	10511	1.9175e+06	2.4978e+06	1.1294e+06	17.836	0.33006	0.85509
1543.9	5779.1	-0.02811	0.72529	53270	1.0615	1.2389	1.0607	11026	1.9503e+06	2.6175e+06	1.1837e+06	17.733	0.33023	0.8578
1550.2	5730.5	-0.01999	0.72675	52408	1.0743	1.2426	1.1434	12003	2e+06	2.7465e+06	1.2241e+06	17.504	0.32303	0.83766
1559.8	5652.4	-0.0051503	0.72867	51693	1.0943	1.2483	1.3485	12698	2e+06	2.9003e+06	1.2938e+06	17.201	0.32378	0.70608
1572.7	5535.3	0.021716	0.72673	52261	1.1211	1.2558	1.5735	11394	1.815e+06	2.8966e+06	1.3598e+06	16.894	0.35024	0.49914
1588.6	5409	0.050086	0.71251	55481	1.1543	1.2647	1.1779	7406.1	1.3956e+06	1.8792e+06	8.8225e+05	16.795	0.36138	0.37935
1607.2	5322.3	0.061369	0.68241	61220	1.1943	1.2747	1.0672	3490.2	9.2687e+05	8.9013e+05	4.1778e+05	17.066	0.35371	0.34943
1628.1	5271.6	0.05573	0.63949	67821	1.2417	1.2853	1.238	1406.4	5.7694e+05	3.6223e+05	1.6992e+05	17.588	0.36052	0.35407
1651.1	5245.2	0.039704	0.58546	73647	1.2969	1.296	1.3947	591.11	3.702e+05	1.4591e+05	60103	18.083	0.35167	0.39183
1675.5	5231.7	0.018465	0.52222	77376	1.3604	1.3065	1.5157	328.15	2.7437e+05	80615	32859	18.367	0.35755	0.43221
1701.1	5224.6	-0.0044852	0.45055	78338	1.4318	1.3161	1.6203	280.58	2.53e+05	68924	28113	18.43	0.35404	0.50935
1727.3	5224.1	-0.028549	0.37232	76049	1.5102	1.3246	1.7051	403.73	3.0342e+05	99195	40368	18.221	0.35832	0.58362
1753.5	5220.9	-0.050008	0.2902	70647	1.594	1.3316	1.7146	921.37	4.5781e+05	2.3795e+05	1.1161e+05	17.735	0.35713	0.69821
1779.5	5206.6	-0.067118	0.21122	62621	1.6806	1.3367	1.5715	2781.5	7.9098e+05	6.0145e+05	2.621e+05	16.832	0.31345	0.78022
1804.5	5154	-0.07024	0.14627	53538	1.7669	1.3403	1.1518	8494.3	1.3538e+06	1.5058e+06	6.0471e+05	15.837	0.27649	0.83856
1828.3	5024.3	-0.045464	0.11618	46031	1.8491	1.3427	1.4558	20582	2e+06	3.4421e+06	1.3436e+06	15.311	0.26682	0.73683
1850.3	4770.5	0.033097	0.11196	44906	1.9232	1.3446	2.501	21690	1.8462e+06	4.5383e+06	1.9665e+06	14.624	0.31448	0.49059
1870.1	4553.3	0.095075	0.088985	51248	1.987	1.3461	1.3314	8678.1	1.0614e+06	2.0606e+06	9.5531e+05	13.824	0.34502	0.42988
1887.4	4471.3	0.098595	0.047559	58978	2.0411	1.3469	1.2713	3281.6	6.2883e+05	7.9106e+05	3.7244e+05	14.155	0.35501	0.46286
1901.8	4430.9	0.089866	0.0073536	65058	2.0859	1.3472	1.4166	1454.4	4.109e+05	3.1371e+05	1.3829e+05	14.533	0.32149	0.50093
1913.1	4417.7	0.075378	-0.026576	69202	2.1207	1.3471	1.4738	812.37	3.0522e+05	1.7005e+05	73608	14.868	0.31364	0.53948
1921.1	4406.7	0.06633	-0.050575	71680	2.1452	1.3469	1.4961	562.9	2.5278e+05	1.1029e+05	46230	15.052	0.29891	0.54548
1925.5	4404.5	0.059601	-0.064345	72927	2.1589	1.3467	1.5027	465.41	2.2961e+05	91653	38509	15.133	0.29968	0.54954
1926.6	4403	0.058485	-0.067526	73197	2.1621	1.3467	1.5038	446.26	2.2468e+05	87090	36428	15.147	0.29778	0.54916
1929.3	4400.9	0.054855	-0.075714	73862	2.1703	1.3466	1.5058	402.59	2.132e+05	78365	32734	15.188	0.29712	0.55174
1935.5	4396.6	0.046339	-0.094714	75248	2.1893	1.3462	1.5082	324.15	1.9092e+05	61611	25469	15.275	0.29191	0.57039
1945.1	4391.9	0.032723	-0.12437	76924	2.2186	1.3455	1.5066	248.5	1.668e+05	44824	18098	15.384	0.28116	0.60204
1958	4387.1	0.014559	-0.1633	78264	2.2573	1.3442	1.4966	200.22	1.4939e+05	33287	12974	15.47	0.26531	0.64894
1973.9	4386.4	-0.0085664	-0.21139	78472	2.3044	1.3422	1.4769	193.57	1.4684e+05	28968	10806	15.483	0.24644	0.70022
1992.5	4387.5	-0.034772	-0.26532	76706	2.3583	1.3392	1.4436	256.71	1.6918e+05	33738	11964	15.352	0.22503	0.76592
2013.5	4397.9	-0.065506	-0.32565	72083	2.4172	1.3351	1.3892	527.49	2.437e+05	61440	20862	15.05	0.20679	0.82639
2036.4	4406.1	-0.094782	-0.38476	63989	2.4792	1.3296	1.2714	1661.1	4.3411e+05	1.7168e+05	55273	14.359	0.19035	0.85666
2060.9	4421.6	-0.12516	-0.44225	51993	2.5423	1.3229	0.83209	7502.5	9.2925e+05	7.9242e+05	2.4858e+05	13.476	0.19235	0.79101
2086.4	4296.6	-0.077604	-0.44451	39357	2.605	1.3153	2.4208	39089	2e+06	4.8566e+06	1.6186e+06	13.576	0.21687	0.56344
2112.6	3983.6	0.07897	-0.39913	39109	2.6652	1.3084	2.5016	34864	1.6175e+06	4.739e+06	1.577e+06	12.604	0.22873	0.42765
2138.9	3792.2	0.14368	-0.4092	51763	2.7205	1.3023	0.68513	5668.7	5.8959e+05	9.7754e+05	3.4827e+05	11.544	0.26733	0.38925
2164.8	3735	0.10883	-0.45426	64241	2.7714	1.2961	0.95409	1153.9	2.5785e+05	1.8856e+05	67083	12.191	0.25961	0.41045
2189.8	3706.5	0.066295	-0.50102	72477	2.8181	1.2894	1.0011	352.97	1.4039e+05	52359	18161	12.707	0.24394	0.42384
2213.6	3695.2	0.019148	-0.54377	76216	2.8601	1.2826	0.99066	196.75	1.0416e+05	28487	9853.4	12.899	0.24026	0.42127
2235.6	3694.2	-0.022517	-0.58234	76096	2.8971	1.2759	0.97036	200.38	1.0506e+05	28246	9656.3	12.888	0.23561	0.421
2255.4	3700.5	-0.061437	-0.61477	73003	2.9291	1.2695	0.94196	324.74	1.3421e+05	47263	16274	12.719	0.24062	0.41551
2272.7	3711	-0.093055	-0.64223	68062	2.9559	1.2637	0.89513	673.78	1.9445e+05	99259	33942	12.4	0.24176	0.40724
2287.1	3720.4	-0.11823	-0.66294	62387	2.9774	1.2587	0.80265	1464.6	2.8818e+05	2.2547e+05	77514	12.011	0.24826	0.38935
2298.4	3726.3	-0.13397	-0.67804	57090	2.9939	1.2546	0.65651	2885.8	4.0582e+05	4.4288e+05	1.5007e+05	11.672	0.24669	0.36939
2306.4	3726.6	-0.14228	-0.68684	52992	3.0052	1.2517	0.49087	4738	5.2009e+05	7.1599e+05	2.3858e+05	11.418	0.24325	0.35158
2310.9	3725	-0.14471	-0.6914	50612	3.0115	1.2501	0.38394	6277.8	5.9813e+05	9.2877e+05	3.0536e+05	11.295	0.23917	0.34343
2311.9	3724.2	-0.14517	-0.69227	50044	3.013	1.2497	0.35722	6741.5	6.1956e+05	9.9509e+05	3.2682e+05	11.292	0.23877	0.34251
2314.6	3721.7	-0.14553	-0.69445	48605	3.0167	1.2487	0.30974	8073.3	6.7705e+05	1.1817e+06	3.8663e+05	11.285	0.23731	0.34054
2320.8	3711.1	-0.14272	-0.69818	45270	3.0254	1.2465	0.45861	12477	8.3683e+05	1.7298e+06	5.5384e+05	11.355	0.22846	0.32919
2330.4	3676.8	-0.12348	-0.69935	40474	3.0385	1.2429	1.2959	24282	1.1454e+06	3.0277e+06	9.3543e+05	11.545	0.21192	0.3165
2343.3	3587.4	-0.061659	-0.687	35980	3.0558	1.2383	2.5043	45401	1.4891e+06	4.7875e+06	1.3971e+06	11.556	0.18699	0.34239
2359.2	3438.4	0.045212	-0.65934	35485	3.0765	1.2328	2.505	45028	1.3595e+06	4.7433e+06	1.3604e+06	11.109	0.18566	0.31851
2377.8	3290.4	0.12931	-0.64684	41314	3.0996	1.2269	1.0061	17203	7.6782e+05	2.4073e+06	7.4324e+05	10.284	0.22706	0.23398
2398.8	3198.9	0.13827	-0.65994	50747	3.124	1.2206	0.50903	4551.3	3.7275e+05	7.6817e+05	2.5248e+05	9.6996	0.25516	0.22689
2421.7	3145.8	0.10447	-0.68096	59678	3.1494	1.2136	0.7029	1486.4	2.0584e+05	3.1932e+05	1.1894e+05	9.998	0.3041	0.23741
2446.2	3114.4	0.052465	-0.70655	65742	3.1752	1.206	0.8011	654.69	1.3382e+05	1.3292e+05	48690	10.258	0.29398	0.25234
2471.7	3102.5	-0.0071336	-0.73201	67566	3.201	1.1979	0.82358	504.85	1.1659e+05	84855	28513	10.334	0.2587	0.27248
2497.9	3108.5	-0.070952	-0.75841	64380	3.2261	1.1894	0.80253	784.52	1.4592e+05	1.0745e+05	32741	10.154	0.22313	0.2958
2524.2	3123.6	-0.12691	-0.78037	56242	3.2503	1.1805	0.69554	2251	2.4965e+05	2.5843e+05	71965	9.7391	0.19255	0.31853
2550.1	3140.5	-0.16921	-0.79733	43985	3.2732	1.1717	0.14665	10696	5.5024e+05	1.0621e+06	2.8168e+05	9.6746	0.17126	0.31883
2575.2	3053.3	-0.087864	-0.77833	32692	3.2948	1.1631	2.5	55147	1.1793e+06	4.819e+06	1.2612e+06	10.03	0.15783	0.25485
2598.9	2824.1	0.1253	-0.73686	33766	3.3145	1.1556	2.5017	39758	8.5328e+05	4.7015e+06	1.2871e+06	9.2172	0.19147	0.1903
2620.9	2674.7	0.20274	-0.72987	44606	3.3315	1.1495	0.44045	7110.2	3.2282e+05	9.8152e+05	2.7248e+05	8.2125	0.20503	0.18049
2640.7	2624.3	0.16075	-0.7414	54189	3.346	1.1441	0.71308	2037.5	1.662e+05	2.926e+05	82181	8.0919	0.21027	0.18349
2658	2592.7	0.11684	-0.75341	60483	3.3582	1.1393	0.80905	910.91	1.084e+05	1.2519e+05	34798	8.2782	0.20499	0.18564
2672.4	2578.4	0.071375	-0.76372	63977	3.3682	1.1354	0.83595	569.78	84764	77942	21754	8.4024	0.20551	0.18439
2683.7	2570.4	0.037486	-0.77198	65573	3.3758	1.1322	0.8457	456.36	75375	60486	16701	8.4572	0.20103	0.18034
2691.7	2568.2	0.011532	-0.77758	66065	3.3812	1.13	0.84726	425.92	72692	56685	15694	8.4756	0.20188	0.17769
2696.2	2567.2	-0.0020019	-0.78084	66126	3.3841	1.1288	0.84767	422.06	72306	55467	15273	8.4755	0.1999	0.17659
2697.2	2567.3	-0.0055523	-0.78155	66113	3.3848	1.1285	0.84738	422.81	72374	55751	15373	8.4751	0.20041	0.17664
2700.1	2567.3	-0.01476	-0.7836	66036	3.3868	1.1277	0.84681	427.28	72755	56236	15491	8.471	0.20008	0.17727
2706.9	2568.4	-0.036208	-0.78838	65594	3.3912	1.1257	0.84424	454.34	75089	59366	16285	8.4518	0.19876	0.18051
2717.5	2572.3	-0.069085	-0.79557	64165	3.3981	1.1227	0.83609	552.96	83100	70721	19152	8.392	0.19489	0.1857
2731.5	2583.1	-0.11222	-0.805	60895	3.407	1.1187	0.81159	857.45	1.0437e+05	1.0617e+05	28199	8.2667	0.18875	0.18781
2748.7	2600.1	-0.16064	-0.81544	54781	3.4178	1.1137	0.7316	1862.8	1.5592e+05	2.2269e+05	57766	8.0427	0.18141	0.18403
2768.9	2624.8	-0.20651	-0.82582	45085	3.4302	1.1079	0.35818	6404.6	2.9477e+05	7.6242e+05	1.9742e+05	8.0388	0.18077	0.17462
2791.4	2579.5	-0.15317	-0.82026	33595	3.4438	1.1012	1.9089	34083	6.5614e+05	4.0072e+06	1.0531e+06	8.4276	0.18266	0.15363
2816	2384.2	0.084925	-0.79008	31036	3.4583	1.0944	2.4978	43610	6.3159e+05	4.79e+06	1.1992e+06	7.8819	0.16811	0.13342
2842.1	2219.9	0.20004	-0.77865	40947	3.4724	1.0879	0.42257	8260.2	2.3744e+05	1.0009e+06	2.4749e+05	6.9522	0.17359	0.12714
2869.2	2161.1	0.12036	-0.79085	50590	3.4862	1.0815	0.7318	2118.9	1.1382e+05	2.8104e+05	70760	6.5529	0.18312	0.12163
2896.7	2126.2	0.034874	-0.80346	55281	3.4997	1.0749	0.80676	1172.5	81894	1.5412e+05	38735	6.5947	0.18215	0.11423
2924	2128.8	-0.074497	-0.81782	54070	3.5127	1.0684	0.7863	1360.1	88420	1.7943e+05	45092	6.5599	0.18238	0.10608
2950.6	2143.2	-0.15373	-0.82906	47541	3.525	1.0619	0.62928	3062	1.3451e+05	4.0727e+05	1.0241e+05	6.4984	0.18305	0.097318
2976	2156.1	-0.19877	-0.83679	37492	3.5365	1.0557	0.2415	13018	2.808e+05	1.6544e+06	4.1563e+05	6.8851	0.17977	0.087508
2999.7	2070.8	-0.064388	-0.82949	30052	3.5471	1.05	2.0643	38307	4.4342e+05	4.2724e+06	1.0277e+06	6.8606	0.16158	0.081469
3021.1	1936.7	0.10654	-0.81831	31270	3.5561	1.0451	1.0736	27757	3.2905e+05	2.7462e+06	6.344e+05	6.3993	0.14345	0.083381
3039.8	1861.7	0.13792	-0.81722	35884	3.5636	1.0411	0.33722	12411	2.0292e+05	1.2506e+06	2.8588e+05	6.0006	0.14286	0.082566
3055.5	1816.8	0.11906	-0.81995	39642	3.5696	1.0378	0.45296	6700.3	1.4181e+05	8.0071e+05	1.8454e+05	5.7311	0.15623	0.078337
3067.8	1792.5	0.087367	-0.82328	41943	3.5742	1.0353	0.54188	4661.7	1.1506e+05	6.1809e+05	1.4427e+05	5.5831	0.16509	0.073141
3076.5	1777.5	0.06303	-0.82582	43114	3.5774	1.0335	0.57831	3876.2	1.0313e+05	5.4888e+05	1.2914e+05	5.5013	0.17124	0.068987
3081.4	1771.5	0.046952	-0.82738	43589	3.5792	1.0325	0.59319	3599.4	98693	5.2028e+05	1.226e+05	5.4687	0.17302	0.067252
3082.5	1769.8	0.043566	-0.82773	43682	3.5796	1.0323	0.5963	3545.6	97764	5.1449e+05	1.2125e+05	5.4609	0.1733	0.067116
3086.4	1765.4	0.030812	-0.82897	43938	3.5811	1.0315	0.60456	3402.3	95277	4.9839e+05	1.1747e+05	5.4397	0.17394	0.066523
3095.5	1757	0.00082624	-0.83187	44193	3.5843	1.0297	0.60196	3251.4	92234	4.9655e+05	1.1818e+05	5.4065	0.17844	0.063587
3109.5	1748.6	-0.044556	-0.83627	43649	3.5893	1.0268	0.55369	3477.2	94455	5.6265e+05	1.3626e+05	5.3964	0.186	0.058257
3128	1741.2	-0.093676	-0.84154	41378	3.5958	1.0231	0.38629	4772.9	1.097e+05	8.0827e+05	1.9987e+05	5.4401	0.19396	0.052271
3150.5	1725.1	-0.11789	-0.84627	37069	3.6034	1.0186	0.14508	8887.2	1.4688e+05	1.4676e+06	3.6381e+05	5.5223	0.19315	0.04693
3176.4	1667.9	-0.058181	-0.84783	32854	3.6121	1.0134	0.7252	16035	1.8411e+05	2.3552e+06	5.5761e+05	5.4737	0.17527	0.044493
3205	1569.5	0.044687	-0.84722	32672	3.6211	1.008	0.52115	14618	1.5519e+05	1.9765e+06	4.4753e+05	5.1565	0.15706	0.045611
3235.5	1481.7	0.062651	-0.84964	35578	3.63	1.0026	0.28084	8242.7	1.0356e+05	1.1891e+06	2.6642e+05	4.7843	0.15659	0.043449
3267.1	1420.9	0.010125	-0.85508	37373	3.6387	0.99721	0.33593	5756.6	79421	9.687e+05	2.1958e+05	4.5404	0.16904	0.037081
3298.9	1378.5	-0.047334	-0.86091	36462	3.647	0.99196	0.21749	6225	77611	1.1529e+06	2.6404e+05	4.4281	0.17809	0.030968
3330.1	1332.2	-0.055712	-0.86544	34072	3.6548	0.98696	0.19833	8430.4	84208	1.5371e+06	3.486e+05	4.34	0.17437	0.027268
3359.7	1273.9	-0.026659	-0.86865	32436	3.6619	0.98236	0.26011	10002	83691	1.6319e+06	3.6171e+05	4.1913	0.15894	0.025966
3387.1	1213.8	-0.00040353	-0.87134	31997	3.668	0.9783	0.24598	9747.2	74821	1.5552e+06	3.4181e+05	4.0042	0.15345	0.024906
3411.3	1159.4	0.0073545	-0.87394	32150	3.6732	0.97485	0.22644	8675.7	64258	1.4105e+06	3.2548e+05	3.8212	0.15168	0.023052
3431.9	1114.4	0.0013258	-0.8764	32260	3.6773	0.97205	0.22555	7874.7	56445	1.3617e+06	3.2646e+05	3.6704	0.15531	0.021273
3448.2	1079.7	-0.006846	-0.87839	32222	3.6805	0.9699	0.22421	7438.4	51421	1.3256e+06	3.2614e+05	3.5572	0.15642	0.01989
3459.8	1056.1	-0.015324	-0.87986	32082	3.6827	0.96841	0.22059	7278.3	48608	1.3162e+06	3.2906e+05	3.4823	0.15659	0.018715
3466.3	1043	-0.019861	-0.88069	31964	3.6839	0.96759	0.21787	7233.6	47233	1.3218e+06	3.333e+05	3.4411	0.15697	0.018057
3467.9	1039.9	-0.021026	-0.88089	31930	3.6842	0.96739	0.21705	7228.4	46930	1.3245e+06	3.3465e+05	3.4312	0.15709	0.017993
3469.9	1035.7	-0.022406	-0.88115	31882	3.6845	0.96713	0.21588	7222.7	46525	1.3354e+06	3.3852e+05	3.4176	0.15785	0.017949
3474.8	1026	-0.025617	-0.88175	31764	3.6854	0.96653	0.21473	7218.4	45620	1.3259e+06	3.3804e+05	3.3864	0.15647	0.017769
3482.4	1010.8	-0.029948	-0.88267	31543	3.6868	0.96559	0.21269	7247.7	44332	1.3784e+06	3.5539e+05	3.3377	0.15957	0.0173
3492.6	989.9	-0.033452	-0.88385	31228	3.6886	0.96437	0.21167	7298.5	42626	1.3699e+06	3.5711e+05	3.2711	0.1567	0.016756
3505.2	963.66	-0.036874	-0.88526	30777	3.6907	0.96287	0.22311	7415	40662	1.4549e+06	3.8587e+05	3.1875	0.16037	0.015854
3520.1	930.16	-0.033261	-0.88679	30295	3.6931	0.96117	0.2284	7443	37888	1.4419e+06	3.8891e+05	3.08	0.15669	0.015336
3537.1	892.14	-0.034511	-0.8885	29754	3.6958	0.9593	0.23941	7446.5	34789	1.4742e+06	4.057e+05	2.9576	0.15694	0.014447
3555.8	846.37	-0.026612	-0.89019	29274	3.6986	0.95732	0.24971	7222.2	30756	1.4581e+06	4.1065e+05	2.8089	0.15644	0.014004
3576.1	797.99	-0.031888	-0.89198	28778	3.7014	0.9553	0.24582	6935.2	26712	1.4323e+06	4.1265e+05	2.6512	0.15621	0.012979
3597.6	745.92	-0.034937	-0.89379	28265	3.7042	0.95328	0.24239	6565.7	22633	1.3438e+06	3.9655e+05	2.4811	0.15162	0.01228
3620	702.12	-0.07585	-0.89583	27379	3.7069	0.95131	0.21751	6683.6	20172	1.2722e+06	3.8349e+05	2.34	0.13974	0.011274
3643	658.07	-0.089523	-0.89754	26063	3.7096	0.9494	0.20251	7222.8	18361	1.4035e+06	4.3023e+05	2.1997	0.13949	0.010923
3666.3	616.7	-0.11795	-0.899	24529	3.712	0.9476	0.1837	8087.2	17007	1.3805e+06	4.3938e+05	2.0685	0.12201	0.010253
3689.4	562.31	-0.065616	-0.89985	23135	3.7143	0.94593	0.39877	8398.5	14343	1.832e+06	5.5487e+05	1.892	0.1428	0.0086551
3712.2	493.41	-0.0079293	-0.90084	22791	3.7163	0.94446	0.27049	6832.3	9895.7	1.433e+06	4.1338e+05	1.6615	0.12454	0.0066188
3734.2	448.32	-0.068855	-0.90265	22499	3.718	0.9432	0.28217	5910.7	7562.5	1.1018e+06	3.196e+05	1.5107	0.10568	0.0079976
3755.1	437.47	-0.2479	-0.9036	21141	3.7195	0.94208	0.49489	7003.4	7828.9	6.8963e+05	2.8505e+05	1.4787	0.059931	0.013795
3774.6	459.35	-0.45629	-0.90434	18131	3.7208	0.94108	0.52612	12472	11546	5.6114e+05	4.4884e+05	1.5567	0.033272	0.014712
3792.5	477.4	-0.7367	-0.90619	13518	3.722	0.94021	1.0409	27881	18683	-4.5838e+05	9.5319e+05	1.6179	2.8547e-07	0.0093739
3808.5	449.08	-1.048	-0.90926	7680.5	3.7227	0.93964	0.69723	54967	23142	-42148	1.9717e+06	1.4514	0.00709	0.0093525
3822.3	359.15	-0.96153	-0.90717	2775.5	3.7232	0.9393	1.3092	60000	15292	2.4302e+06	2.333e+06	1.0901	0.024086	0.009459
3833.7	283.18	-0.35016	-0.90476	450.9	3.7236	0.93896	2.2094	47024	8317	4.5294e+06	1.4359e+06	0.83642	0.048587	0.0013547
3842.6	222.24	0.24175	-0.90643	326.65	3.724	0.93869	1.2937	29316	3996.2	2.9519e+06	8.2137e+05	0.65552	0.05475	-0.00065263
3848.8	175.22	0.38531	-0.908	743.34	3.7242	0.93854	0.67374	17499	1896.5	1.505e+06	4.332e+05	0.51928	0.050934	-0.00038192
3852.4	154.74	0.37146	-0.90889	953.55	3.7243	0.93848	0.64379	13369	1284.7	9.2901e+05	3.0385e+05	0.45969	0.043637	3.9713e-05
3853.2	150	0.34906	-0.90906	999.99	3.7243	0.93846	0.63807	12506	1165.8	8.6755e+05	2.8134e+05	0.44585	0.043889	0
