0	7303.3	-9.7e-06	1.2086	76087	0	-0.21212	784.29	8.4051e+05	1.91e+05	80776	25.477	0.35395	0.077385
7.3897	7299.6	0.00033511	1.2095	76096	0.0030271	-0.20429	782.39	8.3862e+05	1.9054e+05	80582	25.465	0.35433	0.077712
24.41	7291	0.0010675	1.2116	76184	0.0099474	-0.18627	769.85	8.2987e+05	1.8749e+05	79294	25.447	0.35539	0.078666
50.152	7278.3	0.0019604	1.2144	76473	0.020287	-0.15903	732.94	8.0683e+05	1.785e+05	75494	25.438	0.35612	0.082491
83.323	7262.8	0.0025663	1.2174	77031	0.033415	-0.12396	668.14	7.67e+05	1.6272e+05	68817	25.454	0.35859	0.091988
122.26	7246.4	0.0024813	1.2201	77766	0.048599	-0.082841	591.66	7.1842e+05	1.4408e+05	60935	25.489	0.35764	0.11114
165.01	7230.9	0.0014441	1.2221	78392	0.065065	-0.037765	532.79	6.7876e+05	1.2974e+05	54870	25.514	0.37314	0.14768
209.42	7216.1	-0.00017619	1.2234	78609	0.08203	0.0089984	512.4	6.6285e+05	1.2478e+05	52772	25.489	0.3496	0.21598
253.28	7205.1	-0.0027124	1.2238	78189	0.098718	0.055103	546.53	6.8244e+05	95616	35124	25.397	0.27754	0.33467
294.38	7200.6	-0.0064054	1.2234	76867	0.11438	0.098269	674	7.5688e+05	73838	24102	25.215	0.20327	0.4935
330.66	7199	-0.010176	1.2224	74701	0.12829	0.13636	946.35	8.9645e+05	79725	25382	24.945	0.17101	0.59003
360.31	7196.3	-0.012479	1.2216	72254	0.13974	0.16747	1376.3	1.0803e+06	1.5769e+05	51854	24.646	0.20935	0.55595
381.83	7189.5	-0.012398	1.2215	70301	0.14809	0.19005	1837.1	1.2456e+06	2.6823e+05	93168	24.368	0.24577	0.47482
394.15	7182.4	-0.011307	1.2217	69246	0.15289	0.20296	2134	1.3398e+06	3.5611e+05	1.2878e+05	24.179	0.26849	0.41991
397.07	7180.2	-0.010888	1.2218	69012	0.15403	0.20603	2204.9	1.361e+06	3.7733e+05	1.3764e+05	24.136	0.27309	0.40607
400.7	7177.3	-0.010307	1.2219	68735	0.15544	0.20983	2291.5	1.3863e+06	4.0521e+05	1.4944e+05	24.084	0.27926	0.39708
409.16	7169	-0.0085666	1.2222	68160	0.15874	0.21869	2479.9	1.4388e+06	4.7356e+05	1.7992e+05	23.969	0.29468	0.36149
422.21	7153	-0.0049719	1.2227	67519	0.16382	0.23232	2701.4	1.4948e+06	5.7095e+05	2.2559e+05	23.82	0.31588	0.31918
439.52	7123.9	0.0015583	1.2235	67291	0.17055	0.25037	2766	1.5e+06	6.7541e+05	2.8593e+05	23.689	0.34953	0.27648
460.68	7084.9	0.0097259	1.2238	68160	0.17877	0.27232	2422.1	1.3879e+06	5.9144e+05	2.5038e+05	23.688	0.3613	0.23979
485.15	7048	0.015855	1.2228	70430	0.1883	0.29756	1732.8	1.1615e+06	4.2299e+05	1.7905e+05	23.908	0.35712	0.22386
512.34	7018.6	0.018203	1.2203	73756	0.19896	0.32544	1040.9	8.9251e+05	2.5398e+05	1.0749e+05	24.21	0.36126	0.22832
541.58	6999	0.016613	1.2163	77377	0.2106	0.35527	587.22	6.6652e+05	1.432e+05	60592	24.571	0.35509	0.24803
572.14	6985.9	0.012587	1.211	80527	0.22302	0.38631	351.42	5.1364e+05	85653	36235	24.917	0.35757	0.27909
603.28	6977.9	0.0071537	1.2048	82689	0.23602	0.4178	244.71	4.276e+05	59620	25219	25.168	0.35216	0.31723
634.23	6972.6	0.0012862	1.1978	83604	0.24932	0.44899	209.36	3.9491e+05	51001	21572	25.27	0.35435	0.35909
664.22	6969.7	-0.0045941	1.1904	83260	0.26265	0.47911	221.74	4.0608e+05	54022	22850	25.214	0.35114	0.39934
692.52	6967.6	-0.0099234	1.1829	81821	0.27565	0.50744	282.16	4.5778e+05	68762	29088	25.018	0.35388	0.43338
718.44	6965.4	-0.014416	1.1757	79617	0.28795	0.5333	405.43	5.4839e+05	98845	41821	24.729	0.35186	0.45663
741.32	6961.6	-0.017621	1.1693	77050	0.29915	0.55607	612.01	6.7301e+05	1.4928e+05	63172	24.4	0.35363	0.46948
760.61	6955.8	-0.019424	1.1641	74553	0.30885	0.57522	903.91	8.1651e+05	2.2059e+05	93363	24.085	0.35165	0.4746
775.84	6947.9	-0.019865	1.1602	72463	0.31667	0.59029	1242.9	9.5521e+05	3.0343e+05	1.2845e+05	23.819	0.353	0.47746
786.63	6939.9	-0.01951	1.1578	70986	0.32229	0.60094	1549.5	1.0641e+06	3.784e+05	1.602e+05	23.627	0.35232	0.48018
792.71	6934.3	-0.018991	1.1565	70172	0.32549	0.60694	1741.3	1.1261e+06	4.2533e+05	1.8008e+05	23.483	0.35309	0.48134
794.14	6932.9	-0.018842	1.1562	69984	0.32625	0.60835	1788.4	1.1408e+06	4.3685e+05	1.8496e+05	23.45	0.35275	0.48181
800.59	6925.8	-0.017991	1.155	69161	0.32966	0.61469	2008.4	1.2064e+06	4.9071e+05	2.0778e+05	23.303	0.35301	0.48679
815.47	6905.3	-0.014952	1.1528	67453	0.33762	0.6293	2540.8	1.3487e+06	6.2107e+05	2.6302e+05	22.986	0.35315	0.50285
838.08	6863.3	-0.0078533	1.1512	65643	0.34989	0.6514	3222.7	1.5e+06	7.8822e+05	3.3389e+05	22.592	0.35328	0.54295
867.45	6796.5	0.0035798	1.1507	65205	0.36604	0.67986	3354.5	1.5e+06	8.2081e+05	3.4774e+05	22.313	0.35276	0.52537
902.28	6723.7	0.013818	1.1467	67390	0.38555	0.71322	2430.2	1.2488e+06	5.9458e+05	2.5189e+05	22.372	0.35185	0.48476
941.05	6669.6	0.015576	1.1361	71420	0.40808	0.74986	1340.9	9.1241e+05	3.2789e+05	1.3888e+05	22.753	0.3513	0.51366
982.06	6636.8	0.0093057	1.1196	74941	0.43331	0.78811	774.84	6.8661e+05	1.8939e+05	80207	23.024	0.34925	0.58587
1023.5	6616.5	-0.00054768	1.0994	76185	0.46074	0.82628	633.9	6.1714e+05	1.5493e+05	65609	23.092	0.34969	0.64648
1063.6	6600.3	-0.010404	1.0776	74712	0.48946	0.86271	794.1	6.8728e+05	1.9415e+05	82226	22.872	0.34927	0.65908
1100.7	6579.9	-0.017279	1.0568	71261	0.51811	0.89586	1336.6	8.8603e+05	3.2701e+05	1.3853e+05	22.43	0.34966	0.62741
1132.9	6546.6	-0.018482	1.0401	67362	0.54486	0.92436	2312.9	1.1534e+06	5.6633e+05	2.3942e+05	21.779	0.35036	0.60014
1159.1	6500.4	-0.014157	1.029	64507	0.56769	0.94713	3372.8	1.3728e+06	8.2627e+05	3.4736e+05	21.251	0.3496	0.61688
1177.9	6455.1	-0.008321	1.0233	63117	0.58473	0.96336	4004.2	1.4745e+06	9.8128e+05	4.1112e+05	20.928	0.34937	0.67959
1188.7	6425.8	-0.0047247	1.0212	62667	0.59463	0.97254	4211.1	1.4981e+06	1.0321e+06	4.3173e+05	20.778	0.34973	0.75233
1191.2	6418.6	-0.0039216	1.0208	62596	0.597	0.97471	4241.2	1.5e+06	1.0395e+06	4.3468e+05	20.747	0.34964	0.75892
1195.7	6405.9	-0.0024878	1.0201	62504	0.60117	0.97852	4275.9	1.5e+06	1.0481e+06	4.3802e+05	20.694	0.3497	0.75734
1206.1	6375.9	0.0010458	1.0182	62454	0.61094	0.98732	4263.7	1.4835e+06	1.0452e+06	4.3633e+05	20.591	0.34987	0.69947
1222.1	6330.5	0.0067438	1.0138	62850	0.62618	1.0007	3989.4	1.4142e+06	9.7806e+05	4.0788e+05	20.492	0.35054	0.61322
1243.2	6276.5	0.012652	1.0046	64172	0.64683	1.0182	3288.9	1.2617e+06	8.0634e+05	3.3621e+05	20.478	0.35214	0.5667
1268.7	6224.6	0.01498	0.98913	66449	0.67289	1.039	2373.3	1.0536e+06	5.8178e+05	2.4287e+05	20.591	0.35217	0.57053
1297.9	6181.9	0.01159	0.9664	68939	0.7045	1.0624	1651.4	8.666e+05	4.0476e+05	1.693e+05	20.771	0.35139	0.62959
1329.9	6148.3	0.0031529	0.9371	70446	0.74182	1.0873	1315.6	7.649e+05	3.2242e+05	1.3498e+05	20.858	0.35337	0.727
1363.7	6119.1	-0.0078045	0.90254	69980	0.78483	1.1129	1394	7.7969e+05	3.4168e+05	1.428e+05	20.697	0.3553	0.82932
1398.3	6084.8	-0.018175	0.866	67185	0.8331	1.1382	2048	9.3424e+05	5.0221e+05	2.0883e+05	20.221	0.35717	0.87266
1432.6	6028.6	-0.022517	0.83273	62799	0.88544	1.1625	3642.4	1.2224e+06	8.9382e+05	3.6885e+05	19.509	0.35797	0.85759
1465.6	5930	-0.015006	0.81003	58848	0.93961	1.185	5867.7	1.5e+06	1.4409e+06	5.8983e+05	18.758	0.35712	0.79605
1496.3	5802.1	0.0048537	0.7915	57787	0.99276	1.2051	6416.6	1.5e+06	1.5765e+06	6.4175e+05	18.245	0.35526	0.60735
1523.8	5695.7	0.022301	0.76301	60047	1.0428	1.2223	4648.6	1.2292e+06	1.1422e+06	4.6444e+05	18.14	0.35271	0.45985
1547.2	5632.2	0.026602	0.72799	63404	1.0879	1.2363	2934.6	9.5444e+05	7.2097e+05	2.9363e+05	18.292	0.35137	0.43579
1565.8	5597.5	0.023604	0.6951	66064	1.1259	1.2469	2023.5	7.8257e+05	4.9704e+05	2.0283e+05	18.473	0.35185	0.45683
1579	5579	0.0189	0.66952	67650	1.1542	1.2541	1613.6	6.9411e+05	3.9631e+05	1.6194e+05	18.593	0.35186	0.49249
1586.5	5570.1	0.015715	0.65435	68373	1.1708	1.2581	1452.9	6.565e+05	3.5683e+05	1.4589e+05	18.648	0.35155	0.51185
1588.3	5568.2	0.014881	0.65071	68524	1.1747	1.2591	1421.1	6.4882e+05	3.4903e+05	1.4272e+05	18.66	0.35154	0.51659
1591.6	5564.7	0.013333	0.64384	68783	1.1822	1.2608	1368.1	6.3578e+05	3.36e+05	1.3742e+05	18.678	0.35173	0.51826
1599.3	5557.2	0.0094792	0.6275	69270	1.1998	1.2647	1273	6.116e+05	3.1264e+05	1.2791e+05	18.711	0.35156	0.56376
1611.1	5546.7	0.0032027	0.60148	69693	1.2278	1.2706	1193.8	5.8995e+05	2.9316e+05	1.1996e+05	18.726	0.35295	0.60382
1626.9	5534.7	-0.0057199	0.56543	69581	1.2666	1.2781	1207.7	5.9077e+05	2.9661e+05	1.213e+05	18.673	0.35371	0.69802
1646.3	5519.8	-0.01658	0.5198	68392	1.3166	1.2867	1422.9	6.3769e+05	3.4951e+05	1.4264e+05	18.482	0.35594	0.8038
1668.8	5499.9	-0.028422	0.46602	65574	1.3781	1.2958	2089.2	7.67e+05	5.1372e+05	2.0937e+05	18.096	0.34899	0.87266
1693.9	5460.2	-0.03706	0.40791	61004	1.4507	1.3048	3777.9	1.0162e+06	8.512e+05	3.7683e+05	17.486	0.3198	0.87266
1721.1	5371.4	-0.035179	0.3556	55428	1.533	1.3133	7350.8	1.3707e+06	1.7226e+06	7.7959e+05	16.673	0.33151	0.83356
1749.8	5181.1	-0.003944	0.32016	52072	1.6217	1.3211	10206	1.5e+06	2.5408e+06	1.1941e+06	15.798	0.35602	0.66851
1779.3	4970.6	0.034817	0.27616	54626	1.713	1.328	6936	1.1357e+06	1.7122e+06	8.0506e+05	15.362	0.36787	0.54688
1808.9	4850.2	0.040867	0.20637	60531	1.8053	1.3335	3168.2	7.2995e+05	7.8403e+05	3.6859e+05	15.49	0.36596	0.53326
1838.1	4788.2	0.025269	0.12419	65330	1.8975	1.3371	1637	5.1106e+05	4.0701e+05	1.9129e+05	15.731	0.35807	0.56292
1866.1	4755.7	0.00018236	0.041422	67107	1.9872	1.3388	1264.6	4.4294e+05	3.1481e+05	1.4795e+05	15.796	0.35188	0.87237
1892.4	4732.2	-0.024329	-0.035656	65575	2.0713	1.3388	1546.4	4.8489e+05	3.4101e+05	1.5103e+05	15.571	0.3223	0.66475
1916.3	4714.3	-0.044313	-0.10487	61685	2.1471	1.3376	2577.9	6.2119e+05	4.8465e+05	1.9934e+05	15.157	0.29005	0.71205
1937.2	4689.7	-0.057352	-0.15918	56608	2.2126	1.3356	4851	8.4305e+05	7.9944e+05	3.0829e+05	14.651	0.26576	0.71234
1954.9	4653.9	-0.060138	-0.19749	51700	2.2664	1.3333	8601	1.1051e+06	1.376e+06	5.2037e+05	14.163	0.26148	0.67035
1968.7	4600.1	-0.050868	-0.21858	48060	2.3078	1.3312	13213	1.3374e+06	2.1662e+06	8.2724e+05	13.948	0.2663	0.62431
1978.5	4542.4	-0.03521	-0.22774	46104	2.3363	1.3297	16653	1.4631e+06	2.8213e+06	1.0913e+06	13.838	0.27219	0.58766
1984.1	4501.6	-0.022766	-0.23071	45372	2.3522	1.3288	18101	1.4974e+06	3.0936e+06	1.1985e+06	13.766	0.27363	0.56499
1985.4	4491.6	-0.019591	-0.23136	45249	2.3559	1.3286	18330	1.5e+06	3.1328e+06	1.2126e+06	13.744	0.27356	0.56373
1988.4	4467.8	-0.012013	-0.23256	45036	2.3644	1.3281	18681	1.4979e+06	3.193e+06	1.2331e+06	13.687	0.27334	0.56721
1995.4	4409.5	0.0063428	-0.23416	44945	2.384	1.327	18431	1.4483e+06	3.288e+06	1.2886e+06	13.515	0.28114	0.56159
2006.2	4315.2	0.036185	-0.23893	45949	2.4135	1.3253	15355	1.2647e+06	3.0406e+06	1.2388e+06	13.156	0.30091	0.44465
2020.7	4203.6	0.067498	-0.25484	49221	2.4516	1.3229	9529	9.4414e+05	2.1422e+06	9.1556e+05	12.746	0.32629	0.37998
2038.5	4107.6	0.080557	-0.28391	54841	2.4963	1.3199	4615.4	6.2668e+05	1.1444e+06	5.1457e+05	12.71	0.34852	0.38169
2059.2	4044.9	0.069411	-0.32555	61322	2.5463	1.316	1989.5	3.9869e+05	4.6531e+05	2.0528e+05	12.977	0.33647	0.3974
2082.5	4013.5	0.039359	-0.37626	66496	2.6	1.311	980.23	2.7541e+05	1.9002e+05	76947	13.281	0.29708	0.44645
2107.8	3998.3	0.0011345	-0.43084	68575	2.6557	1.3048	727.5	2.3542e+05	1.2617e+05	48521	13.403	0.27511	0.46636
2134.7	3995.5	-0.041242	-0.48627	66413	2.7118	1.2974	982.72	2.7323e+05	1.5203e+05	54860	13.214	0.25296	0.51681
2162.6	3995.1	-0.079596	-0.53715	59600	2.7668	1.2889	2421.3	4.288e+05	3.9192e+05	1.415e+05	12.692	0.25953	0.50421
2190.9	3970.7	-0.098554	-0.57557	49196	2.8193	1.2797	8529.4	7.9473e+05	1.3234e+06	4.5717e+05	12.04	0.24972	0.46547
2219.1	3851.4	-0.048796	-0.57777	40211	2.8686	1.2702	27689	1.3451e+06	3.364e+06	1.0505e+06	12.111	0.20945	0.43487
2246.5	3646.3	0.057115	-0.55639	40552	2.9137	1.2616	23608	1.1102e+06	3.2479e+06	1.0397e+06	11.444	0.22746	0.36761
2272.7	3492	0.10585	-0.5618	48815	2.9536	1.254	6921.4	5.5017e+05	1.3141e+06	4.7235e+05	10.588	0.28219	0.30203
2297.1	3421.2	0.087328	-0.58721	57187	2.9884	1.2469	2403.5	3.1088e+05	4.6748e+05	1.7094e+05	10.723	0.2873	0.31246
2319.1	3389.5	0.050966	-0.61442	62451	3.0183	1.2403	1205.5	2.1601e+05	2.1029e+05	73620	10.946	0.26744	0.31672
2338.4	3376.1	0.012829	-0.63872	64543	3.0434	1.2344	905.33	1.8567e+05	1.5499e+05	53946	11.039	0.26432	0.34057
2354.6	3371.1	-0.019471	-0.65861	64366	3.0637	1.2293	924.43	1.8705e+05	1.4474e+05	48291	11.011	0.24817	0.3349
2367.3	3370.8	-0.045052	-0.67361	62983	3.0792	1.2252	1111.5	2.0507e+05	1.7587e+05	58769	10.92	0.24973	0.34663
2376.2	3371.6	-0.062195	-0.68383	61365	3.0899	1.2222	1374.5	2.2815e+05	2.104e+05	68947	10.82	0.24371	0.33499
2381.2	3372.5	-0.07171	-0.68934	60229	3.0958	1.2206	1592.3	2.457e+05	2.4761e+05	81535	10.752	0.24622	0.33781
2382.4	3372.6	-0.073819	-0.69063	59938	3.0972	1.2202	1652.7	2.5034e+05	2.5533e+05	83754	10.735	0.24506	0.33558
2385.2	3373	-0.07874	-0.69355	59232	3.1005	1.2192	1808.6	2.6194e+05	2.7974e+05	91665	10.693	0.24513	0.33625
2391.6	3374	-0.089691	-0.70011	57410	3.1079	1.2171	2273.9	2.9388e+05	3.5156e+05	1.1471e+05	10.587	0.24476	0.33665
2401.5	3374	-0.10443	-0.70939	54149	3.1193	1.2137	3384.3	3.5854e+05	5.2312e+05	1.6949e+05	10.401	0.24418	0.33247
2414.8	3368.4	-0.11728	-0.71913	49156	3.1342	1.2092	6169.1	4.8241e+05	9.6086e+05	3.1023e+05	10.213	0.24493	0.31845
2431.2	3335.5	-0.10953	-0.72373	42777	3.1521	1.2036	14321	7.2034e+05	2.0759e+06	6.5285e+05	10.342	0.23298	0.30258
2450.4	3247	-0.053217	-0.71345	37386	3.1724	1.1971	30000	9.8672e+05	3.3434e+06	9.4782e+05	10.375	0.19195	0.29896
2472	3110	0.042672	-0.69366	36982	3.1946	1.1902	29265	8.921e+05	3.2932e+06	9.2137e+05	9.9601	0.19197	0.26086
2495.6	2976.5	0.10632	-0.68687	42785	3.2176	1.1831	11392	5.0872e+05	1.694e+06	5.1229e+05	9.2286	0.22802	0.22782
2520.8	2898.8	0.092926	-0.69871	50513	3.2408	1.1758	3849.4	2.8011e+05	5.8507e+05	1.7498e+05	8.7896	0.22708	0.23309
2547.1	2860.4	0.041968	-0.71772	55753	3.2638	1.1681	2003.8	1.9665e+05	2.7224e+05	77594	8.8946	0.20957	0.24489
2574.1	2847.8	-0.023505	-0.73889	56472	3.2863	1.1602	1818.9	1.8568e+05	2.2718e+05	62528	8.8904	0.19628	0.25473
2601.2	2846.9	-0.083099	-0.75766	52336	3.3081	1.152	2987.6	2.378e+05	3.3764e+05	88649	8.6923	0.17956	0.25587
2627.9	2853.7	-0.13097	-0.77243	43960	3.3288	1.1438	8862.3	4.1157e+05	9.5975e+05	2.4932e+05	8.7921	0.1746	0.2394
2653.7	2785.6	-0.079452	-0.76571	35388	3.3483	1.1359	30000	7.2066e+05	3.3802e+06	9.0102e+05	9.0045	0.18217	0.2023
2678.2	2631.5	0.060182	-0.74416	34658	3.366	1.1288	30000	6.4131e+05	3.3268e+06	8.6045e+05	8.5432	0.17551	0.1722
2700.9	2517.6	0.12166	-0.73905	40472	3.3815	1.1227	11388	3.6086e+05	1.4725e+06	3.9046e+05	7.9054	0.19182	0.15394
2721.3	2458.7	0.10409	-0.7457	46365	3.3948	1.1174	4707	2.2102e+05	6.319e+05	1.6684e+05	7.4799	0.19347	0.14888
2739.1	2429.9	0.064356	-0.75499	50086	3.4061	1.1128	2854.7	1.68e+05	3.8188e+05	1.0005e+05	7.3677	0.19188	0.14687
2754	2414.1	0.025404	-0.76304	51700	3.4152	1.109	2314.2	1.4925e+05	3.1146e+05	81758	7.3465	0.1926	0.14619
2765.6	2407.5	-0.0070439	-0.76966	51968	3.4223	1.1059	2230.8	1.4573e+05	2.9869e+05	78176	7.3369	0.19172	0.14435
2773.8	2404.3	-0.029443	-0.77403	51601	3.4272	1.1038	2322.3	1.4828e+05	3.1253e+05	81888	7.313	0.19228	0.14265
2778.4	2403.7	-0.042184	-0.77659	51209	3.4299	1.1026	2429.4	1.5158e+05	3.2667e+05	85480	7.2962	0.192	0.14135
2779.5	2403.4	-0.045031	-0.77713	51094	3.4305	1.1023	2461.6	1.5254e+05	3.3128e+05	86701	7.291	0.19208	0.14139
2782.5	2403.1	-0.053085	-0.77872	50739	3.4323	1.1015	2571.1	1.5586e+05	3.4535e+05	90293	7.2866	0.19174	0.14156
2789.5	2402.8	-0.071102	-0.78227	49694	3.4364	1.0997	2933.2	1.6643e+05	3.941e+05	1.0305e+05	7.2858	0.19178	0.14204
2800.4	2403.6	-0.097073	-0.78744	47497	3.4427	1.0968	3872.7	1.9137e+05	5.0628e+05	1.3106e+05	7.2881	0.18759	0.14124
2814.8	2403.4	-0.1233	-0.79306	43643	3.451	1.093	6574	2.4928e+05	8.0499e+05	2.0438e+05	7.4173	0.17914	0.13779
2832.6	2391.1	-0.12997	-0.79643	38099	3.461	1.0883	14607	3.6769e+05	1.7104e+06	4.3046e+05	7.6088	0.17455	0.13287
2853.3	2324.8	-0.059254	-0.79029	33090	3.4724	1.0829	30000	4.9746e+05	3.2384e+06	7.9752e+05	7.6187	0.16352	0.12378
2876.6	2204.1	0.065842	-0.77871	33366	3.4847	1.0771	25807	4.136e+05	2.7219e+06	6.5361e+05	7.211	0.15723	0.11264
2901.9	2105.2	0.10727	-0.77737	38623	3.4974	1.0711	10468	2.3974e+05	1.1677e+06	2.787e+05	6.6792	0.16018	0.10644
2928.8	2047.5	0.061444	-0.78496	43543	3.5102	1.065	4839.4	1.5399e+05	6.0339e+05	1.4668e+05	6.3224	0.17228	0.10093
2956.7	2017.2	-0.013381	-0.79518	44965	3.5229	1.0588	3846.3	1.3315e+05	4.9518e+05	1.2097e+05	6.1819	0.17564	0.093138
2985	2005.3	-0.085789	-0.80498	42041	3.5354	1.0524	5752.4	1.6087e+05	7.3944e+05	1.8105e+05	6.2425	0.17593	0.084296
3013.2	1980.9	-0.10485	-0.8106	36279	3.5475	1.0461	13221	2.3784e+05	1.6793e+06	4.115e+05	6.3699	0.1753	0.074954
3040.7	1904.9	-0.026865	-0.80928	32372	3.5589	1.0401	22600	2.8701e+05	2.5328e+06	5.9486e+05	6.27	0.15764	0.069207
3066.8	1804.5	0.064015	-0.80658	33457	3.5692	1.0346	17048	2.2308e+05	1.9781e+06	4.5933e+05	5.9005	0.15719	0.068528
3091.2	1728.5	0.079077	-0.80805	36789	3.5783	1.0298	9310.7	1.5095e+05	1.172e+06	2.6893e+05	5.5421	0.15768	0.065592
3113.3	1683.2	0.042969	-0.81255	39189	3.5861	1.0255	6150.2	1.1617e+05	8.1377e+05	1.8565e+05	5.3233	0.15831	0.060166
3132.6	1655.9	-0.0020733	-0.8172	39845	3.5927	1.0219	5401.6	1.0529e+05	8.2638e+05	1.9285e+05	5.2178	0.17343	0.055011
3148.7	1637.6	-0.036173	-0.82098	39333	3.5981	1.0188	5699.1	1.0571e+05	8.9002e+05	2.079e+05	5.175	0.17493	0.050855
3161.4	1625.2	-0.05937	-0.82375	38331	3.6023	1.0165	6517.9	1.1131e+05	1.0191e+06	2.3789e+05	5.165	0.17482	0.047824
3170.4	1615.9	-0.070011	-0.8255	37390	3.6052	1.0148	7426.1	1.1741e+05	1.1618e+06	2.7119e+05	5.163	0.17484	0.045671
3175.4	1610.1	-0.073938	-0.82639	36803	3.6068	1.0139	8061.7	1.2143e+05	1.2632e+06	2.9499e+05	5.1619	0.17502	0.044677
3176.6	1608.6	-0.074387	-0.82658	36662	3.6072	1.0137	8221.6	1.224e+05	1.2881e+06	3.0077e+05	5.1613	0.17498	0.04459
3180.2	1603.8	-0.075289	-0.82714	36225	3.6084	1.013	8738.8	1.2542e+05	1.3669e+06	3.1893e+05	5.159	0.17472	0.04427
3188.7	1590.9	-0.072621	-0.82824	35218	3.611	1.0114	10047	1.3227e+05	1.5791e+06	3.6856e+05	5.1477	0.17503	0.042912
3201.7	1564.1	-0.053635	-0.82935	33892	3.6151	1.0091	11956	1.3936e+05	1.8591e+06	4.3129e+05	5.1012	0.17245	0.041147
3219	1521.1	-0.017952	-0.83039	32934	3.6204	1.006	13166	1.381e+05	1.8589e+06	4.1991e+05	4.9893	0.15836	0.03967
3240.2	1463.9	0.02027	-0.83175	32989	3.6266	1.0024	12088	1.2234e+05	1.7534e+06	3.9347e+05	4.8003	0.15752	0.038203
3264.7	1398.3	0.040878	-0.83402	34179	3.6334	0.99832	9131.8	96792	1.3831e+06	3.0844e+05	4.5525	0.15747	0.036038
3291.8	1342.4	0.013649	-0.83814	35312	3.6405	0.99402	7050.5	78230	1.1219e+06	2.4951e+05	4.3414	0.15892	0.032912
3321.1	1292.5	-0.019701	-0.84263	35134	3.6479	0.98954	6719	70656	1.2553e+06	2.8332e+05	4.1842	0.17404	0.029643
3351.6	1245.3	-0.044929	-0.84699	33890	3.6552	0.98501	7580.9	69546	1.2686e+06	2.8057e+05	4.0614	0.1594	0.026415
3382.8	1197.1	-0.047401	-0.85095	31954	3.6622	0.98056	9543.7	71960	1.5958e+06	3.5653e+05	3.9496	0.15732	0.023527
3413.7	1124.9	0.00079906	-0.85361	31050	3.6689	0.97633	9686.7	63822	1.6844e+06	3.9933e+05	3.7187	0.15692	0.022109
3443.7	1047.7	0.016122	-0.85651	31495	3.6748	0.97249	7845.4	49646	1.3575e+06	3.4095e+05	3.4601	0.15109	0.020591
3472	984.14	-0.0086646	-0.85984	31638	3.68	0.9691	6771.8	40571	1.2843e+06	3.3625e+05	3.2492	0.1575	0.018248
3497.9	930.96	-0.034815	-0.86288	31100	3.6844	0.96616	6583.6	35697	1.3068e+06	3.531e+05	3.0772	0.15962	0.016126
3520.8	885.13	-0.050094	-0.86542	30192	3.6881	0.96369	6849.2	32830	1.399e+06	3.8724e+05	2.9316	0.16035	0.014617
3540.1	843.93	-0.051624	-0.86733	29335	3.6911	0.96171	7112.6	30341	1.4536e+06	4.1e+05	2.8004	0.15783	0.013774
3555.3	809.38	-0.048059	-0.86868	28700	3.6933	0.96021	7221.9	28063	1.4982e+06	4.2935e+05	2.6895	0.15757	0.013309
3566.1	783.29	-0.042786	-0.86954	28311	3.6948	0.95918	7187.7	26177	1.497e+06	4.3403e+05	2.6051	0.1564	0.012839
3572.2	768.42	-0.040678	-0.87003	28114	3.6956	0.95862	7134.3	25075	1.491e+06	4.3518e+05	2.5567	0.15589	0.012571
3573.7	764.83	-0.040037	-0.87014	28070	3.6958	0.95849	7116.8	24805	1.4888e+06	4.3521e+05	2.5451	0.15578	0.012537
3576	759.05	-0.039275	-0.87032	27999	3.6961	0.95828	7087.9	24373	1.4866e+06	4.3566e+05	2.5262	0.15575	0.012489
3581.4	745.53	-0.037841	-0.87074	27844	3.6969	0.95779	7005.8	23355	1.4638e+06	4.3159e+05	2.4821	0.15436	0.012432
3589.9	724.61	-0.037535	-0.87138	27606	3.6979	0.95705	6869.4	21816	1.4534e+06	4.3225e+05	2.4137	0.15466	0.011982
3601.2	696.92	-0.039545	-0.87223	27307	3.6994	0.95609	6659.8	19831	1.3977e+06	4.2067e+05	2.323	0.15177	0.011707
3615.2	663.62	-0.046721	-0.87327	26883	3.701	0.95494	6453.8	17658	1.4305e+06	4.3551e+05	2.2141	0.15705	0.010667
3631.7	623.64	-0.050032	-0.87445	26387	3.7029	0.95367	6163.4	15192	1.3973e+06	4.3183e+05	2.0831	0.15763	0.010267
3650.4	581.5	-0.06563	-0.87569	25724	3.7048	0.95232	5949.8	12932	1.4045e+06	4.3108e+05	1.9452	0.15742	0.0092455
3671	537.53	-0.074332	-0.87699	24937	3.7068	0.95094	5758.8	10829	1.3843e+06	4.0878e+05	1.8013	0.14946	0.0088219
3693.2	498.81	-0.10203	-0.87827	23913	3.7087	0.94957	5836.4	9352.5	1.3901e+06	3.9695e+05	1.6754	0.14031	0.0076826
3716.7	460.35	-0.10609	-0.87956	22745	3.7107	0.94822	5991.5	8038.8	1.4331e+06	3.9862e+05	1.5504	0.13384	0.0074505
3741	425.87	-0.12747	-0.88052	21488	3.7125	0.94693	6275.3	7013.2	1.4076e+06	3.8578e+05	1.4383	0.12113	0.0067748
3765.9	393.9	-0.13626	-0.88174	20170	3.7142	0.94571	6643.5	6149.4	1.3902e+06	3.8244e+05	1.3344	0.10964	0.0061534
3790.8	369.91	-0.17982	-0.88278	18663	3.7158	0.94458	7436.2	5719.5	1.3953e+06	3.9566e+05	1.2536	0.096716	0.0055658
3815.4	344.91	-0.17232	-0.88393	17130	3.7173	0.94353	8233.5	5214	1.3849e+06	4.1045e+05	1.1689	0.085251	0.0055128
3839.4	333.38	-0.30356	-0.88465	15327	3.7186	0.94258	10221	5418.4	1.0409e+06	4.322e+05	1.1298	0.053866	0.006495
3862.3	331.58	-0.38245	-0.88576	12682	3.7198	0.94171	15344	6565.6	1.2824e+06	6.3026e+05	1.1237	0.045145	0.0047367
3883.7	319.25	-0.53254	-0.88724	9717.2	3.7209	0.94094	21779	7237.5	7.4127e+05	8.1242e+05	1.0617	0.020716	0.00086476
3903.4	306.56	-0.56245	-0.89157	6293.7	3.7217	0.94031	30000	7816.3	1.774e+06	1.0006e+06	0.97254	0.03154	-0.0021336
3921.1	271.31	-0.36988	-0.89333	4046.8	3.7225	0.93975	30000	6085.1	1.4214e+06	8.4793e+05	0.83638	0.026055	0.0062804
3936.3	250.29	-0.46457	-0.88979	2490.7	3.7231	0.93931	30000	5157.8	1.1696e+06	7.9737e+05	0.75709	0.02288	0.022111
3949	234.39	-0.34252	-0.87773	1179.7	3.7236	0.93897	30000	4508.3	2.2044e+06	8.0556e+05	0.69813	0.040681	0.023382
3958.9	205.33	-0.049756	-0.86784	734.49	3.7239	0.93871	24051	3077.4	2.5576e+06	6.678e+05	0.60845	0.058533	0.0074461
3965.9	173.92	0.18268	-0.86751	817.33	3.7242	0.93855	17116	1847.1	2.1574e+06	4.7505e+05	0.51585	0.070309	0.001524
3969.8	154.63	0.26106	-0.86777	964.28	3.7243	0.93848	13336	1281.3	1.8205e+06	3.7122e+05	0.45942	0.076464	2.2506e-05
3970.7	150	0.27806	-0.86813	1000	3.7243	0.93846	12506	1165.8	1.7086e+06	3.4506e+05	0.44585	0.07688	0
