0	7303.3	-9.7e-06	1.2086	76087	0	-0.21212	784.29	8.4051e+05	1.91e+05	80776	25.477	0.36184	0.089931
6.2166	7300.2	0.00027901	1.2094	76093	0.0025475	-0.20553	782.87	8.3901e+05	1.9065e+05	80631	25.467	0.36237	0.090051
20.574	7293	0.00090978	1.2112	76156	0.0083934	-0.19033	773.61	8.3234e+05	1.884e+05	79680	25.45	0.36262	0.090409
42.399	7282.1	0.001714	1.2136	76367	0.017186	-0.16723	746.08	8.1491e+05	1.817e+05	76847	25.438	0.36541	0.09093
70.734	7268.5	0.0024097	1.2164	76801	0.028451	-0.13726	694.1	7.83e+05	1.6904e+05	71492	25.445	0.36797	0.09555
104.34	7253.8	0.0026087	1.2191	77426	0.041629	-0.10175	625.92	7.4046e+05	1.5243e+05	64465	25.472	0.36982	0.10622
141.75	7239	0.0021142	1.2213	78083	0.056113	-0.062269	561.16	6.9819e+05	1.3665e+05	57793	25.503	0.36626	0.12849
181.33	7225.4	0.00087605	1.2229	78523	0.071289	-0.020558	520.85	6.7006e+05	1.2684e+05	53640	25.511	0.37077	0.16485
221.35	7212.4	-0.0006892	1.2238	78557	0.086541	0.021555	516.15	6.6457e+05	1.257e+05	53161	25.47	0.35103	0.22478
260.06	7202.4	-0.0028534	1.2239	78087	0.10126	0.062232	555.18	6.8729e+05	1.0186e+05	38106	25.375	0.28686	0.30581
295.76	7197.2	-0.0056883	1.2235	77002	0.11486	0.099717	659.2	7.478e+05	89990	30759	25.22	0.23519	0.39532
326.91	7194.4	-0.0084735	1.2226	75418	0.12679	0.13239	845.18	8.4605e+05	85196	27459	25.016	0.19241	0.47326
352.12	7192.6	-0.010721	1.2216	73673	0.13651	0.15884	1107.2	9.6788e+05	1.0828e+05	34844	24.8	0.18852	0.51231
370.32	7190.1	-0.011815	1.221	72190	0.14356	0.17792	1387.3	1.0826e+06	1.5481e+05	50725	24.618	0.20566	0.50258
380.7	7187.7	-0.012086	1.2208	71297	0.1476	0.18879	1586.3	1.1569e+06	1.9498e+05	65124	24.507	0.21923	0.4774
383.15	7187	-0.012087	1.2207	71083	0.14855	0.19137	1637.8	1.1753e+06	2.0482e+05	68657	24.48	0.22177	0.47394
387.48	7185.6	-0.012049	1.2206	70708	0.15024	0.1959	1729.7	1.2073e+06	2.2253e+05	75026	24.419	0.22603	0.47134
397.52	7181.5	-0.011698	1.2206	69848	0.15416	0.20642	1956.8	1.2826e+06	2.7899e+05	96341	24.27	0.2419	0.45186
412.95	7171.4	-0.0099905	1.2208	68635	0.1602	0.22257	2320.4	1.3927e+06	3.88e+05	1.4041e+05	24.049	0.26882	0.40342
433.28	7150.8	-0.0055657	1.2213	67468	0.16816	0.24381	2718.9	1.4987e+06	5.3772e+05	2.0708e+05	23.805	0.3018	0.33958
457.91	7110.3	0.003468	1.2222	67239	0.17781	0.26945	2775.6	1.4967e+06	6.7767e+05	2.8686e+05	23.636	0.34901	0.27215
486.09	7059.5	0.013527	1.222	69004	0.18884	0.29858	2133.9	1.2932e+06	5.2102e+05	2.2056e+05	23.729	0.36544	0.22689
516.95	7020.9	0.018171	1.2195	72567	0.20099	0.33026	1249.2	9.7838e+05	3.0486e+05	1.2903e+05	24.081	0.3534	0.22964
549.57	6995.2	0.017465	1.2152	76724	0.21404	0.36352	650.74	7.0087e+05	1.5871e+05	67160	24.479	0.35671	0.25693
582.94	6980.6	0.013103	1.2093	80336	0.2277	0.39737	362.01	5.2051e+05	88241	37331	24.874	0.35313	0.29332
616.06	6971.3	0.0073821	1.2025	82717	0.24165	0.43082	243.1	4.2538e+05	59231	25055	25.148	0.3561	0.33424
647.93	6966.4	0.0011418	1.195	83674	0.25552	0.46286	206.5	3.9149e+05	50305	21278	25.257	0.35195	0.37545
677.56	6963.2	-0.0046686	1.1874	83305	0.26886	0.49256	219.64	4.0337e+05	53511	22634	25.197	0.35736	0.41343
704.06	6961.6	-0.0098254	1.1801	81969	0.28119	0.51904	274.82	4.5099e+05	66974	28332	25.016	0.35754	0.44501
726.63	6959.6	-0.013808	1.1737	80102	0.29202	0.54152	373.94	5.2577e+05	91162	38569	24.77	0.36308	0.46855
744.58	6957.5	-0.016649	1.1685	78200	0.30086	0.55936	508.77	6.1289e+05	1.2408e+05	52503	24.526	0.36331	0.48327
757.37	6954.8	-0.018268	1.1648	76641	0.30729	0.57203	651.76	6.9314e+05	1.59e+05	67286	24.328	0.36545	0.48705
764.6	6952.9	-0.019046	1.1628	75704	0.31097	0.5792	754.87	7.4553e+05	1.8418e+05	77949	24.21	0.36416	0.48544
766.31	6952.3	-0.019193	1.1623	75476	0.31184	0.58089	782.19	7.5877e+05	1.9086e+05	80775	24.181	0.36462	0.48581
773.44	6949.7	-0.01974	1.1603	74511	0.31551	0.58794	908.29	8.1702e+05	2.2167e+05	93821	24.059	0.36475	0.49568
789.86	6941.1	-0.020253	1.1561	72218	0.32409	0.60415	1287.5	9.7024e+05	3.1434e+05	1.3307e+05	23.768	0.36365	0.50556
814.7	6917.9	-0.018209	1.151	68854	0.33737	0.62858	2093.4	1.2288e+06	5.1153e+05	2.1661e+05	23.231	0.35943	0.51656
846.71	6864.2	-0.0096876	1.1479	65653	0.35491	0.65984	3219.1	1.4996e+06	7.8734e+05	3.3351e+05	22.596	0.35498	0.55305
884.28	6776.9	0.0054045	1.1471	65083	0.37591	0.69615	3390.8	1.4992e+06	8.298e+05	3.5157e+05	22.232	0.35258	0.52221
925.53	6693.7	0.01582	1.1414	68308	0.39953	0.73543	2117.3	1.155e+06	5.1801e+05	2.1945e+05	22.401	0.35459	0.523
968.39	6643.1	0.013966	1.1278	72817	0.42525	0.77563	1076.7	8.1096e+05	2.6326e+05	1.115e+05	22.812	0.35449	0.58997
1010.7	6615.1	0.0053535	1.1091	75615	0.4524	0.81478	692.9	6.4495e+05	1.6937e+05	71725	23.024	0.35529	0.66975
1050.4	6597.8	-0.0048503	1.0886	75699	0.47987	0.85098	680.34	6.3565e+05	1.6631e+05	70432	22.972	0.35588	0.71621
1085.4	6582.4	-0.013236	1.0691	73578	0.50599	0.88253	940.83	7.4393e+05	2.3008e+05	97456	22.686	0.35606	0.7065
1114	6564.2	-0.018164	1.0533	70587	0.52876	0.908	1469.1	9.2438e+05	3.595e+05	1.5231e+05	22.29	0.35851	0.67558
1134.7	6543	-0.019315	1.0426	68003	0.54611	0.9263	2111.8	1.1009e+06	5.1706e+05	2.1876e+05	21.854	0.35745	0.65159
1146.6	6526.3	-0.018697	1.0371	66523	0.55636	0.93671	2582.4	1.2111e+06	6.3243e+05	2.6685e+05	21.599	0.3573	0.63343
1149.5	6521.7	-0.018361	1.0359	66180	0.55882	0.93917	2703.4	1.2373e+06	6.6211e+05	2.7919e+05	21.538	0.35715	0.63042
1154.9	6512.2	-0.01755	1.0336	65540	0.56362	0.94393	2942.5	1.287e+06	7.2075e+05	3.0355e+05	21.423	0.35721	0.63385
1167.6	6486.5	-0.014729	1.0289	64203	0.5749	0.95489	3498.4	1.392e+06	8.5711e+05	3.6001e+05	21.167	0.35692	0.63146
1186.9	6438.1	-0.008253	1.0234	62748	0.59251	0.97148	4182.5	1.4989e+06	1.025e+06	4.29e+05	20.828	0.35757	0.66566
1212.1	6364.6	0.0016253	1.0183	62207	0.61615	0.99289	4388.8	1.4997e+06	1.0759e+06	4.4884e+05	20.525	0.35828	0.68393
1242.3	6280.1	0.011727	1.0086	63544	0.64541	1.0181	3581.2	1.318e+06	8.7804e+05	3.6585e+05	20.413	0.35717	0.59162
1276.3	6208.4	0.015571	0.98841	66610	0.68013	1.0458	2309.2	1.0338e+06	5.6609e+05	2.3624e+05	20.558	0.35513	0.56332
1312.7	6158.7	0.010024	0.95832	69640	0.72039	1.0747	1482.8	8.1486e+05	3.6343e+05	1.5203e+05	20.785	0.35558	0.60994
1350.3	6123.3	-0.00080644	0.92088	70754	0.76596	1.1036	1247.9	7.3874e+05	3.0583e+05	1.2798e+05	20.815	0.35656	0.68454
1387.4	6091.2	-0.0125	0.88004	69231	0.81596	1.1312	1538	8.1134e+05	3.7705e+05	1.5726e+05	20.504	0.3577	0.77143
1422.8	6050.1	-0.020685	0.84066	65570	0.86854	1.1565	2529.5	1.0262e+06	6.2049e+05	2.5714e+05	19.906	0.35901	0.80959
1455	5984.4	-0.020865	0.80962	61387	0.92073	1.1786	4318.4	1.3111e+06	1.06e+06	4.3601e+05	19.207	0.35393	0.82621
1482.9	5891.9	-0.011926	0.79035	58542	0.96872	1.1971	6020.3	1.4994e+06	1.4786e+06	6.0426e+05	18.606	0.35461	0.79362
1505.3	5798.4	0.0015153	0.77649	57813	1.009	1.2114	6388	1.4947e+06	1.5695e+06	6.3883e+05	18.236	0.35778	0.68354
1521.3	5730.5	0.012146	0.76338	58452	1.0388	1.2215	5759.5	1.3854e+06	1.4202e+06	5.8328e+05	18.087	0.35925	0.6275
1530.5	5694.4	0.017038	0.75424	59220	1.0561	1.2271	5162.4	1.2948e+06	1.2854e+06	5.4293e+05	18.051	0.35964	0.59375
1532.6	5686.2	0.018095	0.75182	59435	1.0602	1.2284	5008.8	1.2716e+06	1.2486e+06	5.2909e+05	18.047	0.35969	0.58988
1535.8	5674.5	0.019447	0.74814	59774	1.0664	1.2303	4777.9	1.2367e+06	1.1918e+06	5.0598e+05	18.044	0.3602	0.58567
1543.2	5648.9	0.021957	0.73891	60648	1.0808	1.2347	4233.3	1.1533e+06	1.0535e+06	4.4437e+05	18.053	0.36007	0.57272
1554.7	5616.4	0.023715	0.72258	62129	1.1037	1.2414	3452.7	1.0294e+06	8.4843e+05	3.4484e+05	18.104	0.36122	0.54839
1569.9	5582.5	0.022976	0.69762	64151	1.1352	1.25	2609.3	8.8377e+05	6.411e+05	2.6087e+05	18.211	0.35957	0.54093
1588.6	5550.4	0.017974	0.66299	66301	1.1756	1.2602	1926	7.5038e+05	4.7316e+05	1.9281e+05	18.344	0.3598	0.5544
1610.3	5522.5	0.0091056	0.61837	67969	1.2254	1.2714	1511.8	6.5799e+05	3.7137e+05	1.5149e+05	18.442	0.35665	0.59931
1634.5	5499	-0.0035794	0.56401	68337	1.285	1.2829	1423.2	6.3285e+05	3.4961e+05	1.4256e+05	18.406	0.35909	0.66644
1660.8	5475.1	-0.01679	0.50164	66880	1.3542	1.2943	1729.9	6.9151e+05	4.2505e+05	1.7286e+05	18.16	0.3583	0.76377
1688.5	5441.4	-0.029552	0.43523	63311	1.4324	1.3049	2773.2	8.6455e+05	6.6124e+05	2.9969e+05	17.662	0.33148	0.84516
1716.9	5377.7	-0.034895	0.37088	58265	1.5177	1.3143	5192.6	1.1548e+06	1.0581e+06	4.5049e+05	16.955	0.3007	0.84828
1745.5	5280.3	-0.029679	0.3169	53062	1.6072	1.3222	9434.3	1.4993e+06	1.8435e+06	7.7156e+05	16.184	0.29467	0.79263
1773.7	5085.6	0.0092294	0.27804	51111	1.6968	1.3289	11000	1.4989e+06	2.6865e+06	1.2554e+06	15.429	0.34619	0.55002
1800.7	4888.4	0.049527	0.22793	55414	1.7824	1.3342	6099.2	1.0293e+06	1.5001e+06	7.0546e+05	15.173	0.35377	0.41289
1826	4799	0.050233	0.15926	61823	1.8626	1.3379	2623.7	6.5e+05	6.4869e+05	3.0498e+05	15.441	0.35465	0.39757
1849.1	4752.6	0.036493	0.090577	66667	1.9364	1.34	1342.5	4.5579e+05	3.3387e+05	1.5692e+05	15.743	0.36101	0.41749
1869.3	4732.7	0.017132	0.027062	69281	2.0016	1.3409	921.95	3.7447e+05	2.3013e+05	1.0814e+05	15.936	0.36424	0.4503
1886.3	4717.9	0.00090262	-0.026099	69995	2.0563	1.3409	826.84	3.5236e+05	2.0648e+05	97024	15.959	0.36353	0.48386
1899.7	4711.6	-0.013268	-0.068125	69619	2.0992	1.3404	870.52	3.6056e+05	2.1714e+05	1.0204e+05	15.9	0.35525	0.5084
1909.2	4705.3	-0.02222	-0.097157	68816	2.1293	1.3399	973.72	3.8029e+05	2.4223e+05	1.138e+05	15.797	0.34889	0.52064
1914.5	4703.3	-0.02774	-0.11354	68199	2.1462	1.3395	1061.6	3.9674e+05	2.6053e+05	1.2167e+05	15.729	0.34597	0.52408
1915.8	4702.3	-0.02881	-0.1173	68028	2.1502	1.3393	1087	4.0127e+05	2.6632e+05	1.243e+05	15.709	0.34568	0.52512
1918.4	4700.9	-0.031361	-0.12531	67652	2.1586	1.3391	1145.2	4.1163e+05	2.7937e+05	1.3016e+05	15.667	0.34484	0.52864
1924.6	4697.1	-0.036957	-0.14382	66661	2.178	1.3385	1312.4	4.3991e+05	3.1422e+05	1.4516e+05	15.558	0.34096	0.55076
1934.2	4691.2	-0.04558	-0.17174	64794	2.2079	1.3374	1689.8	4.9791e+05	3.8738e+05	1.751e+05	15.363	0.33188	0.58877
1947	4679.8	-0.054988	-0.20724	61777	2.2474	1.3356	2510	6.0379e+05	5.2769e+05	2.287e+05	15.054	0.31389	0.63619
1962.8	4660.9	-0.064494	-0.24668	57325	2.295	1.3331	4385.3	7.9149e+05	8.2309e+05	3.3809e+05	14.619	0.29144	0.66815
1981.3	4620.6	-0.066258	-0.28464	51671	2.3492	1.3296	8507.3	1.083e+06	1.3216e+06	4.9285e+05	14.059	0.25624	0.69822
2002.2	4540.3	-0.052087	-0.30806	45729	2.4081	1.3252	17522	1.4994e+06	2.6855e+06	9.8915e+05	13.858	0.2534	0.65071
2025	4331.2	0.021659	-0.30894	43687	2.4694	1.3204	21218	1.4979e+06	4.0848e+06	1.6541e+06	13.364	0.296	0.44191
2049.3	4106.9	0.09241	-0.32404	50145	2.5299	1.3155	8094.5	8.2966e+05	1.8428e+06	7.8242e+05	12.453	0.32758	0.3855
2074.7	4014.2	0.086131	-0.36875	59759	2.5887	1.3101	2395.5	4.3068e+05	5.3957e+05	2.3102e+05	12.764	0.32682	0.41689
2100.7	3968.6	0.05557	-0.42102	67241	2.6457	1.3039	864.42	2.5273e+05	1.5297e+05	58911	13.193	0.2783	0.46726
2126.9	3958.7	0.010405	-0.47563	70686	2.6999	1.2969	526.73	1.9628e+05	83546	30771	13.451	0.25835	0.51695
2152.6	3951.5	-0.029745	-0.52544	69697	2.7505	1.2893	605.44	2.0964e+05	79446	26790	13.341	0.22504	0.55678
2177.6	3963.1	-0.073216	-0.57184	64608	2.7968	1.2813	1236.6	3.0142e+05	1.5592e+05	51070	12.964	0.2175	0.59705
2201.2	3964.8	-0.10323	-0.60811	56280	2.8385	1.2733	3609.9	5.1546e+05	4.2211e+05	1.3141e+05	12.364	0.20421	0.59375
2223	3958.3	-0.12046	-0.63138	46378	2.8752	1.2655	12179	9.4361e+05	1.5292e+06	4.8288e+05	12.041	0.21432	0.53555
2242.8	3842.2	-0.06213	-0.61623	38653	2.907	1.2584	34712	1.4987e+06	4.7556e+06	1.5632e+06	12.188	0.22884	0.44547
2259.9	3657.3	0.044452	-0.58226	38040	2.9338	1.2528	34484	1.3502e+06	4.6987e+06	1.5092e+06	11.642	0.22643	0.37591
2274.3	3526.7	0.11002	-0.57095	42153	2.9552	1.2484	17509	8.9295e+05	2.9443e+06	1.0133e+06	10.972	0.26086	0.30363
2285.5	3455.1	0.13096	-0.57369	46972	2.9712	1.2451	8552.7	5.9839e+05	1.5305e+06	5.3275e+05	10.477	0.27059	0.29712
2293.4	3423.5	0.13089	-0.58	50525	2.9821	1.2428	5361.1	4.6493e+05	1.0138e+06	3.6071e+05	10.381	0.28071	0.29548
2297.9	3407.7	0.12878	-0.58389	52505	2.9882	1.2416	4196	4.0743e+05	7.9047e+05	2.8108e+05	10.414	0.28011	0.29637
2298.9	3404.8	0.12777	-0.58502	52957	2.9896	1.2413	3971.7	3.9571e+05	7.5169e+05	2.6809e+05	10.43	0.28104	0.29561
2301.4	3397.8	0.12549	-0.5875	54004	2.9929	1.2405	3492.3	3.6949e+05	6.6136e+05	2.3628e+05	10.466	0.28128	0.29638
2307.1	3383.4	0.11867	-0.59369	56356	3.0005	1.2389	2604.2	3.1631e+05	4.9366e+05	1.7708e+05	10.556	0.28178	0.30048
2315.9	3365.4	0.10522	-0.60378	59691	3.0121	1.2363	1698.4	2.5266e+05	3.1897e+05	1.1452e+05	10.697	0.28053	0.30895
2327.7	3348.1	0.083396	-0.61823	63437	3.0274	1.2328	1032.5	1.9492e+05	1.8796e+05	66971	10.876	0.2752	0.32023
2342.3	3333.2	0.053766	-0.63601	66787	3.0457	1.2283	649.42	1.5318e+05	1.1099e+05	38615	11.049	0.26405	0.33451
2359.4	3324.5	0.016359	-0.65741	68794	3.0666	1.223	487.57	1.3203e+05	75461	25178	11.16	0.24661	0.35285
2378.8	3321.6	-0.025734	-0.68001	68493	3.0894	1.2168	507.92	1.3451e+05	68744	21612	11.129	0.22386	0.37919
2400.1	3330.1	-0.073467	-0.70514	64977	3.1135	1.2098	830.65	1.7292e+05	96361	28326	10.918	0.19918	0.41408
2422.9	3342.4	-0.11814	-0.7273	57660	3.1385	1.2021	2163.3	2.8116e+05	2.1418e+05	58858	10.503	0.17554	0.45104
2446.9	3363.7	-0.16099	-0.74801	46317	3.1636	1.1937	8868.2	5.7674e+05	7.9064e+05	2.0976e+05	10.235	0.1609	0.44925
2471.6	3280.8	-0.098319	-0.72583	34356	3.1888	1.1851	48895	1.2867e+06	4.7309e+06	1.301e+06	10.67	0.17285	0.35116
2496.7	3035.1	0.10615	-0.66801	34383	3.2137	1.1772	41670	1.0127e+06	4.6853e+06	1.3046e+06	9.8696	0.19086	0.26334
2521.6	2876.2	0.1798	-0.65737	46171	3.2369	1.1703	6615.7	3.6138e+05	8.1521e+05	2.2143e+05	8.7588	0.19295	0.25704
2546	2827.4	0.12507	-0.67504	56855	3.2583	1.1637	1710.4	1.7741e+05	2.1223e+05	58102	8.8451	0.19484	0.25871
2569.5	2796.7	0.067925	-0.69457	63288	3.2781	1.1572	734.86	1.1372e+05	91091	25243	9.0767	0.19704	0.24913
2591.6	2787.8	0.0035959	-0.71298	65477	3.2961	1.151	543.87	97189	67464	18793	9.1673	0.19808	0.23884
2612	2788.9	-0.051741	-0.72991	64124	3.3123	1.1452	653.6	1.0663e+05	81920	22832	9.0966	0.19893	0.23208
2630.3	2799.8	-0.10271	-0.74388	60156	3.3264	1.1399	1107.7	1.3993e+05	1.4038e+05	38948	8.9225	0.19882	0.22689
2646.2	2812.4	-0.14097	-0.75545	54723	3.3384	1.1352	2194.7	1.9878e+05	2.8017e+05	77051	8.6966	0.19764	0.2201
2659.4	2823	-0.16812	-0.76316	48947	3.3482	1.1312	4448.7	2.8521e+05	5.5999e+05	1.5192e+05	8.5597	0.19415	0.21069
2669.8	2825.8	-0.17893	-0.76769	43879	3.3558	1.1281	8790.9	4.0175e+05	1.0602e+06	2.8502e+05	8.7102	0.18921	0.20091
2677	2821.1	-0.17772	-0.76866	40211	3.3611	1.1259	14856	5.2046e+05	1.7207e+06	4.5991e+05	8.8711	0.18483	0.19401
2681.1	2813.6	-0.17063	-0.76834	38214	3.364	1.1247	19880	5.988e+05	2.2533e+06	6.0014e+05	8.9476	0.18247	0.19147
2682.1	2811.3	-0.16842	-0.76804	37757	3.3647	1.1244	21262	6.1823e+05	2.4023e+06	6.3961e+05	8.9636	0.18216	0.19125
2684.5	2804	-0.16085	-0.76709	36635	3.3665	1.1237	25083	6.6792e+05	2.8037e+06	7.4502e+05	8.9982	0.18097	0.19094
2690.2	2779.6	-0.13422	-0.76312	34279	3.3706	1.122	35527	7.808e+05	3.7752e+06	9.8743e+05	9.0444	0.1744	0.18967
2699	2722.7	-0.069597	-0.75249	31764	3.3769	1.1194	50832	8.9519e+05	4.8237e+06	1.2223e+06	8.9866	0.15878	0.1878
2710.9	2628.3	0.034641	-0.73525	31185	3.3852	1.116	51790	8.4055e+05	4.8014e+06	1.1958e+06	8.6862	0.15319	0.17679
2725.4	2516.2	0.13746	-0.72071	34587	3.3951	1.1122	27738	5.6254e+05	3.1554e+06	8.0825e+05	8.1723	0.17561	0.15649
2742.6	2429.2	0.1714	-0.71886	41381	3.4061	1.1079	9285.8	3.0284e+05	1.1794e+06	3.0624e+05	7.5897	0.18606	0.14652
2762	2375.6	0.1406	-0.72671	48782	3.418	1.1031	3216.9	1.7027e+05	4.2586e+05	1.1034e+05	7.2031	0.18871	0.14451
2783.2	2342.6	0.079299	-0.7386	54320	3.4308	1.0979	1598.4	1.1663e+05	2.1174e+05	54939	7.2283	0.18905	0.14296
2806.1	2325.3	0.0073669	-0.75174	56682	3.4441	1.0923	1181.7	98772	1.5462e+05	40000	7.2676	0.18752	0.1424
2830.1	2328.1	-0.073817	-0.76562	54776	3.4577	1.0864	1494.3	1.1134e+05	1.9111e+05	48860	7.2011	0.18351	0.14077
2854.8	2340.8	-0.14225	-0.77785	48528	3.4713	1.0801	3224.7	1.6539e+05	4.0516e+05	1.0235e+05	7.0975	0.17999	0.13543
2879.8	2350.2	-0.18191	-0.78595	38591	3.4848	1.0738	13109	3.3624e+05	1.5788e+06	3.9896e+05	7.458	0.17715	0.12093
2904.8	2257.2	-0.053962	-0.77606	30838	3.4981	1.0675	40301	5.4269e+05	4.32e+06	1.0545e+06	7.4651	0.16133	0.10661
2929.2	2097.9	0.12667	-0.76048	33194	3.5103	1.0617	24028	3.6067e+05	2.6022e+06	6.2052e+05	6.8708	0.1579	0.1053
2952.7	2011.1	0.13853	-0.76136	40117	3.5213	1.0566	7655.2	1.8668e+05	8.3394e+05	1.9523e+05	6.3274	0.15448	0.10331
2974.8	1964.8	0.085219	-0.76847	45109	3.5313	1.0519	3576.7	1.2166e+05	4.086e+05	95537	6.0168	0.15819	0.096474
2995.1	1946.1	0.012647	-0.77699	47105	3.5402	1.0476	2667.8	1.0303e+05	3.3349e+05	79191	5.9009	0.16677	0.088855
3013.4	1937.5	-0.047133	-0.78404	46460	3.548	1.0437	2884.9	1.0617e+05	3.788e+05	91080	5.8913	0.17316	0.08094
3029.3	1939.4	-0.099679	-0.79027	44205	3.5547	1.0403	3954.6	1.2456e+05	5.2037e+05	1.2658e+05	5.9676	0.17609	0.073747
3042.6	1939.3	-0.1294	-0.79443	41221	3.5602	1.0374	6057.6	1.5414e+05	7.9407e+05	1.9448e+05	6.0644	0.17724	0.067548
3052.9	1938.2	-0.14497	-0.79735	38478	3.5645	1.0352	9067.4	1.8836e+05	1.1617e+06	2.8283e+05	6.1544	0.17474	0.063179
3060.2	1931.9	-0.14357	-0.7986	36423	3.5675	1.0337	12300	2.1794e+05	1.5428e+06	3.7401e+05	6.2074	0.17216	0.060669
3064.3	1927.3	-0.14024	-0.79923	35320	3.5691	1.0328	14514	2.3557e+05	1.8017e+06	4.3594e+05	6.2325	0.17093	0.05988
3065.2	1925.5	-0.1382	-0.79928	35057	3.5695	1.0326	15092	2.3977e+05	1.872e+06	4.5292e+05	6.2365	0.17085	0.059812
3068.7	1919	-0.13042	-0.79949	34153	3.5709	1.0318	17269	2.5469e+05	2.1234e+06	5.1269e+05	6.2487	0.16973	0.05964
3076.9	1897.1	-0.10051	-0.79927	32337	3.5742	1.0301	22541	2.8423e+05	2.6955e+06	6.454e+05	6.2455	0.16591	0.058912
3089.5	1847.1	-0.029418	-0.79738	30765	3.5792	1.0275	27292	2.9608e+05	3.0892e+06	7.2295e+05	6.1099	0.15771	0.058537
3106.2	1771.2	0.060606	-0.79466	31317	3.5855	1.0241	23047	2.4965e+05	2.4665e+06	5.6386e+05	5.8517	0.14617	0.059808
3126.6	1695.5	0.10152	-0.79475	34414	3.5929	1.0202	12940	1.7105e+05	1.4141e+06	3.1796e+05	5.5124	0.14105	0.059712
3150.2	1636.6	0.073426	-0.79899	38018	3.6011	1.0158	6927	1.1639e+05	8.6702e+05	1.9526e+05	5.2103	0.14948	0.054884
3176.5	1595.3	0.0079926	-0.80557	39805	3.6097	1.0111	5043.3	94251	7.4002e+05	1.689e+05	5.028	0.1636	0.046775
3204.7	1569	-0.061355	-0.81286	38531	3.6187	1.006	5894.8	98477	9.4724e+05	2.1913e+05	4.9805	0.17355	0.037688
3234.2	1534.5	-0.078989	-0.81902	35010	3.6278	1.0008	9655.3	1.2042e+05	1.5854e+06	3.6839e+05	4.9713	0.17601	0.03033
3264.2	1467.8	-0.022787	-0.82332	32513	3.6367	0.99567	13117	1.2814e+05	1.9451e+06	4.3901e+05	4.827	0.16049	0.02711
3294.1	1384.4	0.035389	-0.82719	32923	3.645	0.99078	10926	1.0373e+05	1.633e+06	3.6353e+05	4.5414	0.1558	0.026578
3323	1314.3	0.032696	-0.83208	34461	3.6524	0.98628	7717.9	78373	1.1882e+06	2.6266e+05	4.2719	0.15415	0.025076
3350.3	1267.5	-0.011491	-0.83754	34895	3.6591	0.9822	6707.6	67832	1.0764e+06	2.3738e+05	4.1092	0.1558	0.022703
3375.3	1234	-0.048337	-0.84238	33906	3.665	0.97857	7424.8	67549	1.2341e+06	2.7223e+05	4.0241	0.15807	0.020351
3397.4	1201.9	-0.054991	-0.84612	32445	3.6699	0.97542	8891	70033	1.5078e+06	3.3711e+05	3.9542	0.15888	0.018808
3416	1165.3	-0.034755	-0.84871	31413	3.674	0.97284	9828.3	69109	1.6969e+06	3.901e+05	3.8492	0.15872	0.018143
3430.7	1130.2	-0.011104	-0.85054	31027	3.6771	0.97086	9812	64851	1.6961e+06	4.0038e+05	3.7363	0.15662	0.017527
3441.1	1103.1	0.0038184	-0.85185	30985	3.6792	0.96949	9409.3	60431	1.6424e+06	3.9594e+05	3.6472	0.15589	0.016772
3447	1087.6	0.010501	-0.85261	31034	3.6804	0.96874	9077.1	57648	1.594e+06	3.8882e+05	3.5953	0.15551	0.01642
3448.4	1083.9	0.011819	-0.8528	31050	3.6806	0.96856	8993.1	56982	1.5828e+06	3.8716e+05	3.583	0.15552	0.016386
3450.8	1077.3	0.01396	-0.85312	31083	3.6811	0.96825	8839.7	55800	1.5681e+06	3.8543e+05	3.5612	0.15597	0.016368
3456.5	1062.3	0.017546	-0.85389	31183	3.6822	0.96753	8462.7	53044	1.4928e+06	3.7094e+05	3.5106	0.15429	0.01632
3465.3	1039.5	0.018531	-0.8551	31348	3.6839	0.96644	7899	49017	1.4218e+06	3.5905e+05	3.434	0.15506	0.016141
3477.2	1010.7	0.012943	-0.85679	31559	3.6861	0.965	7229.4	44269	1.286e+06	3.3116e+05	3.3374	0.15173	0.015749
3491.8	978.75	-0.0056031	-0.85896	31608	3.6887	0.96329	6728.3	39987	1.2444e+06	3.2688e+05	3.2316	0.15413	0.014816
3508.9	944.6	-0.028496	-0.86151	31348	3.6916	0.96133	6523.8	36609	1.2199e+06	3.2692e+05	3.1206	0.1532	0.013656
3528.3	908.97	-0.054032	-0.86434	30569	3.6948	0.9592	6813.4	34578	1.3427e+06	3.6656e+05	3.008	0.15737	0.012157
3549.6	866.05	-0.056198	-0.86719	29517	3.6981	0.95695	7281.3	32371	1.4501e+06	4.045e+05	2.8727	0.15597	0.010864
3572.4	814.98	-0.050766	-0.8701	28448	3.7015	0.95466	7616.3	29229	1.5345e+06	4.3869e+05	2.7097	0.15417	0.009571
3596.4	755.53	-0.035254	-0.87304	27689	3.7048	0.9524	7371.1	24619	1.4139e+06	4.1622e+05	2.5162	0.14416	0.0088744
3621.1	702.93	-0.069017	-0.87615	26787	3.7079	0.95024	7351.7	21206	1.2882e+06	3.926e+05	2.3458	0.13019	0.0087691
3646.2	656.24	-0.096026	-0.87884	25390	3.7108	0.94819	7988.2	19200	1.312e+06	4.1346e+05	2.1969	0.12033	0.0089631
3671.1	612.67	-0.12896	-0.88112	23556	3.7134	0.94629	9320.5	18014	1.4761e+06	4.8014e+05	2.0595	0.11406	0.0083345
3695.5	552.61	-0.062049	-0.88252	22103	3.7159	0.94458	9570.2	14774	1.6897e+06	5.2509e+05	1.8638	0.11666	0.0077738
3719	498.09	-0.10458	-0.8841	21329	3.7179	0.94309	8807.3	11455	9.8562e+05	3.6942e+05	1.6829	0.0727	0.0086608
3741.1	483.15	-0.26896	-0.88603	19359	3.7197	0.9418	11368	12226	7.6605e+05	4.2131e+05	1.6374	0.047024	0.0090777
3761.4	486.25	-0.53045	-0.88846	15682	3.7212	0.9407	20560	16660	12443	6.9895e+05	1.6479	0.009926	0.007281
3779.7	470.96	-0.86641	-0.89153	10018	3.7224	0.93987	45666	23255	-3.8794e+05	1.5832e+06	1.5731	0.0040406	0.0060531
3795.6	388.09	-1.0663	-0.89273	4270.7	3.723	0.93941	59943	17917	9.299e+05	2.2904e+06	1.1997	0.013007	0.0057787
3808.9	306.61	-0.56948	-0.89161	713.95	3.7235	0.93907	53735	10464	4.5763e+06	1.6824e+06	0.90834	0.042427	0.0026358
3819.2	236.61	0.17333	-0.89143	128.01	3.7239	0.93873	33870	4883.8	3.2999e+06	9.598e+05	0.69631	0.052282	0.00088606
3826.5	179.53	0.3739	-0.89284	600.86	3.7242	0.93856	18628	2056.6	1.6477e+06	4.6764e+05	0.53119	0.051905	0.00022539
3830.6	155.75	0.37754	-0.89368	837.75	3.7243	0.93848	13699	1318	9.4419e+05	3.1138e+05	0.46208	0.043279	4.7204e-05
3831.5	149.92	0.34907	-0.89393	896.82	3.7243	0.93846	12619	1169.7	8.9642e+05	2.8508e+05	0.44507	0.044807	0
