time	v	gamma	zeta	alt	lon	lat	q	heating_rate	L	D	M	Alpha	eta	
s	m/s	rad	rad	m	rad	rad	pa	W/m^2	N	N	Mach	rad	rad															
0	6800	-0.0175	1.309	70997	0	0.7035	0.23746	1485.2	9.9914e+05	1.6196e+05	53072	23.152	0.20221	0.42091
3.205	6799.6	-0.01814	1.3081	70609	0.0011515	0.70677	0.23427	1571.5	1.0276e+06	1.716e+05	56247	23.092	0.20238	0.42319
10.659	6798.7	-0.019561	1.3061	69652	0.0038565	0.71436	0.22467	1803.9	1.1007e+06	1.9839e+05	65100	22.947	0.20332	0.43499
22.134	6796.2	-0.021342	1.3031	68055	0.0080948	0.72604	0.19982	2262.1	1.2317e+06	2.6502e+05	87729	22.708	0.21202	0.44932
37.316	6790.4	-0.022627	1.2995	65771	0.013838	0.74148	0.15971	3100	1.4393e+06	4.2074e+05	1.4376e+05	22.37	0.23369	0.43728
55.791	6773.9	-0.020817	1.2962	63005	0.02102	0.76023	0.22394	4475.7	1.7208e+06	7.3709e+05	2.648e+05	21.947	0.26558	0.3875
77.056	6735.8	-0.01238	1.2939	60522	0.029503	0.78172	0.47812	6117.6	1.9888e+06	1.2101e+06	4.6276e+05	21.511	0.3012	0.33127
100.53	6661.7	0.0056987	1.2931	59910	0.039052	0.80524	0.69387	6472	1.9997e+06	1.5561e+06	6.4797e+05	21.2	0.3445	0.29061
125.57	6577.4	0.023723	1.2909	62475	0.049408	0.83001	0.45044	4525.4	1.629e+06	1.1087e+06	4.6604e+05	21.244	0.3662	0.26675
151.5	6521.7	0.030034	1.2846	67207	0.060462	0.85533	0.2616	2345.6	1.1525e+06	5.7439e+05	2.4256e+05	21.675	0.36137	0.27814
177.6	6489.1	0.027444	1.2755	72176	0.072142	0.88057	0.31006	1132.4	7.9263e+05	2.7714e+05	1.1742e+05	22.216	0.36162	0.31865
203.18	6471.8	0.020114	1.2647	76159	0.084276	0.90512	0.37315	608.94	5.7807e+05	1.4894e+05	63091	22.585	0.35602	0.37206
227.52	6461	0.011588	1.2531	78663	0.096584	0.92835	0.41217	407.19	4.7109e+05	99558	42166	22.829	0.34967	0.43028
249.96	6455.5	0.0028589	1.2414	79720	0.10868	0.94965	0.43939	342.45	4.3127e+05	80473	33448	22.931	0.33955	0.48307
269.9	6452	-0.004937	1.2304	79583	0.1201	0.96849	0.45805	349.83	4.3541e+05	79509	32498	22.902	0.33179	0.52896
286.79	6450.6	-0.011665	1.2204	78682	0.13031	0.98438	0.47059	404.66	4.6808e+05	88748	35686	22.794	0.32366	0.56084
300.16	6449.5	-0.016771	1.2123	77450	0.13877	0.99692	0.47645	492.88	5.164e+05	1.0653e+05	42542	22.65	0.32039	0.5788
309.66	6449	-0.020368	1.2064	76316	0.145	1.0058	0.47797	589.92	5.6487e+05	1.2601e+05	50034	22.522	0.31777	0.58561
315.02	6448.4	-0.022274	1.203	75575	0.14861	1.0108	0.47683	662.56	5.9853e+05	1.416e+05	56237	22.439	0.31786	0.5883
316.29	6448.4	-0.022736	1.2022	75393	0.14946	1.012	0.47646	681.73	6.0712e+05	1.4555e+05	57778	22.419	0.31763	0.58908
320.29	6448	-0.024131	1.1997	74788	0.1522	1.0157	0.47416	748.95	6.3626e+05	1.5992e+05	63485	22.352	0.31764	0.59804
329.57	6446.7	-0.027209	1.1938	73252	0.15868	1.0244	0.46326	948.75	7.1582e+05	2.035e+05	80958	22.183	0.31857	0.63406
343.77	6442.8	-0.031299	1.1851	70567	0.16896	1.0375	0.42892	1419.5	8.7452e+05	3.0947e+05	1.2388e+05	21.875	0.32205	0.67311
362.43	6431.4	-0.034694	1.1747	66576	0.18315	1.0548	0.34472	2489.6	1.1539e+06	5.6502e+05	2.2878e+05	21.292	0.331	0.69309
384.89	6396	-0.032797	1.1664	61608	0.20118	1.0754	0.33758	4792.9	1.5831e+06	1.1626e+06	4.8263e+05	20.554	0.34647	0.69065
410.39	6309.3	-0.018438	1.1669	57274	0.22254	1.0985	0.70146	8086.3	1.9995e+06	1.9838e+06	8.2105e+05	19.783	0.35724	0.71307
438.08	6173.4	0.0064117	1.1777	56194	0.24607	1.1233	0.79596	8843.5	1.9998e+06	2.1707e+06	8.9321e+05	19.243	0.35743	0.72745
466.99	6047.3	0.025678	1.1828	59235	0.27082	1.1487	0.43613	5810.8	1.5538e+06	1.4264e+06	5.8648e+05	19.171	0.36022	0.6756
496.16	5970	0.028838	1.1723	64236	0.29695	1.1739	0.40501	2950.1	1.0784e+06	7.2396e+05	2.9867e+05	19.485	0.3625	0.68804
524.58	5928.1	0.020476	1.1523	68511	0.3247	1.198	0.57417	1613.8	7.8613e+05	3.9589e+05	1.6399e+05	19.864	0.35569	0.75522
551.29	5904.6	0.0080358	1.1272	70798	0.35365	1.2203	0.69112	1152.8	6.5903e+05	2.7823e+05	1.146e+05	20.077	0.34516	0.81637
575.37	5889.8	-0.0046446	1.101	71047	0.38275	1.2401	0.76882	1105.9	6.4218e+05	2.5844e+05	1.0467e+05	20.058	0.33747	0.8575
596.02	5879.2	-0.015524	1.0759	69817	0.41036	1.2568	0.81469	1317.3	6.983e+05	3.0442e+05	1.2227e+05	19.865	0.33483	0.86437
612.52	5869.7	-0.023626	1.0548	67914	0.43444	1.2699	0.83177	1721.1	7.9551e+05	3.9333e+05	1.565e+05	19.594	0.33221	0.86743
624.31	5861.2	-0.028742	1.0393	66098	0.45285	1.2792	0.82649	2208.3	8.9846e+05	5.0214e+05	1.9865e+05	19.347	0.331	0.86248
631	5855.1	-0.031244	1.0305	64922	0.46375	1.2845	0.81488	2587	9.7038e+05	5.8631e+05	2.3111e+05	19.189	0.3302	0.85746
632.58	5853.6	-0.031783	1.0284	64631	0.46638	1.2857	0.81107	2689.6	9.8889e+05	6.0966e+05	2.4022e+05	19.15	0.33023	0.85477
635.79	5850.1	-0.0328	1.0243	64025	0.47177	1.2882	0.80003	2914.1	1.0281e+06	6.6067e+05	2.6007e+05	19.07	0.33025	0.8612
643.24	5840.9	-0.034826	1.0148	62550	0.48461	1.2939	0.76738	3533.7	1.1285e+06	8.0068e+05	3.1432e+05	18.874	0.33008	0.86998
654.71	5820.9	-0.036485	1.0012	60154	0.50523	1.3027	0.69998	4789.1	1.3045e+06	1.0839e+06	4.2349e+05	18.55	0.32974	0.87139
669.9	5784.5	-0.035437	0.98569	56953	0.53408	1.3142	0.61674	7073.1	1.5651e+06	1.5782e+06	6.0862e+05	18.106	0.3264	0.8721
688.37	5707.3	-0.02725	0.97344	53559	0.57138	1.3279	0.69678	10390	1.8453e+06	2.2396e+06	9.7327e+05	17.539	0.31032	0.87233
709.64	5592.7	-0.012692	0.96404	51139	0.61686	1.3433	0.72506	13260	1.9998e+06	2.4163e+06	9.8643e+05	16.97	0.2787	0.87245
733.11	5466	0.0039078	0.95256	50568	0.67031	1.3599	0.74854	13593	1.9318e+06	2.4376e+06	9.8737e+05	16.574	0.2767	0.87243
758.15	5334.2	0.018014	0.93337	52139	0.73177	1.3769	0.78188	10734	1.6329e+06	1.9734e+06	8.0606e+05	16.27	0.28232	0.8724
784.08	5237.3	0.02028	0.89358	54919	0.8023	1.3938	1.1045	7432.9	1.3087e+06	1.2466e+06	4.9076e+05	16.212	0.26509	0.87234
810.18	5176.5	0.011479	0.83069	57169	0.88406	1.4099	1.521	5515	1.1006e+06	8.1395e+05	3.0499e+05	16.222	0.24262	0.87227
835.76	5138.3	-0.0027045	0.74888	57783	0.97843	1.4245	1.8959	5034.8	1.0358e+06	6.714e+05	2.4263e+05	16.157	0.22612	0.87225
860.1	5107.2	-0.017143	0.65402	56541	1.0846	1.437	2.2314	5800.7	1.098e+06	7.0851e+05	2.4909e+05	15.95	0.21278	0.87229
882.54	5078	-0.028948	0.55253	53876	1.1988	1.4471	2.4714	7920.5	1.2681e+06	9.6488e+05	3.3654e+05	15.632	0.21279	0.87238
902.48	5034.3	-0.033325	0.45654	50662	1.3137	1.4547	2.4996	11394	1.4942e+06	1.5823e+06	5.7194e+05	15.265	0.23412	0.87251
919.37	4977.8	-0.030295	0.37477	47935	1.4202	1.46	2.4995	15716	1.7147e+06	2.0752e+06	7.3332e+05	15.093	0.2262	0.87252
932.74	4923.5	-0.024391	0.30967	46107	1.5095	1.4635	2.4996	19557	1.8703e+06	2.3738e+06	8.1514e+05	14.998	0.21306	0.87253
942.24	4881.5	-0.018743	0.26331	45101	1.5751	1.4655	2.4993	22101	1.9536e+06	2.5262e+06	8.5135e+05	14.949	0.20409	0.87247
947.61	4856.7	-0.015187	0.23702	44656	1.6128	1.4665	2.4977	23281	1.9842e+06	2.592e+06	8.6642e+05	14.908	0.2003	0.87225
948.87	4850.8	-0.014311	0.23081	44566	1.6218	1.4667	2.4988	23519	1.9894e+06	2.6028e+06	8.6829e+05	14.897	0.19944	0.87152
952.44	4834	-0.011811	0.21325	44340	1.6472	1.4673	2.4992	24107	1.9999e+06	2.6254e+06	8.7106e+05	14.863	0.19719	0.87246
960.73	4794.6	-0.0058923	0.17225	43986	1.7066	1.4685	2.4998	24928	1.9997e+06	2.6544e+06	8.7249e+05	14.77	0.19414	0.87256
973.46	4733.4	0.0031241	0.10862	43905	1.799	1.4699	2.4997	24575	1.934e+06	2.6161e+06	8.5509e+05	14.588	0.19426	0.87255
990.25	4654.8	0.013328	0.023121	44568	1.9212	1.4707	2.4997	21649	1.7539e+06	2.422e+06	7.9691e+05	14.295	0.20167	0.87251
1010.6	4567.5	0.02075	-0.083046	46219	2.067	1.4702	2.4997	16573	1.4762e+06	2.0159e+06	6.7473e+05	13.906	0.21447	0.8724
1033.8	4488.7	0.01934	-0.2079	48428	2.2269	1.4679	2.4997	12009	1.2126e+06	1.4231e+06	4.66e+05	13.61	0.20967	0.87207
1059.3	4433.7	0.0057291	-0.34493	49956	2.389	1.463	2.4055	9660.9	1.0604e+06	9.3442e+05	2.8667e+05	13.444	0.18011	0.86564
1086.2	4395.1	-0.014998	-0.47787	49412	2.5416	1.4556	2.0582	10169	1.0686e+06	9.1258e+05	2.7437e+05	13.327	0.17009	0.86468
1113.8	4353.1	-0.032674	-0.58779	46477	2.6768	1.4461	1.5503	14530	1.2524e+06	1.2433e+06	3.6965e+05	13.235	0.16392	0.86652
1141.1	4291	-0.037948	-0.66345	42093	2.7917	1.4352	0.93778	26144	1.6312e+06	2.1034e+06	6.2195e+05	13.354	0.15696	0.8273
1167.4	4180	-0.013583	-0.69553	38902	2.8878	1.4243	0.87401	39588	1.9023e+06	3.261e+06	9.6355e+05	13.241	0.15939	0.75017
1191.9	4049.4	0.025504	-0.70776	39519	2.9672	1.4141	0.80888	33897	1.6494e+06	2.9133e+06	8.5116e+05	12.783	0.16322	0.67784
1213.8	3957.5	0.043769	-0.73002	42728	3.0313	1.4052	0.64869	20302	1.2178e+06	1.8588e+06	5.3822e+05	12.274	0.16981	0.64297
1232.4	3904.8	0.041339	-0.75823	45927	3.081	1.3974	0.73321	12611	9.3376e+05	1.1806e+06	3.3835e+05	11.906	0.17174	0.63014
1247.2	3876	0.03103	-0.78408	48041	3.1177	1.3912	0.79328	9403.3	7.9417e+05	8.7773e+05	2.4993e+05	11.753	0.17094	0.62063
1257.8	3859.6	0.021317	-0.80263	49112	3.1424	1.3867	0.81174	8144.4	7.3271e+05	7.5e+05	2.126e+05	11.703	0.16902	0.60957
1263.8	3851.9	0.015105	-0.81325	49534	3.1558	1.3841	0.81191	7691.5	7.0914e+05	7.0599e+05	1.9981e+05	11.68	0.16853	0.60043
1265.2	3850.1	0.013648	-0.81567	49611	3.1589	1.3834	0.81117	7609.5	7.0467e+05	6.9719e+05	1.9721e+05	11.674	0.16828	0.59964
1268.4	3846.2	0.010211	-0.82123	49758	3.1659	1.382	0.8074	7454.6	6.9603e+05	6.8127e+05	1.9252e+05	11.662	0.16792	0.60045
1275.8	3838	0.0019751	-0.83391	49934	3.1819	1.3788	0.79551	7260.3	6.839e+05	6.5394e+05	1.8408e+05	11.638	0.16598	0.6016
1287.3	3827	-0.011017	-0.85258	49735	3.2054	1.3736	0.76395	7401.4	6.8644e+05	6.4639e+05	1.8057e+05	11.604	0.16201	0.59918
1302.5	3814.1	-0.027809	-0.87527	48604	3.2349	1.3668	0.68421	8480.5	7.2971e+05	7.2178e+05	2.0021e+05	11.565	0.15875	0.59214
1321	3796.8	-0.044554	-0.89811	46025	3.2683	1.3583	0.50738	11762	8.5139e+05	9.9088e+05	2.7431e+05	11.571	0.15753	0.57946
1342.2	3764.6	-0.051896	-0.91427	42024	3.3041	1.3484	0.2716	20325	1.0999e+06	1.6977e+06	4.7217e+05	11.721	0.15691	0.55808
1365.7	3691	-0.029705	-0.91198	38176	3.3409	1.3376	0.79595	34410	1.3743e+06	2.8721e+06	7.9936e+05	11.74	0.15688	0.52822
1390.7	3574.9	0.019923	-0.89432	37691	3.3781	1.3265	0.85081	34725	1.293e+06	2.911e+06	7.9981e+05	11.403	0.15647	0.49944
1416.7	3474.6	0.046993	-0.88867	41080	3.4144	1.3154	0.31831	19848	9.2217e+05	1.6854e+06	4.5413e+05	10.874	0.15658	0.4783
1442.8	3415.4	0.034996	-0.90149	44972	3.4483	1.3045	0.4298	11016	6.6321e+05	9.421e+05	2.4999e+05	10.466	0.15633	0.45967
1468.3	3379.8	0.0067119	-0.92024	46848	3.4793	1.2938	0.51609	8324.4	5.6427e+05	7.1575e+05	1.8847e+05	10.256	0.15643	0.44003
1492.7	3356.3	-0.023599	-0.93801	46143	3.5067	1.2836	0.46679	9043	5.7977e+05	7.7615e+05	2.0406e+05	10.222	0.1561	0.4199
1515.1	3333.8	-0.044829	-0.95033	43506	3.5305	1.2741	0.29028	12899	6.8296e+05	1.1054e+06	2.9141e+05	10.297	0.15611	0.40055
1535.1	3302.9	-0.049534	-0.95475	40280	3.5507	1.2657	0.22993	20159	8.3765e+05	1.7191e+06	4.5449e+05	10.382	0.15573	0.3843
1551.9	3259.1	-0.035568	-0.95105	37838	3.5672	1.2586	0.56527	28229	9.6449e+05	2.3786e+06	6.2801e+05	10.387	0.15423	0.37278
1565.3	3212.8	-0.014186	-0.94399	36740	3.5799	1.2532	0.71373	32409	1.0035e+06	2.6297e+06	6.8867e+05	10.304	0.14936	0.36554
1574.8	3177.7	0.0021026	-0.9385	36559	3.5888	1.2493	0.66373	32591	9.8391e+05	2.5285e+06	6.5537e+05	10.202	0.14377	0.36056
1580.2	3158.3	0.010228	-0.93578	36666	3.5937	1.2472	0.60773	31676	9.5793e+05	2.4196e+06	6.2393e+05	10.133	0.1418	0.35742
1581.5	3153.8	0.012039	-0.93518	36710	3.5949	1.2467	0.59438	31372	9.5053e+05	2.3933e+06	6.1658e+05	10.116	0.1416	0.35706
1585.5	3139.8	0.017292	-0.93342	36895	3.5985	1.2451	0.54205	30227	9.2459e+05	2.2904e+06	5.881e+05	10.061	0.14068	0.35696
1594.7	3109.5	0.026583	-0.93028	37541	3.6069	1.2415	0.41071	26877	8.5465e+05	2.0188e+06	5.1499e+05	9.9266	0.13887	0.35495
1608.9	3068.7	0.032965	-0.92809	38881	3.6195	1.236	0.27053	21403	7.4232e+05	1.6358e+06	4.1429e+05	9.7221	0.13912	0.34875
1627.6	3025.6	0.028866	-0.92941	40694	3.6355	1.2289	0.26823	15920	6.219e+05	1.2549e+06	3.1575e+05	9.4888	0.14068	0.33686
1650	2986.2	0.011531	-0.93501	42115	3.654	1.2205	0.34178	12622	5.3908e+05	1.0157e+06	2.5413e+05	9.2925	0.14141	0.31908
1675.6	2951.4	-0.013872	-0.94295	42023	3.674	1.2109	0.3236	12493	5.2359e+05	1.0289e+06	2.5717e+05	9.1889	0.14321	0.29706
1703.2	2912.6	-0.032365	-0.94872	40032	3.6947	1.2007	0.19026	16257	5.8129e+05	1.3774e+06	3.4545e+05	9.1681	0.14635	0.27447
1732.2	2855.9	-0.027234	-0.94796	37341	3.7154	1.1901	0.31602	23369	6.6942e+05	1.9114e+06	4.76e+05	9.1277	0.14193	0.25759
1761.3	2776.6	0.0019502	-0.94051	36207	3.7354	1.1797	0.44437	26266	6.6987e+05	2.1381e+06	5.2754e+05	8.9325	0.13983	0.24962
1789.7	2696.5	0.024037	-0.93394	37369	3.754	1.1699	0.2736	20744	5.6062e+05	1.7124e+06	4.1817e+05	8.6166	0.13894	0.24317
1816.4	2637.1	0.019033	-0.93365	39041	3.7708	1.161	0.24948	15432	4.6197e+05	1.2975e+06	3.1427e+05	8.3471	0.13895	0.22931
1840.5	2595.6	0.00088809	-0.93666	39707	3.7853	1.1531	0.28411	13545	4.1894e+05	1.1541e+06	2.7818e+05	8.185	0.13924	0.2118
1861.2	2565.1	-0.016793	-0.9399	39276	3.7973	1.1464	0.24992	14101	4.1723e+05	1.2184e+06	2.9329e+05	8.1085	0.14024	0.19717
1877.7	2540	-0.026475	-0.94172	38342	3.8067	1.1411	0.19412	15894	4.3414e+05	1.3863e+06	3.3375e+05	8.0717	0.14103	0.18712
1889.5	2520.3	-0.029354	-0.94234	37501	3.8132	1.1373	0.18219	17763	4.5167e+05	1.5505e+06	3.7295e+05	8.0476	0.14093	0.18028
1896.2	2507.9	-0.0289	-0.94233	37007	3.8169	1.1352	0.20051	18957	4.619e+05	1.6532e+06	3.9733e+05	8.0306	0.1407	0.1764
1897.7	2504.8	-0.028625	-0.94231	36894	3.8177	1.1347	0.20741	19241	4.6419e+05	1.6781e+06	4.0325e+05	8.0262	0.14068	0.17593
1902.3	2495.8	-0.027274	-0.94213	36578	3.8202	1.1333	0.23139	20046	4.703e+05	1.7491e+06	4.201e+05	8.0117	0.14062	0.17509
1912.7	2472.9	-0.021664	-0.94125	35936	3.8258	1.13	0.29379	21723	4.8043e+05	1.893e+06	4.5375e+05	7.9682	0.14016	0.17179
1928.6	2433.6	-0.007908	-0.93895	35341	3.8342	1.1251	0.36133	23065	4.7905e+05	2.0198e+06	4.8264e+05	7.8689	0.13998	0.16804
1949.5	2378.5	0.011014	-0.93554	35440	3.8448	1.1188	0.32173	21697	4.4332e+05	1.9079e+06	4.533e+05	7.6862	0.13912	0.16456
1974.4	2317.5	0.01938	-0.93343	36426	3.8572	1.1114	0.22884	17694	3.7958e+05	1.568e+06	3.7003e+05	7.4462	0.13826	0.15854
2002.4	2261.7	0.0071735	-0.93442	37375	3.8705	1.1034	0.24359	14580	3.2776e+05	1.3137e+06	3.0819e+05	7.227	0.13859	0.14568
2032.5	2212.1	-0.015038	-0.93726	37102	3.8842	1.0949	0.21852	14539	3.1275e+05	1.3497e+06	3.1604e+05	7.0796	0.14091	0.1301
2063.5	2158.9	-0.024518	-0.93899	35636	3.8977	1.0864	0.1935	17342	3.2495e+05	1.6422e+06	3.8426e+05	6.9686	0.14237	0.11708
2094.2	2094.5	-0.011752	-0.93837	34352	3.9106	1.0782	0.27132	19941	3.2748e+05	1.8646e+06	4.3285e+05	6.8122	0.13988	0.10923
2123.4	2025.8	0.0062475	-0.93694	34214	3.9222	1.0706	0.25674	19063	2.9904e+05	1.7897e+06	4.1297e+05	6.5943	0.13885	0.10451
2150	1966.5	0.0099572	-0.93676	34719	3.9324	1.0639	0.21585	16594	2.6249e+05	1.5663e+06	3.5951e+05	6.3818	0.13804	0.098149
2173	1921.4	0.001227	-0.93788	34999	3.9409	1.0583	0.21461	15164	2.3928e+05	1.4557e+06	3.3284e+05	6.2252	0.13889	0.090749
2191.4	1888.3	-0.0088976	-0.93922	34866	3.9475	1.0539	0.20747	14954	2.293e+05	1.4493e+06	3.3056e+05	6.1227	0.13929	0.084256
2204.7	1865.3	-0.015551	-0.94026	34559	3.9521	1.0507	0.19472	15311	2.2627e+05	1.4986e+06	3.4147e+05	6.0593	0.13997	0.079254
2212.2	1852.1	-0.018223	-0.94082	34321	3.9547	1.049	0.18905	15669	2.256e+05	1.5388e+06	3.5044e+05	6.0249	0.14012	0.076503
2214	1849	-0.018763	-0.94095	34260	3.9553	1.0486	0.1881	15767	2.2551e+05	1.5496e+06	3.5285e+05	6.0169	0.14016	0.076141
2218	1841.9	-0.019722	-0.94122	34117	3.9566	1.0476	0.18686	16000	2.2538e+05	1.5745e+06	3.5837e+05	5.9988	0.14017	0.075581
2227.3	1824.9	-0.020627	-0.94176	33772	3.9598	1.0455	0.19101	16588	2.2518e+05	1.647e+06	3.7438e+05	5.9559	0.14017	0.073195
2241.5	1797.2	-0.018083	-0.94237	33263	3.9645	1.0422	0.21632	17440	2.2376e+05	1.7571e+06	3.9855e+05	5.8835	0.14015	0.069877
2260.2	1757.4	-0.0086203	-0.9428	32805	3.9705	1.038	0.25339	17941	2.1676e+05	1.8485e+06	4.179e+05	5.769	0.14009	0.06638
2282.6	1706.1	0.0049125	-0.94317	32742	3.9775	1.0331	0.24938	17082	1.9905e+05	1.8069e+06	4.0643e+05	5.6029	0.13944	0.063113
2308.1	1649.2	0.010702	-0.94407	33127	3.9851	1.0277	0.21821	15009	1.7404e+05	1.6411e+06	3.6733e+05	5.4033	0.13899	0.059795
2335.8	1593.8	0.0012507	-0.94589	33447	3.993	1.022	0.21091	13320	1.5287e+05	1.5071e+06	3.3586e+05	5.2117	0.13894	0.055301
2364.7	1542.2	-0.015132	-0.94824	33125	4.0009	1.0163	0.19278	13127	1.4186e+05	1.5396e+06	3.4193e+05	5.0528	0.13976	0.049641
2393.9	1489.9	-0.021089	-0.95037	32264	4.0085	1.0107	0.19187	14066	1.3682e+05	1.6979e+06	3.761e+05	4.9071	0.14014	0.044051
2422.3	1433.6	-0.012022	-0.95209	31535	4.0155	1.0054	0.22423	14597	1.2879e+05	1.8045e+06	3.9815e+05	4.734	0.13966	0.039267
2449	1376.3	0.00067458	-0.95373	31330	4.0219	1.0006	0.22742	13887	1.1555e+05	1.7772e+06	3.909e+05	4.5469	0.14007	0.035781
2473.1	1325.2	0.0040482	-0.95551	31440	4.0273	0.99648	0.20989	12658	1.0207e+05	1.6578e+06	3.6344e+05	4.3769	0.13973	0.033425
2493.8	1284.6	-0.0028443	-0.95731	31474	4.0317	0.99304	0.20257	11833	92604	1.5774e+06	3.4501e+05	4.2427	0.13945	0.031566
2510.3	1254.6	-0.011991	-0.95882	31321	4.0352	0.99036	0.19557	11555	87174	1.5613e+06	3.4096e+05	4.1449	0.13934	0.030067
2522.1	1234.1	-0.018727	-0.95991	31095	4.0376	0.98849	0.18797	11577	84356	1.5772e+06	3.4408e+05	4.0791	0.13919	0.028727
2528.7	1222.6	-0.022019	-0.96052	30928	4.0389	0.98744	0.18356	11661	83058	1.5962e+06	3.4803e+05	4.0427	0.13913	0.027961
2530.3	1219.9	-0.022728	-0.96066	30884	4.0392	0.98719	0.18258	11687	82775	1.6019e+06	3.4922e+05	4.0342	0.13913	0.02787
2533.5	1214.4	-0.024027	-0.96094	30793	4.0398	0.98669	0.18088	11747	82224	1.6139e+06	3.5175e+05	4.0168	0.13912	0.027767
2541	1201.6	-0.026315	-0.96157	30566	4.0413	0.98554	0.18028	11911	81012	1.6486e+06	3.6191e+05	3.9763	0.13908	0.027219
2552.5	1181	-0.027307	-0.96247	30195	4.0435	0.98378	0.18932	12185	79085	1.7119e+06	3.8333e+05	3.9113	0.13912	0.026122
2567.6	1151.4	-0.023581	-0.96356	29737	4.0464	0.98151	0.21441	12438	75853	1.7885e+06	4.1141e+05	3.8173	0.13938	0.024626
2586.1	1111.4	-0.013514	-0.96478	29342	4.0497	0.97883	0.24186	12322	70219	1.8265e+06	4.3476e+05	3.6879	0.13966	0.022989
2607.4	1061.4	-0.0027938	-0.96621	29164	4.0534	0.97586	0.24714	11553	61870	1.7707e+06	4.3849e+05	3.5233	0.1396	0.021384
2630.9	1005.4	-0.0022651	-0.96797	29133	4.0572	0.97274	0.24103	10418	52574	1.6608e+06	4.2801e+05	3.3377	0.13984	0.01965
2655.9	948.43	-0.015637	-0.97005	28937	4.061	0.96959	0.23506	9557.7	44681	1.596e+06	4.2636e+05	3.1499	0.14094	0.01766
2681.8	892.34	-0.033679	-0.97224	28346	4.0647	0.96652	0.22554	9277.9	38851	1.6201e+06	4.4655e+05	2.9675	0.14219	0.015835
2707.9	835.92	-0.045427	-0.97425	27438	4.0682	0.9636	0.22504	9385.6	34179	1.68e+06	4.7661e+05	2.7856	0.14136	0.014458
2733.5	778.34	-0.048394	-0.97594	26457	4.0714	0.96094	0.23635	9494.7	29698	1.7289e+06	5.0402e+05	2.5994	0.13963	0.013286
2757.8	720.22	-0.045472	-0.97735	25595	4.0742	0.95858	0.25043	9314.8	25089	1.7508e+06	5.2327e+05	2.4099	0.13961	0.01206
2780.3	664.35	-0.042887	-0.97857	24914	4.0765	0.95656	0.25562	8829.2	20699	1.7305e+06	5.2851e+05	2.2264	0.14108	0.010858
2800.2	614.77	-0.047064	-0.97966	24350	4.0785	0.95491	0.25062	8269.7	17088	1.6877e+06	5.2462e+05	2.0629	0.14296	0.009956
2817.1	574.63	-0.055853	-0.98054	23836	4.08	0.95361	0.23655	7841.1	14488	1.6764e+06	5.1353e+05	1.9304	0.14283	0.0093282
2830.5	544.81	-0.063033	-0.98118	23391	4.0811	0.95264	0.22236	7567.4	12760	1.6863e+06	5.021e+05	1.8321	0.14157	0.0088073
2840	524.66	-0.067621	-0.98161	23059	4.0818	0.95198	0.21334	7400.2	11681	1.6925e+06	4.9483e+05	1.7657	0.14066	0.0083382
2845.3	513.63	-0.069967	-0.98185	22868	4.0823	0.95162	0.20895	7313	11116	1.6984e+06	4.9176e+05	1.7293	0.14036	0.0081134
2846.6	511.05	-0.070475	-0.98191	22822	4.0824	0.95153	0.20802	7292.8	10987	1.7001e+06	4.9118e+05	1.7208	0.14033	0.0080935
2848.6	506.98	-0.071235	-0.982	22750	4.0825	0.9514	0.20669	7260.9	10785	1.7037e+06	4.9048e+05	1.7074	0.14033	0.0080748
2853.3	497.58	-0.072904	-0.98219	22580	4.0829	0.95109	0.20266	7186.9	10326	1.7023e+06	4.8613e+05	1.6763	0.13968	0.0079959
2860.6	483.41	-0.075965	-0.98247	22314	4.0834	0.95063	0.19641	7079.5	9659	1.6998e+06	4.8014e+05	1.6296	0.13866	0.0078211
2870.4	465.12	-0.080482	-0.98283	21954	4.0841	0.95003	0.18753	6944.7	8839.6	1.6895e+06	4.7094e+05	1.5693	0.13691	0.0075523
2882.4	444.19	-0.089645	-0.98326	21490	4.0849	0.94932	0.17382	6825.2	7973.9	1.6632e+06	4.5735e+05	1.5002	0.13345	0.0072067
2896.6	422.21	-0.10479	-0.98378	20899	4.0858	0.94853	0.15636	6782.8	7163.4	1.6398e+06	4.4498e+05	1.4279	0.12892	0.0067372
2912.6	401.26	-0.1262	-0.98439	20140	4.0868	0.94767	0.13295	6927.8	6522.3	1.6438e+06	4.4097e+05	1.3594	0.12368	0.0062244
2930.1	380.51	-0.13799	-0.98502	19226	4.0878	0.94679	0.12055	7200.8	5964	1.7251e+06	4.5675e+05	1.2896	0.12169	0.0057461
2949	357.19	-0.12979	-0.98559	18285	4.0888	0.94589	0.13805	7359.9	5296.3	1.7875e+06	4.6733e+05	1.2105	0.11984	0.0053349
2968.8	329.56	-0.11338	-0.98615	17466	4.0898	0.94501	0.1436	7128.8	4419.5	1.7606e+06	4.5366e+05	1.1169	0.11787	0.0049329
2989.2	304.98	-0.13074	-0.98683	16706	4.0907	0.94417	0.11414	6882.4	3704.3	1.6221e+06	3.9828e+05	1.0336	0.11086	0.0046669
3009.9	291.44	-0.17415	-0.98755	15768	4.0916	0.94338	0.061078	7287.3	3472.9	1.6583e+06	3.9228e+05	0.98769	0.10633	0.0043847
3030.5	280.17	-0.1626	-0.9882	14741	4.0925	0.94262	0.095268	7918.5	3339	1.8353e+06	4.1727e+05	0.9495	0.1072	0.0037705
3050.6	263.83	-0.13711	-0.98901	13957	4.0933	0.94191	0.078746	7945.6	2957.1	1.6736e+06	3.6698e+05	0.89413	0.097178	0.0035942
3070	261.79	-0.24538	-0.98988	13059	4.094	0.94126	0.2554	9013.2	3099.7	1.263e+06	3.2092e+05	0.8872	0.066903	0.004722
3088.2	283.62	-0.43894	-0.99044	11420	4.0947	0.94065	0.38137	13699	4503.4	9.8173e+05	4.5526e+05	0.96119	0.037127	0.0060104
3105	313.12	-0.70105	-0.99151	8748.7	4.0953	0.94009	0.66153	23561	7234	2.0993e+05	8.4029e+05	1.027	0.0083655	0.0063203
3120.1	329.57	-0.96267	-0.99279	5115.3	4.0958	0.93967	0.23116	39480	10401	5.942e+05	1.4102e+06	1.0297	0.011341	0.0058171
3133.3	316.23	-0.7604	-0.99187	1717.3	4.0962	0.93933	1.3204	51772	10943	3.5579e+06	1.6749e+06	0.94783	0.035618	0.0040881
3144.2	270.61	-0.16696	-0.99075	216.54	4.0966	0.93896	1.7809	43930	7324.7	4.6976e+06	1.3499e+06	0.79719	0.054294	0.0019141
3152.7	213.55	0.27892	-0.99139	350.92	4.0969	0.93869	1.0787	27003	3534	3.117e+06	7.8045e+05	0.63004	0.062244	0.00072634
3158.7	173.39	0.39477	-0.99246	747.64	4.097	0.93855	0.62993	17127	1836.2	1.6254e+06	4.3359e+05	0.51387	0.055449	0.00023716
3162.1	153.95	0.36203	-0.9932	957.7	4.0971	0.93848	0.59725	13228	1264.6	1.1743e+06	3.1691e+05	0.45737	0.053885	3.1048e-05
3162.9	149.95	0.34789	-0.99338	998.06	4.0971	0.93846	0.59887	12500	1164.7	1.0988e+06	2.9636e+05	0.44569	0.053751	0
