time	v	gamma	zeta	alt	lon	lat	q	heating_rate	L	D	M	Alpha	eta	
s	m/s	rad	rad	m	rad	rad	pa	W/m^2	N	N	Mach	rad	rad															
0	3726.4	-0.0103	1.4247	41002	2.6403	-0.3431	9.9999	23089	1.148e+06	1.5472e+07	1.4547e+07	11.667	0.67778	0
1.1216	3645.7	0.010268	1.4247	41002	2.6404	-0.34246	10	22101	1.0739e+06	1.522e+07	1.4762e+07	11.414	0.69708	-0.0052693
3.6963	3470.5	0.055221	1.4245	41303	2.6407	-0.34105	8.6564	19169	9.0407e+05	1.3266e+07	1.283e+07	10.848	0.69813	-0.01196
7.5658	3256.7	0.11136	1.4242	42397	2.641	-0.33905	6.4299	14416	6.8817e+05	1.0021e+07	9.635e+06	10.119	0.69813	-0.0040483
12.505	3060.2	0.16147	1.4247	44540	2.6413	-0.33667	4.0954	9394.4	4.8901e+05	6.5763e+06	6.2968e+06	9.3994	0.69813	0.0016082
18.227	2913.5	0.19404	1.4253	47586	2.6417	-0.33409	2.3604	5626.9	3.422e+05	3.9621e+06	3.7825e+06	8.8343	0.69813	0.0018464
24.399	2812.8	0.20892	1.426	51140	2.6422	-0.33142	1.3671	3353.6	2.4579e+05	2.3686e+06	2.2577e+06	8.5351	0.69813	0.0013886
30.662	2746.1	0.21102	1.4266	54780	2.6426	-0.3288	0.90516	2078.1	1.8419e+05	1.4683e+06	1.3993e+06	8.4942	0.69813	0.0040103
36.653	2701	0.20564	1.4272	58160	2.6429	-0.32635	0.74379	1327.2	1.4229e+05	9.376e+05	8.9359e+05	8.5111	0.69813	0.0046199
42.022	2671.8	0.19662	1.4278	61045	2.6433	-0.32417	0.72103	899.67	1.1457e+05	6.3525e+05	6.0555e+05	8.5581	0.6981	0.0066048
46.459	2652.2	0.18727	1.4282	63300	2.6435	-0.32239	0.73454	659.8	96646	4.6566e+05	4.4403e+05	8.6081	0.69813	0.0078105
49.706	2640.7	0.1795	1.4285	64867	2.6437	-0.32109	0.74856	530.18	85869	3.5873e+05	3.2278e+05	8.6517	0.66615	0.010927
51.573	2634.7	0.1748	1.4287	65735	2.6438	-0.32034	0.75835	468.97	80380	3.3069e+05	3.1537e+05	8.6774	0.698	0.011424
52.018	2633.3	0.17366	1.4288	65938	2.6439	-0.32017	0.7604	455.65	79146	3.1345e+05	2.8903e+05	8.6836	0.67895	0.011746
54.944	2624.7	0.16595	1.4291	67238	2.644	-0.319	0.77355	378.25	71631	2.6658e+05	2.5429e+05	8.7251	0.69798	0.012747
61.393	2608.6	0.14799	1.4297	69878	2.6444	-0.31644	0.79755	257.09	58311	1.8105e+05	1.7283e+05	8.8173	0.69812	0.016606
70.36	2591.3	0.12142	1.4303	73011	2.645	-0.31289	0.82003	159.04	45244	1.119e+05	1.0686e+05	8.9067	0.69811	-0.1055
80.479	2577.1	0.090047	1.4307	75773	2.6455	-0.30889	0.83758	102.59	35931	72124	68895	8.9764	0.69804	-0.47789
90.209	2567.7	0.058924	1.4307	77637	2.6461	-0.30506	0.8506	75.824	30659	53230	50801	9.026	0.69735	-0.90967
98.07	2562.7	0.033325	1.4306	78568	2.6466	-0.30197	0.85689	65.055	28284	45633	43523	9.0502	0.69691	-1.1688
102.87	2560.7	0.017589	1.4305	78880	2.6468	-0.30008	0.85822	61.755	27514	42688	39922	9.0574	0.68563	-1.2304
104.04	2560.3	0.013748	1.4305	78927	2.6469	-0.29963	0.85835	61.27	27398	42419	39756	9.0582	0.68683	-1.2387
106.36	2559.7	0.0061127	1.4305	78986	2.6471	-0.29871	0.85886	60.66	27248	42284	39999	9.0588	0.69211	-1.2699
111.54	2559	-0.010979	1.4304	78954	2.6474	-0.29667	0.8603	60.942	27295	42731	40737	9.0547	0.69663	-1.3562
118.95	2559.3	-0.035421	1.4302	78514	2.6478	-0.29376	0.8603	65.447	28294	45908	43773	9.036	0.69678	-1.384
127.69	2561.8	-0.064187	1.4298	77400	2.6483	-0.29033	0.85912	78.385	31025	55057	52548	8.9945	0.69749	-1.3839
136.71	2566.2	-0.093724	1.4292	75577	2.6488	-0.2868	0.85708	104.9	36018	73747	70390	8.9299	0.69772	-1.3899
144.9	2571.5	-0.12041	1.4282	73326	2.6493	-0.28358	0.85351	149.25	43146	1.0504e+05	1.0025e+05	8.852	0.69789	-1.3914
151.3	2576.1	-0.14106	1.427	71179	2.6497	-0.28107	0.8491	207.4	51044	1.4604e+05	1.3927e+05	8.7782	0.6977	-1.3922
155.13	2578.7	-0.15331	1.426	69733	2.6499	-0.27958	0.84481	256.5	56886	1.8055e+05	1.7188e+05	8.7082	0.69687	-1.3816
156.05	2579.3	-0.15626	1.4257	69366	2.65	-0.27921	0.84255	270.52	58447	1.8895e+05	1.7795e+05	8.6898	0.69069	-1.3653
157.17	2580	-0.15982	1.4253	68910	2.65	-0.27877	0.84213	288.84	60428	2.0258e+05	1.9177e+05	8.667	0.69372	-1.3749
159.75	2581.5	-0.16798	1.4243	67826	2.6502	-0.27777	0.84122	337.04	65354	2.3773e+05	2.2654e+05	8.613	0.69773	-1.3926
163.62	2583.3	-0.18017	1.4225	66095	2.6504	-0.27625	0.83802	429.14	73847	3.0307e+05	2.8879e+05	8.5269	0.69798	-1.3945
168.56	2584.1	-0.19554	1.4194	63712	2.6507	-0.27433	0.83723	592.93	86861	4.1933e+05	3.9942e+05	8.4077	0.69812	-1.3959
174.28	2581.8	-0.21302	1.4141	60713	2.6511	-0.27211	0.85168	877.01	1.0545e+05	6.212e+05	5.9125e+05	8.2542	0.69812	-1.3962
180.45	2572.9	-0.23133	1.4053	57206	2.6515	-0.26972	0.9208	1356.2	1.302e+05	9.6252e+05	9.1522e+05	8.0645	0.69812	-1.3962
186.71	2552.2	-0.24906	1.3912	53385	2.6519	-0.26733	1.1237	2121.3	1.6017e+05	1.5089e+06	1.4337e+06	7.836	0.69813	-1.3962
192.71	2514.7	-0.26483	1.3699	49524	2.6523	-0.26509	1.5551	3282.4	1.9328e+05	2.3397e+06	2.2219e+06	7.625	0.69813	-1.3962
198.07	2456.8	-0.27741	1.34	45944	2.6528	-0.26313	2.2938	4980.9	2.2699e+05	3.5552e+06	3.3749e+06	7.4905	0.69813	-1.3962
202.51	2381.2	-0.286	1.3025	42955	2.6532	-0.26157	3.2856	7115.5	2.5446e+05	5.0845e+06	4.8254e+06	7.3761	0.69813	-1.3963
205.76	2303.5	-0.29078	1.2641	40790	2.6535	-0.26048	4.2341	9099.4	2.6884e+05	6.5121e+06	6.1778e+06	7.2203	0.69813	-1.3962
207.63	2248.6	-0.29279	1.2367	39567	2.6537	-0.25987	4.8513	10379	2.7328e+05	7.4359e+06	7.0507e+06	7.0965	0.69802	-1.3937
208.07	2234.4	-0.29316	1.2296	39279	2.6538	-0.25973	4.9774	10694	2.7381e+05	7.6461e+06	7.2262e+06	7.063	0.69616	-1.3819
208.91	2206.1	-0.2937	1.2152	38737	2.6539	-0.25947	5.3035	11301	2.7421e+05	8.1052e+06	7.6843e+06	6.9949	0.69809	-1.3961
210.86	2134.1	-0.29495	1.1781	37509	2.6541	-0.25888	6.0012	12720	2.7177e+05	9.1397e+06	8.6617e+06	6.8139	0.69813	-1.3962
213.83	2007	-0.29463	1.1101	35725	2.6545	-0.25805	7.0262	14780	2.583e+05	1.0655e+07	1.0089e+07	6.4747	0.69813	-1.3962
217.67	1814.1	-0.29317	0.99926	33591	2.6551	-0.25709	8.0958	16869	2.2433e+05	1.2237e+07	1.1571e+07	5.9271	0.69813	-1.3962
222.24	1559	-0.28585	0.83331	31391	2.6558	-0.25617	8.6237	17652	1.6821e+05	1.3026e+07	1.228e+07	5.15	0.69813	-1.396
227.31	1276.8	-0.28253	0.61468	29374	2.6566	-0.25545	8.0355	16182	1.0695e+05	1.218e+07	1.1444e+07	4.2366	0.69813	-1.3916
232.69	1012.9	-0.24579	0.35868	27736	2.6575	-0.25502	6.9465	13151	59977	1.119e+07	9.7091e+06	3.3731	0.69813	-1.1337
238.12	795.53	-0.141	0.10783	26766	2.6582	-0.25485	5.239	9447.6	30981	8.852e+06	7.451e+06	2.6549	0.69812	-0.87257
243.38	636.96	-0.012213	-0.071547	26468	2.6588	-0.25484	3.5482	6347.5	16100	6.3077e+06	5.3313e+06	2.1272	0.69798	-0.58544
248.22	527.97	0.10059	-0.17072	26593	2.6593	-0.25489	2.3848	4276.4	8994.6	4.4133e+06	3.7864e+06	1.7627	0.69749	-0.37624
252.45	455.49	0.16822	-0.21682	26874	2.6596	-0.25495	1.6864	3044.7	5607.1	3.2016e+06	2.7787e+06	1.5197	0.69721	-0.22191
255.87	408.61	0.20108	-0.23665	27147	2.6598	-0.255	1.277	2347.4	3940.7	2.4427e+06	2.1049e+06	1.3625	0.6874	-0.15915
258.34	381.58	0.20639	-0.24595	27346	2.66	-0.25504	1.0027	1984	3148.5	1.8736e+06	1.6017e+06	1.2718	0.67182	-0.1237
259.75	368.55	0.20315	-0.24954	27454	2.66	-0.25506	0.91422	1820	2808.3	1.6411e+06	1.4083e+06	1.2281	0.66786	-0.11974
260.09	365.65	0.20153	-0.25044	27478	2.6601	-0.25507	0.89735	1784.5	2736	1.5931e+06	1.3689e+06	1.2183	0.66719	-0.11703
261.21	356.35	0.19508	-0.25301	27558	2.6601	-0.25508	0.85487	1673.8	2513.6	1.4524e+06	1.2596e+06	1.1872	0.66763	-0.11274
263.78	337.33	0.17201	-0.25778	27722	2.6603	-0.25512	0.79268	1461.9	2099.3	1.1973e+06	1.0656e+06	1.1234	0.67138	-0.093928
267.65	313.74	0.12071	-0.26245	27907	2.6605	-0.25517	0.73822	1228.3	1658.5	9.8085e+05	8.7664e+05	1.0444	0.67758	-0.064097
272.59	290.97	0.0345	-0.26547	28026	2.6607	-0.25523	0.69523	1037.1	1305.9	8.2218e+05	7.2462e+05	0.96835	0.68126	-0.031438
278.31	273.79	-0.08557	-0.26637	27988	2.6609	-0.25529	0.65927	923.69	1087.9	7.2643e+05	6.3057e+05	0.91125	0.68178	-0.0060978
284.49	264.84	-0.22517	-0.26565	27733	2.6612	-0.25536	0.61432	899.53	1002.8	7.0456e+05	6.0682e+05	0.88195	0.68214	0.0096929
290.75	263.65	-0.36075	-0.26394	27255	2.6614	-0.25542	0.54708	960.91	1026.9	7.5455e+05	6.525e+05	0.87891	0.68481	0.016408
296.74	267.09	-0.47155	-0.26181	26610	2.6617	-0.25548	0.45589	1091.4	1124	8.6207e+05	7.5301e+05	0.89169	0.68827	0.018292
302.11	271.6	-0.54925	-0.25963	25901	2.6619	-0.25553	0.35451	1262.1	1250.8	9.9844e+05	8.7496e+05	0.90818	0.68743	0.017564
306.55	275.18	-0.5968	-0.25774	25242	2.662	-0.25557	0.26552	1437.9	1371.4	1.1278e+06	9.7504e+05	0.9215	0.67804	0.016704
309.79	277.41	-0.62233	-0.25629	24728	2.6621	-0.2556	0.19877	1585.5	1464.1	1.2308e+06	1.0462e+06	0.93004	0.66792	0.015912
311.66	278.41	-0.63347	-0.25544	24423	2.6622	-0.25562	0.15743	1676.4	1516.7	1.2961e+06	1.0941e+06	0.93407	0.66386	0.015774
312.11	278.61	-0.63574	-0.25523	24350	2.6622	-0.25562	0.14642	1698.4	1528.8	1.3133e+06	1.1089e+06	0.93488	0.66387	0.01572
313.23	278.97	-0.64074	-0.2547	24163	2.6623	-0.25563	0.11684	1754.1	1557.8	1.36e+06	1.1537e+06	0.93649	0.66597	0.015687
315.8	278.88	-0.64825	-0.25342	23731	2.6623	-0.25566	0.063168	1878	1610.8	1.4741e+06	1.2768e+06	0.93711	0.67665	0.015545
319.67	276.13	-0.64996	-0.25138	23081	2.6625	-0.25569	0.11353	2042.7	1646.2	1.6248e+06	1.4375e+06	0.92923	0.68942	0.015204
324.61	269.03	-0.64002	-0.24862	22270	2.6627	-0.25573	0.19574	2208.3	1622.6	1.7579e+06	1.5559e+06	0.90701	0.69316	0.014473
330.33	257.84	-0.61841	-0.24534	21381	2.6628	-0.25578	0.24554	2340.2	1531	1.8443e+06	1.6038e+06	0.87105	0.68912	0.013305
336.5	244	-0.59268	-0.24189	20500	2.663	-0.25583	0.2515	2416.7	1389.5	1.8311e+06	1.5949e+06	0.82599	0.67951	0.011869
342.77	230.21	-0.57651	-0.23865	19682	2.6632	-0.25587	0.20899	2452.6	1242.4	1.7317e+06	1.5121e+06	0.78018	0.65949	0.010541
348.76	219.96	-0.57421	-0.23581	18951	2.6634	-0.25591	0.13965	2512.9	1145.4	1.6506e+06	1.3733e+06	0.74544	0.62706	0.0094505
354.13	214.29	-0.5781	-0.23344	18316	2.6636	-0.25595	0.081672	2636	1112.1	1.6297e+06	1.2596e+06	0.72625	0.59319	0.0085189
358.56	211.57	-0.58067	-0.2316	17799	2.6637	-0.25598	0.050679	2787.8	1114.1	1.6548e+06	1.2049e+06	0.71702	0.56797	0.0077513
361.81	210.11	-0.5799	-0.2303	17424	2.6638	-0.256	0.048713	2916.9	1123.4	1.6955e+06	1.195e+06	0.71205	0.55521	0.0072745
363.68	209.22	-0.57796	-0.22955	17209	2.6638	-0.25601	0.061279	2991.7	1127.9	1.726e+06	1.2073e+06	0.70904	0.55156	0.0071053
364.12	208.98	-0.57731	-0.22938	17159	2.6638	-0.25601	0.06594	3008.9	1128.5	1.7342e+06	1.2128e+06	0.70823	0.55136	0.00709
365.24	208.31	-0.57532	-0.22893	17031	2.6639	-0.25602	0.078509	3050.4	1128.8	1.7546e+06	1.2283e+06	0.70596	0.55136	0.0070499
367.82	206.38	-0.56914	-0.2279	16742	2.6639	-0.25604	0.10444	3133.8	1122.5	1.7932e+06	1.2599e+06	0.69942	0.55173	0.006854
371.69	202.71	-0.55744	-0.22636	16319	2.6641	-0.25606	0.12227	3231.8	1098.8	1.8207e+06	1.2737e+06	0.68699	0.54808	0.0064273
376.63	197.79	-0.54241	-0.22448	15802	2.6642	-0.25609	0.11197	3338	1061.8	1.8212e+06	1.2336e+06	0.6703	0.53424	0.0057224
382.35	193.05	-0.52742	-0.22247	15233	2.6643	-0.25612	0.088309	3478.8	1031.4	1.8196e+06	1.1626e+06	0.65425	0.51197	0.0048881
388.52	189.04	-0.51163	-0.22049	14648	2.6645	-0.25616	0.080909	3658.5	1013.2	1.8427e+06	1.1115e+06	0.64067	0.49163	0.0042
394.78	185.55	-0.49387	-0.21859	14082	2.6647	-0.25619	0.074339	3852.9	1000.7	1.865e+06	1.0576e+06	0.62882	0.46975	0.0038861
400.78	183.21	-0.47646	-0.21679	13567	2.6648	-0.25623	0.063578	4074.1	1002.6	1.8841e+06	9.8604e+05	0.62089	0.44289	0.0038901
406.14	181.9	-0.45913	-0.21513	13125	2.665	-0.25625	0.068741	4306.3	1015.8	1.9182e+06	9.3927e+05	0.61647	0.42118	0.0039854
410.58	180.96	-0.44268	-0.21373	12774	2.6651	-0.25628	0.076127	4504.3	1027.9	1.948e+06	9.1117e+05	0.61328	0.40516	0.004009
413.83	180.08	-0.42899	-0.21269	12527	2.6652	-0.2563	0.09148	4638.3	1032.8	1.9833e+06	9.1186e+05	0.61031	0.39969	0.0039872
415.7	179.33	-0.42003	-0.21209	12389	2.6652	-0.25631	0.10126	4701.1	1030.8	2.003e+06	9.1625e+05	0.60776	0.39846	0.0039728
416.14	179.13	-0.41784	-0.21195	12356	2.6652	-0.25631	0.1041	4714.6	1030	2.0081e+06	9.1831e+05	0.60709	0.39849	0.0039732
416.98	178.71	-0.41353	-0.21168	12295	2.6652	-0.25631	0.10882	4737.6	1027.5	2.0164e+06	9.2145e+05	0.60565	0.39852	0.0039777
418.93	177.56	-0.40322	-0.21104	12157	2.6653	-0.25632	0.11795	4779.6	1018.4	2.0311e+06	9.2704e+05	0.60174	0.39885	0.0040095
421.9	175.41	-0.38725	-0.21005	11956	2.6654	-0.25634	0.12441	4815.3	997.07	2.0387e+06	9.2543e+05	0.59448	0.39754	0.0040889
425.74	172.23	-0.36809	-0.20874	11709	2.6655	-0.25636	0.11719	4826.4	961.49	2.022e+06	9.0141e+05	0.58371	0.39204	0.0042074
430.31	168.53	-0.35072	-0.20714	11436	2.6656	-0.25638	0.094216	4824.5	919.44	1.98e+06	8.5303e+05	0.57116	0.38129	0.0043197
435.38	164.9	-0.33884	-0.20534	11151	2.6657	-0.25641	0.075174	4831.2	879.86	1.9416e+06	8.1251e+05	0.55883	0.37096	0.0043792
440.76	161.41	-0.33198	-0.20341	10863	2.6658	-0.25644	0.064881	4824.3	841.56	1.9154e+06	7.8775e+05	0.54589	0.3653	0.004375
446.19	158.17	-0.32922	-0.20146	10581	2.666	-0.25646	0.060808	4800.9	805.32	1.8992e+06	7.77e+05	0.53271	0.36398	0.0043362
451.45	154.83	-0.32735	-0.19955	10316	2.6661	-0.25649	0.071477	4756.3	767.28	1.9061e+06	7.9465e+05	0.51943	0.37107	0.0043188
456.29	151.2	-0.32518	-0.19775	10078	2.6662	-0.25651	0.081052	4672.4	724.38	1.902e+06	8.1044e+05	0.50549	0.37968	0.0043659
460.52	147.77	-0.32509	-0.19613	9876.2	2.6663	-0.25653	0.084362	4575.6	683.87	1.8841e+06	8.1701e+05	0.49257	0.38633	0.0044866
463.94	144.98	-0.32731	-0.19478	9715.7	2.6664	-0.25654	0.08294	4492.1	651.59	1.8605e+06	8.1565e+05	0.48213	0.39005	0.0046476
466.41	143.06	-0.3306	-0.19377	9600.8	2.6664	-0.25655	0.080598	4436.3	630.1	1.8437e+06	8.1345e+05	0.47497	0.3923	0.0047893
467.82	142.02	-0.333	-0.19318	9535.4	2.6665	-0.25656	0.078306	4406.9	618.66	1.8331e+06	8.1006e+05	0.47106	0.39294	0.0048545
468.16	141.78	-0.33366	-0.19304	9519.9	2.6665	-0.25656	0.077656	4400.6	616.12	1.8306e+06	8.0912e+05	0.47017	0.39303	0.0048639
468.82	141.32	-0.33501	-0.19277	9489.3	2.6665	-0.25656	0.076268	4388.7	611.23	1.8256e+06	8.0692e+05	0.46846	0.39309	0.004888
470.34	140.32	-0.33843	-0.19212	9418.4	2.6665	-0.25657	0.073431	4363.9	600.61	1.8162e+06	8.0354e+05	0.46464	0.39354	0.0050346
472.68	138.99	-0.34475	-0.19108	9309.1	2.6666	-0.25658	0.06574	4339.4	587.41	1.7932e+06	7.8355e+05	0.45954	0.38976	0.0054284
475.74	138.05	-0.35621	-0.18962	9163.5	2.6666	-0.25659	0.064838	4357	580.45	1.7448e+06	7.269e+05	0.45548	0.37325	0.0062062
479.44	138.94	-0.37711	-0.18769	8980.7	2.6667	-0.2566	0.11451	4512	598.54	1.6653e+06	6.2055e+05	0.45724	0.33379	0.0074029
483.63	143.35	-0.40971	-0.1853	8754.5	2.6668	-0.25662	0.19742	4934.8	667.32	1.5778e+06	5.0231e+05	0.47023	0.27526	0.0088083
488.19	152.1	-0.45326	-0.18261	8474.2	2.6669	-0.25663	0.28875	5744.6	813.02	1.4711e+06	4.0445e+05	0.497	0.20695	0.009859
492.94	165.17	-0.50727	-0.18002	8126.6	2.667	-0.25665	0.38227	7057.7	1067	1.3231e+06	3.3938e+05	0.53709	0.13831	0.0098914
497.74	181.89	-0.57422	-0.17793	7699.4	2.6671	-0.25667	0.47859	8997.5	1468.1	1.1126e+06	3.1634e+05	0.58801	0.077071	0.0086859
502.41	200.35	-0.63841	-0.17638	7188.9	2.6672	-0.25669	0.45776	11578	2030.3	1.1703e+06	3.8972e+05	0.6432	0.055252	0.0066744
506.81	216.85	-0.66174	-0.17512	6630.9	2.6673	-0.25671	0.35374	14453	2668.1	1.5756e+06	5.2871e+05	0.69102	0.061737	0.00447
510.77	228.95	-0.64156	-0.17414	6092.1	2.6674	-0.25673	0.36554	17114	3245.2	2.1236e+06	6.9305e+05	0.72442	0.074827	0.0025711
514.16	234.93	-0.57686	-0.17345	5637.7	2.6675	-0.25675	0.669	18948	3599.9	3.0078e+06	9.2306e+05	0.73895	0.10592	0.0012511
516.88	235.14	-0.48607	-0.17302	5312.8	2.6676	-0.25677	0.91425	19670	3674.5	3.6002e+06	1.0905e+06	0.73653	0.12815	0.00049566
518.82	232.74	-0.40758	-0.17279	5116.3	2.6677	-0.25678	1.0335	19688	3599.9	3.8832e+06	1.1616e+06	0.7272	0.14148	0.00013136
519.92	230.57	-0.35978	-0.17268	5020.9	2.6677	-0.25678	1.0277	19522	3516.3	3.8907e+06	1.1568e+06	0.71952	0.14369	1.2842e-05
520.18	230	-0.34889	-0.17266	5000.1	2.6677	-0.25678	1.0226	19470	3494.1	3.8841e+06	1.1527e+06	0.71757	0.14394	0
