time	v	gamma	zeta	alt	lon	lat	q	heating_rate	L	D	M	Alpha	eta	
s	m/s	rad	rad	m	rad	rad	pa	W/m^2	N	N	Mach	rad	rad															
0	3720.3	0.0513	0.307	44199	2.7021	-0.3875	6.4611	14565	9.0871e+05	1.001e+07	9.688e+06	11.448	0.69566	0
1.1749	3665.7	0.064128	0.30733	44449	2.7028	-0.3873	6.0715	13652	8.5351e+05	9.4233e+06	9.1443e+06	11.265	0.69813	-0.00021062
3.8605	3553.3	0.090391	0.30806	45200	2.7044	-0.38684	5.0881	11550	7.3651e+05	7.9917e+06	7.7307e+06	10.876	0.69813	-0.0011362
7.8648	3417.8	0.12113	0.30909	46682	2.7066	-0.38618	3.7604	8708.1	5.9052e+05	6.0438e+06	5.8231e+06	10.38	0.69813	-0.0018039
12.915	3291.4	0.14716	0.31037	48962	2.7093	-0.38539	2.524	6036.3	4.551e+05	4.2001e+06	4.034e+06	9.98	0.69813	-0.00029563
18.665	3190.6	0.16354	0.31187	51860	2.7122	-0.38451	1.5984	3967.6	3.4617e+05	2.7682e+06	2.655e+06	9.7177	0.69813	0.0014722
24.726	3117.2	0.17007	0.31342	55045	2.7152	-0.38361	1.0365	2593.2	2.6683e+05	1.8105e+06	1.7359e+06	9.6561	0.69813	0.00071666
30.682	3066.4	0.16931	0.3149	58163	2.7181	-0.38274	0.75832	1710	2.095e+05	1.1937e+06	1.1445e+06	9.6628	0.6981	-0.00017404
36.129	3032.6	0.16427	0.31623	60925	2.7207	-0.38195	0.66877	1177.3	1.6992e+05	8.215e+05	7.8786e+05	9.707	0.69813	0.00040015
40.696	3010.5	0.15787	0.31733	63139	2.7229	-0.38129	0.65844	868.45	1.4377e+05	6.0555e+05	5.8079e+05	9.7618	0.698	0.0017294
44.07	2997.1	0.15217	0.31815	64704	2.7245	-0.3808	0.66665	698.09	1.2772e+05	4.8372e+05	4.6053e+05	9.8095	0.69352	0.0027964
46.023	2990.2	0.14857	0.31862	65580	2.7254	-0.38052	0.67423	616.99	1.1951e+05	4.2425e+05	4.0002e+05	9.8392	0.68787	0.0032624
46.489	2988.7	0.14769	0.31874	65786	2.7256	-0.38045	0.67635	599.29	1.1766e+05	4.1227e+05	3.8903e+05	9.8464	0.68829	0.0033177
49.885	2978.2	0.14095	0.31955	67243	2.7272	-0.37996	0.69204	486.64	1.0527e+05	3.3724e+05	3.217e+05	9.9005	0.69436	0.0047769
57.217	2959.6	0.12509	0.32131	70133	2.7306	-0.37891	0.72203	318.98	84141	2.2187e+05	2.1315e+05	10.02	0.69813	0.013845
67.006	2941.6	0.102	0.32367	73409	2.7352	-0.3775	0.75163	192.83	64606	1.2753e+05	1.1463e+05	10.13	0.66083	0.033459
77.312	2929	0.076208	0.32613	76104	2.74	-0.37601	0.77185	125.81	51727	72490	56483	10.219	0.58028	0.062044
86.094	2921.9	0.053532	0.3282	77770	2.744	-0.37473	0.78232	96.124	44992	46678	31819	10.278	0.50432	0.09019
91.615	2918.9	0.039081	0.32949	78517	2.7465	-0.37392	0.78578	85.092	42241	38380	24934	10.306	0.47657	0.10327
92.978	2918.3	0.035501	0.32981	78665	2.7472	-0.37372	0.78628	83.046	41713	37133	24002	10.311	0.47348	0.10549
96.374	2917	0.026563	0.3306	78973	2.7487	-0.37322	0.78717	78.95	40634	34944	22453	10.323	0.46991	0.11425
103.71	2915.3	0.0072137	0.3323	79334	2.7521	-0.37215	0.78839	74.371	39390	32145	20356	10.335	0.46167	0.16316
113.5	2915.1	-0.018661	0.33459	79171	2.7566	-0.3707	0.78839	76.362	39910	32765	20648	10.326	0.45913	0.26142
123.8	2917.5	-0.045843	0.33706	78201	2.7613	-0.36916	0.78653	89.441	43265	38866	24667	10.285	0.46334	0.39277
132.58	2921.4	-0.068862	0.33926	76731	2.7653	-0.36785	0.78282	113.37	48842	50731	32740	10.223	0.47344	0.51251
138.1	2924.6	-0.083217	0.34073	75505	2.7678	-0.36701	0.77886	137.79	53968	62861	40992	10.173	0.4802	0.5727
139.47	2925.5	-0.086742	0.3411	75167	2.7685	-0.36681	0.77751	145.35	55464	66703	43635	10.16	0.4823	0.58278
140.64	2926.3	-0.089773	0.34143	74864	2.769	-0.36663	0.77621	152.46	56833	70234	46037	10.148	0.48369	0.58827
143.33	2928.1	-0.096674	0.3422	74132	2.7702	-0.36622	0.77279	170.97	60262	80756	53769	10.118	0.49295	0.62005
147.33	2930.9	-0.10688	0.34343	72940	2.772	-0.36562	0.76667	205.68	66227	1.0296e+05	71338	10.07	0.51568	0.69607
152.38	2934.4	-0.11958	0.34521	71266	2.7743	-0.36484	0.75811	265.61	75443	1.4543e+05	1.0783e+05	10.003	0.55446	0.82288
158.13	2937.6	-0.13379	0.34779	69133	2.777	-0.36396	0.7516	362.78	88368	2.191e+05	1.774e+05	9.8823	0.6036	0.98862
164.19	2939.1	-0.14856	0.3515	66627	2.7797	-0.36302	0.75814	516.3	1.0553e+05	3.3862e+05	2.9938e+05	9.7332	0.65278	1.1642
170.15	2937	-0.16298	0.35667	63911	2.7824	-0.36209	0.79191	745.78	1.2665e+05	5.1328e+05	4.8198e+05	9.5672	0.68638	1.3064
175.6	2930.3	-0.17618	0.36327	61214	2.7849	-0.36123	0.85519	1058.9	1.5021e+05	7.4127e+05	7.0975e+05	9.3955	0.69813	1.3803
180.16	2920	-0.1871	0.37068	58800	2.7869	-0.3605	0.93685	1431.2	1.7337e+05	1.0034e+06	9.596e+05	9.2342	0.69794	1.3862
183.54	2908.8	-0.19488	0.37756	56933	2.7884	-0.35995	1.0181	1792.8	1.9251e+05	1.2439e+06	1.1702e+06	9.1036	0.68883	1.3664
185.49	2900.7	-0.1992	0.38219	55822	2.7892	-0.35963	1.0826	2043.3	2.0436e+05	1.4092e+06	1.3128e+06	9.0234	0.68359	1.3558
185.96	2898.6	-0.20021	0.38338	55554	2.7895	-0.35955	1.1028	2108	2.0726e+05	1.4537e+06	1.3536e+06	9.0036	0.68337	1.3557
186.96	2893.7	-0.20237	0.38606	54974	2.7899	-0.35939	1.1555	2254.1	2.1358e+05	1.5586e+06	1.4554e+06	8.9603	0.68507	1.3594
189.26	2880.5	-0.20726	0.39295	53623	2.7909	-0.359	1.3071	2626.6	2.284e+05	1.8285e+06	1.7198e+06	8.8551	0.68945	1.38
192.72	2855	-0.21451	0.4055	51546	2.7924	-0.35841	1.5855	3295.5	2.5121e+05	2.3064e+06	2.1777e+06	8.6813	0.69217	1.3962
197.13	2809	-0.22313	0.42661	48830	2.7942	-0.35765	2.1107	4470.3	2.8301e+05	3.1579e+06	3.0098e+06	8.5174	0.69813	1.3963
202.25	2730	-0.23175	0.46126	45632	2.7963	-0.35673	3.0034	6421	3.199e+05	4.5443e+06	4.3271e+06	8.3369	0.69813	1.3963
207.76	2600.2	-0.23847	0.51753	42198	2.7984	-0.35568	4.44	9455.6	3.5131e+05	6.7091e+06	6.3802e+06	8.0876	0.69813	1.396
213.36	2405	-0.24144	0.60467	38856	2.8003	-0.35456	6.2529	13194	3.5364e+05	9.4053e+06	8.9315e+06	7.6204	0.69813	1.3957
218.71	2153.6	-0.23972	0.72571	35938	2.8019	-0.35342	7.8818	16470	3.1508e+05	1.1819e+07	1.1205e+07	6.9392	0.69813	1.3956
223.51	1887	-0.23384	0.86913	33656	2.803	-0.35237	8.7027	18066	2.5169e+05	1.3064e+07	1.236e+07	6.163	0.69812	1.3726
227.48	1655.2	-0.22002	1.0095	32067	2.8037	-0.35151	8.6909	17922	1.9161e+05	1.3137e+07	1.2398e+07	5.4581	0.69812	1.29
230.38	1490.3	-0.2004	1.1194	31112	2.804	-0.3509	8.1421	16841	1.4979e+05	1.2434e+07	1.1639e+07	4.9259	0.69451	1.2177
232.05	1401.7	-0.18639	1.1831	30647	2.8042	-0.35056	7.6608	16007	1.288e+05	1.1806e+07	1.092e+07	4.6379	0.68846	1.1887
232.45	1381.5	-0.18287	1.1983	30546	2.8042	-0.35049	7.5569	15793	1.2417e+05	1.1658e+07	1.077e+07	4.5719	0.68791	1.1862
233.03	1352	-0.17772	1.2207	30402	2.8043	-0.35037	7.4112	15467	1.1756e+05	1.1441e+07	1.0565e+07	4.4757	0.68789	1.1844
234.4	1285.6	-0.16586	1.2729	30094	2.8044	-0.35011	7.0626	14669	1.0327e+05	1.0914e+07	1.0087e+07	4.259	0.68878	1.1783
236.48	1190.2	-0.14821	1.3527	29690	2.8045	-0.34972	6.5234	13387	84235	1.0133e+07	9.3083e+06	3.9465	0.68997	1.1694
239.23	1076.6	-0.12495	1.4587	29267	2.8046	-0.34925	5.9152	11698	64098	9.4435e+06	8.2329e+06	3.573	0.68761	1.1516
242.53	960.38	-0.096561	1.5862	28895	2.8046	-0.34873	4.9442	9863.7	46571	8.2328e+06	6.6398e+06	3.1899	0.67145	1.1176
246.28	857.65	-0.066816	1.7196	28618	2.8045	-0.3482	3.8566	8214.1	33702	6.7331e+06	5.0334e+06	2.8505	0.63937	1.0612
250.35	772.8	-0.038158	1.8457	28444	2.8044	-0.3477	2.9574	6852.3	24863	5.435e+06	3.8122e+06	2.5695	0.60485	0.98149
254.6	705.61	-0.01272	1.9556	28366	2.8043	-0.34723	2.205	5783.5	18956	4.3399e+06	2.83e+06	2.3465	0.56289	0.88396
258.88	654.95	0.006462	2.044	28358	2.8041	-0.34682	1.6122	4988.7	15112	3.4647e+06	2.0823e+06	2.178	0.51531	0.77912
263.06	617.88	0.017205	2.1105	28391	2.8038	-0.34646	1.1769	4417.1	12619	2.8002e+06	1.5512e+06	2.0546	0.46851	0.67624
266.99	591.21	0.019398	2.1582	28436	2.8036	-0.34615	0.88253	4015.7	10991	2.3227e+06	1.1953e+06	1.9657	0.42691	0.58397
270.53	572.09	0.014968	2.1914	28472	2.8034	-0.34588	0.70529	3738.9	9914.5	2.0034e+06	9.7899e+05	1.902	0.39452	0.50778
273.56	558.34	0.0069215	2.2144	28492	2.8033	-0.34567	0.60904	3550.6	9191.5	1.8e+06	8.559e+05	1.8562	0.37214	0.45148
275.99	548.66	-0.0019323	2.23	28495	2.8031	-0.3455	0.56129	3426.6	8711.5	1.6806e+06	7.9025e+05	1.824	0.35908	0.41542
277.72	542.27	-0.0093154	2.2401	28490	2.803	-0.34538	0.53943	3350	8409.3	1.6182e+06	7.5693e+05	1.8028	0.3529	0.39733
278.7	538.83	-0.013836	2.2456	28484	2.803	-0.34532	0.5316	3310.7	8251.3	1.5931e+06	7.4423e+05	1.7914	0.35105	0.39158
278.93	538.02	-0.014928	2.2468	28482	2.803	-0.3453	0.53039	3301.8	8214.9	1.5886e+06	7.4208e+05	1.7887	0.35086	0.39104
279.8	535.08	-0.019092	2.2516	28474	2.8029	-0.34525	0.525	3269.8	8083.7	1.5698e+06	7.3277e+05	1.779	0.34965	0.38761
281.79	528.63	-0.029279	2.262	28449	2.8028	-0.34512	0.50862	3204.2	7805.6	1.5162e+06	7.0498e+05	1.7576	0.34369	0.37143
284.81	519.79	-0.046323	2.2765	28389	2.8026	-0.34493	0.48483	3126.9	7448.9	1.4343e+06	6.6099e+05	1.7284	0.33201	0.33996
288.69	510.14	-0.071083	2.2924	28272	2.8024	-0.34469	0.4604	3067.2	7099.4	1.3374e+06	6.0687e+05	1.6968	0.3146	0.29233
293.25	501.22	-0.10351	2.3072	28072	2.8022	-0.34443	0.4409	3055.1	6833.6	1.2518e+06	5.5965e+05	1.6678	0.29429	0.23284
298.25	494.1	-0.14179	2.3191	27768	2.8019	-0.34414	0.42182	3113.7	6699.7	1.1996e+06	5.2847e+05	1.6453	0.27555	0.16617
303.45	489.17	-0.18222	2.3272	27356	2.8016	-0.34385	0.39452	3255.7	6711.3	1.1967e+06	5.2302e+05	1.6304	0.26179	0.10002
308.59	486.06	-0.22019	2.3315	26855	2.8013	-0.34357	0.35287	3477.7	6846.3	1.2451e+06	5.4169e+05	1.6218	0.25438	0.040306
313.4	484.06	-0.25167	2.3324	26309	2.8011	-0.34332	0.29738	3759.2	7058	1.3381e+06	5.8163e+05	1.6171	0.25266	-0.0074414
317.65	482.42	-0.27448	2.3308	25774	2.8008	-0.34309	0.238	4062.7	7286.6	1.4538e+06	6.3275e+05	1.6136	0.25392	-0.041765
321.12	480.82	-0.28882	2.328	25309	2.8007	-0.34291	0.18717	4344	7483.4	1.5687e+06	6.8408e+05	1.6099	0.25618	-0.062767
323.64	479.34	-0.2965	2.3251	24960	2.8005	-0.34278	0.15535	4563.1	7621.4	1.6582e+06	7.2414e+05	1.6062	0.25771	-0.073533
325.08	478.34	-0.29986	2.3232	24757	2.8004	-0.3427	0.14127	4693	7696.3	1.7097e+06	7.4713e+05	1.6036	0.25829	-0.076971
325.42	478.09	-0.30054	2.3228	24708	2.8004	-0.34269	0.13853	4724.2	7713.5	1.7215e+06	7.5235e+05	1.6029	0.25833	-0.077393
326.29	477.42	-0.30208	2.3216	24586	2.8004	-0.34264	0.133	4803.7	7755.7	1.7518e+06	7.6576e+05	1.6011	0.25845	-0.078812
328.28	475.69	-0.30458	2.3185	24302	2.8003	-0.34254	0.13086	4989.2	7845.6	1.8233e+06	7.9776e+05	1.5964	0.25885	-0.086158
331.3	472.56	-0.30569	2.3131	23872	2.8001	-0.34238	0.15277	5272.5	7956.7	1.9273e+06	8.4417e+05	1.5874	0.2586	-0.10163
335.18	467.56	-0.30286	2.304	23324	2.7999	-0.34218	0.20211	5633.2	8047	2.0427e+06	8.9495e+05	1.5726	0.25593	-0.12508
339.74	460.43	-0.29484	2.29	22701	2.7997	-0.34194	0.25813	6036	8071.3	2.1408e+06	9.3644e+05	1.5508	0.24935	-0.15228
344.74	451.29	-0.2824	2.2707	22051	2.7995	-0.34168	0.30496	6436.7	7999.4	2.2064e+06	9.6415e+05	1.5222	0.23956	-0.17737
349.94	440.51	-0.2671	2.2471	21421	2.7992	-0.34141	0.34141	6787.3	7817	2.2505e+06	9.8552e+05	1.488	0.23002	-0.19446
355.08	428.67	-0.25059	2.2214	20849	2.799	-0.34115	0.36259	7048.8	7533.7	2.2682e+06	9.9645e+05	1.4499	0.2215	-0.20154
359.89	416.7	-0.23485	2.1962	20360	2.7988	-0.3409	0.37271	7209.1	7188.9	2.2695e+06	1.0011e+06	1.411	0.21512	-0.20033
364.14	405.38	-0.22056	2.1736	19966	2.7987	-0.34068	0.38459	7272.4	6823.9	2.2801e+06	1.0111e+06	1.3739	0.21306	-0.19525
367.61	395.54	-0.2084	2.1552	19670	2.7985	-0.34051	0.3914	7254.1	6480.6	2.2799e+06	1.0163e+06	1.3405	0.21314	-0.19002
370.13	388.14	-0.19977	2.1418	19470	2.7984	-0.34038	0.38997	7209.3	6215.4	2.2617e+06	1.0121e+06	1.3154	0.21333	-0.18701
371.57	383.85	-0.19511	2.1342	19361	2.7984	-0.34031	0.3878	7173.3	6060.1	2.2466e+06	1.0076e+06	1.3009	0.2133	-0.18606
371.91	382.83	-0.19404	2.1324	19336	2.7984	-0.34029	0.38719	7163.7	6023	2.2425e+06	1.0063e+06	1.2974	0.21327	-0.18602
372.67	380.57	-0.19175	2.1284	19280	2.7984	-0.34025	0.38542	7141.3	5941.2	2.2322e+06	1.0028e+06	1.2898	0.21311	-0.18608
374.41	375.36	-0.18691	2.1192	19156	2.7983	-0.34017	0.37743	7084.4	5752.7	2.1973e+06	9.8928e+05	1.2721	0.21173	-0.18669
377.06	367.6	-0.18136	2.1052	18977	2.7982	-0.34004	0.35881	6989.7	5474.4	2.123e+06	9.5905e+05	1.2458	0.20742	-0.18835
380.49	358.03	-0.17857	2.0873	18754	2.7981	-0.33987	0.33018	6867.7	5140.9	2.0003e+06	9.091e+05	1.2134	0.1984	-0.1903
384.57	347.92	-0.18323	2.0668	18496	2.798	-0.33968	0.30027	6754.4	4807.6	1.8333e+06	8.3883e+05	1.1791	0.18339	-0.19031
389.11	338.75	-0.19972	2.0459	18201	2.7979	-0.33947	0.28916	6707.8	4535.7	1.6435e+06	7.6339e+05	1.148	0.16269	-0.18569
393.91	331.77	-0.22936	2.0263	17860	2.7978	-0.33925	0.30208	6789.4	4372.4	1.4711e+06	7.0068e+05	1.1244	0.14005	-0.17507
398.77	327.46	-0.2693	2.0095	17467	2.7977	-0.33903	0.32564	7037.7	4334	1.3362e+06	6.6729e+05	1.1098	0.11837	-0.15928
403.47	325.66	-0.31396	1.9959	17027	2.7976	-0.33882	0.33686	7460.4	4411.9	1.2597e+06	6.6031e+05	1.1037	0.10131	-0.14107
407.8	325.53	-0.35556	1.9851	16563	2.7975	-0.33863	0.31676	8020.1	4570.8	1.2654e+06	6.8797e+05	1.1032	0.092304	-0.12361
411.58	326.06	-0.38858	1.9766	16115	2.7974	-0.33846	0.28162	8634.8	4758.5	1.3107e+06	7.2788e+05	1.105	0.087437	-0.10946
414.64	326.67	-0.41193	1.9701	15726	2.7973	-0.33833	0.24547	9216.2	4935.1	1.3657e+06	7.6859e+05	1.1071	0.084503	-0.0999
416.84	327.08	-0.42652	1.9656	15432	2.7973	-0.33824	0.21724	9677.4	5070	1.412e+06	8.0154e+05	1.1085	0.082649	-0.094939
418.1	327.28	-0.43396	1.9631	15260	2.7973	-0.33818	0.1998	9955.2	5148.6	1.4427e+06	8.2211e+05	1.1091	0.081849	-0.09335
418.4	327.31	-0.43561	1.9625	15219	2.7973	-0.33817	0.19559	10022	5167.1	1.4504e+06	8.2715e+05	1.1093	0.081687	-0.093202
418.99	327.38	-0.43876	1.9613	15138	2.7972	-0.33814	0.18847	10156	5203.7	1.4633e+06	8.3658e+05	1.1095	0.081166	-0.09295
420.35	327.51	-0.44574	1.9585	14947	2.7972	-0.33809	0.18206	10475	5289.1	1.4705e+06	8.5329e+05	1.1099	0.078161	-0.091745
422.44	327.71	-0.45651	1.9543	14648	2.7972	-0.338	0.19114	10992	5424.7	1.439e+06	8.6973e+05	1.1106	0.07046	-0.08928
425.18	328.03	-0.47278	1.9493	14246	2.7971	-0.33788	0.22938	11736	5616.3	1.339e+06	8.9298e+05	1.1117	0.056792	-0.085232
428.48	328.61	-0.4983	1.9441	13741	2.7971	-0.33774	0.30304	12754	5876.2	1.1595e+06	9.1811e+05	1.1137	0.037943	-0.079701
432.23	329.59	-0.53626	1.9394	13131	2.797	-0.33758	0.37597	14124	6221.7	9.7043e+05	9.7934e+05	1.117	0.01989	-0.073086
436.3	330.39	-0.58206	1.9353	12419	2.7969	-0.33742	0.36192	15880	6629.9	9.4793e+05	1.0856e+06	1.1197	0.012564	-0.06626
440.55	329.99	-0.6165	1.9307	11624	2.7969	-0.33725	0.15943	17956	7032.6	1.3381e+06	1.2561e+06	1.1183	0.024621	-0.059578
444.84	325.74	-0.61148	1.9244	10809	2.7968	-0.33708	0.29585	19782	7188	2.1281e+06	1.4835e+06	1.1008	0.051469	-0.052152
449.02	316.86	-0.55306	1.9164	10064	2.7967	-0.33691	0.73809	20554	6923.4	3.0787e+06	1.6156e+06	1.0591	0.087231	-0.042739
452.94	303.42	-0.4421	1.9081	9477.2	2.7967	-0.33676	1.1721	20260	6289.4	4.0026e+06	1.7347e+06	1.0056	0.12916	-0.031679
456.48	285.99	-0.30123	1.9015	9095	2.7966	-0.33661	1.3818	18854	5374	4.4522e+06	1.7378e+06	0.94265	0.16529	-0.020544
459.52	268	-0.16656	1.8978	8899.4	2.7966	-0.33649	1.3782	16952	4460.5	4.4331e+06	1.6282e+06	0.88093	0.19139	-0.01121
461.94	252.41	-0.061275	1.8963	8827.7	2.7966	-0.3364	1.2533	15167	3731.3	4.1437e+06	1.4608e+06	0.82885	0.20537	-0.0047496
463.67	241.22	0.006638	1.8959	8816.2	2.7965	-0.33633	1.1184	13871	3251.5	3.8276e+06	1.3139e+06	0.79197	0.21028	-0.0012863
464.66	234.92	0.041336	1.8959	8821.9	2.7965	-0.3363	1.0285	13147	2998.4	3.6171e+06	1.2197e+06	0.77135	0.21095	-0.00012296
464.89	233.47	0.048982	1.8959	8824.3	2.7965	-0.33629	1.0076	12981	2941.7	3.5674e+06	1.1977e+06	0.7666	0.21099	0
