time	v	gamma	zeta	alt	lon	lat	q	heating_rate	L	D	M	Alpha	eta	
s	m/s	rad	rad	m	rad	rad	pa	W/m^2	N	N	Mach	rad	rad															
0	7303.3	-9.7e-06	1.2086	76087	0	-0.21212	0.11191	784.29	8.4051e+05	1.91e+05	80776	25.477	0.35569	0.04296
6.894	7299.8	0.0003159	1.2094	76095	0.0028247	-0.20482	0.10911	782.58	8.3877e+05	1.9058e+05	80601	25.466	0.35538	0.044405
22.816	7291.9	0.0010072	1.2113	76172	0.0093039	-0.18796	0.10229	771.41	8.309e+05	1.8787e+05	79455	25.448	0.35695	0.049312
47.019	7279.7	0.0018966	1.2138	76433	0.019042	-0.16234	0.090934	737.94	8.0991e+05	1.7972e+05	76008	25.438	0.35129	0.057726
78.442	7265.7	0.0023926	1.2166	76940	0.031512	-0.12912	0.072095	678.45	7.7351e+05	1.533e+05	62505	25.452	0.33132	0.071253
115.71	7252.3	0.001923	1.2192	77547	0.046097	-0.08975	0.057633	613.71	7.3291e+05	1.2837e+05	50484	25.482	0.31418	0.091854
157.2	7241.2	0.00025999	1.2212	77903	0.062144	-0.045967	0.052423	577.94	7.09e+05	1.02e+05	37569	25.488	0.27922	0.12139
201.09	7233.5	-0.00249	1.2222	77568	0.078994	0.00031847	0.05401	608.4	7.2585e+05	87839	30393	25.419	0.2442	0.1584
245.47	7228.3	-0.0057446	1.2222	76252	0.095993	0.047091	0.055852	748.57	8.0395e+05	85846	28218	25.236	0.2096	0.19357
288.39	7223	-0.0082662	1.2214	74036	0.11248	0.092306	0.035629	1055.9	9.5338e+05	1.3444e+05	45229	24.948	0.22457	0.21159
327.99	7211.1	-0.0079942	1.2204	71630	0.12778	0.13397	0.06211	1518.7	1.1395e+06	2.3388e+05	82495	24.625	0.25457	0.20795
362.53	7190.5	-0.0045902	1.2194	69997	0.14121	0.17022	0.13605	1920	1.2738e+06	3.4738e+05	1.2929e+05	24.324	0.2838	0.19593
390.49	7164.3	0.00054875	1.2185	69560	0.15214	0.19948	0.19106	2029.9	1.3e+06	4.2554e+05	1.6747e+05	24.167	0.31424	0.18834
410.67	7141.3	0.0048763	1.2178	69952	0.16005	0.22051	0.19792	1906.2	1.2514e+06	4.3274e+05	1.7681e+05	24.15	0.33195	0.18699
422.18	7127.4	0.0072638	1.2172	70450	0.16458	0.23247	0.19907	1766.9	1.2e+06	4.3103e+05	1.824e+05	24.181	0.34901	0.18845
424.9	7123.9	0.007827	1.2171	70597	0.16565	0.2353	0.19289	1727.9	1.1856e+06	4.216e+05	1.7843e+05	24.192	0.3494	0.18858
430.97	7116.7	0.0089476	1.2168	70960	0.16804	0.24159	0.17843	1635.7	1.1511e+06	3.9909e+05	1.689e+05	24.225	0.35183	0.18982
445	7101.2	0.01098	1.2158	71960	0.17359	0.25611	0.14492	1401.1	1.0606e+06	3.4181e+05	1.4465e+05	24.287	0.35822	0.19503
466.42	7081.5	0.012557	1.214	73771	0.1821	0.2782	0.11191	1057.2	9.1608e+05	2.5787e+05	1.0912e+05	24.428	0.36291	0.20597
494.41	7062.3	0.012238	1.2108	76262	0.19334	0.30695	0.11535	713.47	7.4838e+05	1.7397e+05	73607	24.658	0.36198	0.22592
527.87	7046.6	0.0094672	1.2059	78863	0.20703	0.34118	0.14446	468.94	6.0395e+05	1.1429e+05	48352	24.922	0.34987	0.25412
565.54	7035.4	0.0045435	1.1993	80752	0.22284	0.37953	0.17448	343.42	5.1516e+05	77775	31742	25.123	0.33173	0.28777
605.96	7028.2	-0.0016784	1.191	81167	0.24038	0.42051	0.19334	320.01	4.9626e+05	71947	29268	25.151	0.33006	0.31966
647.58	7021.8	-0.0077998	1.1814	79761	0.25919	0.46251	0.19899	402.47	5.5549e+05	98090	41496	24.948	0.3561	0.34242
688.8	7012.7	-0.012497	1.1711	76778	0.27866	0.50391	0.19462	648.4	7.0319e+05	1.5812e+05	66908	24.547	0.37093	0.35028
728.03	6995.4	-0.014071	1.1612	73035	0.29804	0.5431	0.18825	1154.9	9.3373e+05	2.8185e+05	1.1929e+05	24.047	0.37156	0.3492
763.77	6964.2	-0.010991	1.1528	69802	0.31643	0.57856	0.2239	1852.3	1.1717e+06	4.5242e+05	1.9154e+05	23.528	0.36895	0.35549
794.64	6922.4	-0.0045653	1.1465	68085	0.33286	0.60894	0.26902	2337	1.3e+06	5.7113e+05	2.4185e+05	23.134	0.36322	0.38234
819.47	6882.6	0.0016277	1.1418	67834	0.3464	0.63316	0.27251	2392.9	1.3e+06	5.8494e+05	2.4773e+05	22.964	0.35555	0.40605
837.28	6854	0.0055591	1.1382	68282	0.35631	0.65043	0.25892	2228.2	1.2438e+06	5.4471e+05	2.3069e+05	22.933	0.3511	0.41198
847.41	6838.6	0.0073583	1.1359	68732	0.36201	0.6602	0.24938	2081.3	1.1966e+06	5.0878e+05	2.1547e+05	22.947	0.35044	0.41734
849.81	6835.1	0.0077256	1.1353	68856	0.36337	0.66251	0.24763	2043	1.1843e+06	4.9941e+05	2.1151e+05	22.953	0.35039	0.41792
855.18	6827.5	0.0084658	1.134	69153	0.36643	0.66768	0.24398	1953.8	1.1555e+06	4.7761e+05	2.0227e+05	22.971	0.35059	0.42122
867.65	6810.9	0.0097095	1.1307	69931	0.3736	0.67962	0.23938	1739.3	1.0848e+06	4.2514e+05	1.8004e+05	23.029	0.35073	0.43575
886.73	6788.8	0.010336	1.1249	71247	0.38478	0.69782	0.24938	1425.9	9.7567e+05	3.4846e+05	1.4756e+05	23.141	0.3509	0.45664
911.79	6765.3	0.0091433	1.1161	72930	0.3999	0.72155	0.27987	1097.5	8.4993e+05	2.6818e+05	1.1356e+05	23.244	0.34968	0.49609
941.96	6744.5	0.0053445	1.1037	74443	0.41887	0.74987	0.32627	864.5	7.4959e+05	1.9828e+05	81424	23.341	0.33403	0.53689
976.23	6727.5	-0.00068797	1.0877	74998	0.44159	0.78171	0.36158	789.16	7.1248e+05	1.7911e+05	73162	23.345	0.33163	0.57437
1013.4	6709.3	-0.0071072	1.0689	74000	0.46786	0.81587	0.37473	916.04	7.6337e+05	2.2386e+05	94795	23.17	0.35184	0.57846
1052.3	6684.1	-0.01174	1.0484	71484	0.49729	0.85106	0.37439	1333.9	9.1409e+05	3.2614e+05	1.3813e+05	22.81	0.35966	0.55795
1091.4	6644	-0.011935	1.0279	68261	0.52918	0.88599	0.37412	2100	1.1328e+06	5.1391e+05	2.1773e+05	22.228	0.36063	0.52771
1129.6	6582.1	-0.006039	1.0093	65878	0.56241	0.91938	0.39309	2870.2	1.2993e+06	7.0285e+05	2.9687e+05	21.698	0.35716	0.54809
1165.5	6509.7	0.0016224	0.99312	65376	0.59555	0.95011	0.38717	3006.7	1.3e+06	7.365e+05	3.1009e+05	21.393	0.35576	0.62685
1197.9	6446.2	0.0061056	0.97702	66245	0.6271	0.97725	0.41596	2617.8	1.1889e+06	6.4129e+05	2.6973e+05	21.297	0.35601	0.63977
1225.6	6399.3	0.0070224	0.9598	67456	0.6556	1.0001	0.47049	2181	1.069e+06	5.3429e+05	2.2473e+05	21.302	0.35441	0.64554
1247.8	6367.4	0.0057009	0.94377	68377	0.67953	1.0179	0.52058	1897.6	9.87e+05	4.6484e+05	1.9556e+05	21.318	0.35243	0.66249
1263.6	6347.2	0.0039231	0.9311	68866	0.69734	1.0306	0.55632	1759.3	9.4415e+05	4.3096e+05	1.813e+05	21.316	0.35084	0.67199
1272.6	6336.3	0.0026635	0.92354	69054	0.70773	1.0376	0.57516	1706.8	9.2671e+05	4.1811e+05	1.7587e+05	21.305	0.35008	0.67768
1274.7	6333.8	0.0023532	0.9217	69088	0.71021	1.0393	0.57977	1697.3	9.2339e+05	4.1579e+05	1.7489e+05	21.301	0.35008	0.67714
1279	6328.8	0.0017	0.91795	69143	0.71529	1.0427	0.58798	1681.3	9.1753e+05	4.1186e+05	1.7322e+05	21.292	0.34996	0.68093
1289	6317.5	8.6285e-05	0.90898	69200	0.72729	1.0504	0.60622	1661.7	9.0883e+05	4.0709e+05	1.7116e+05	21.261	0.35156	0.68682
1304.4	6300.2	-0.0024823	0.89464	69085	0.74632	1.0623	0.63065	1680	9.0871e+05	4.116e+05	1.7292e+05	21.188	0.35293	0.69291
1324.8	6277.3	-0.0058376	0.87474	68547	0.7726	1.0777	0.6557	1800.3	9.3368e+05	4.4114e+05	1.8504e+05	21.039	0.35683	0.6932
1349.7	6246.4	-0.0090465	0.84959	67376	0.80637	1.096	0.67269	2101.4	9.986e+05	5.1505e+05	2.1545e+05	20.782	0.35761	0.6927
1378.2	6204	-0.010809	0.81994	65567	0.84778	1.1165	0.67701	2660.8	1.1081e+06	6.5237e+05	2.7182e+05	20.412	0.35772	0.69234
1409.8	6142	-0.0089278	0.7879	63588	0.89673	1.1383	0.66806	3405.5	1.2281e+06	8.3532e+05	3.4641e+05	19.969	0.34986	0.71979
1443.4	6064.8	-0.0051365	0.75421	62142	0.95271	1.1605	0.67376	4019.3	1.3e+06	9.1621e+05	3.6382e+05	19.551	0.33162	0.77923
1478.2	5979.7	-0.0010985	0.71793	61481	1.0149	1.1824	0.71457	4259.1	1.3e+06	9.7086e+05	3.8385e+05	19.202	0.33154	0.78671
1513.3	5894.3	0.0017063	0.67661	61604	1.0821	1.2032	0.80627	4072.5	1.2343e+06	8.8208e+05	3.3858e+05	18.942	0.31996	0.79466
1547.7	5822.4	0.00026567	0.62894	61866	1.153	1.2222	0.90071	3840.6	1.1688e+06	8.1094e+05	3.061e+05	18.739	0.31439	0.82624
1580.4	5756.2	-0.0030999	0.57853	61613	1.2256	1.239	0.96635	3879.7	1.1475e+06	8.179e+05	3.0744e+05	18.499	0.314	0.85313
1610.5	5695.5	-0.0066428	0.52887	60766	1.2972	1.2531	0.99649	4238.2	1.1736e+06	8.9317e+05	3.3435e+05	18.214	0.31386	0.86998
1637.3	5628.7	-0.0082199	0.48413	59610	1.3644	1.2645	1	4800.5	1.2192e+06	1.025e+06	4.4371e+05	17.882	0.3072	0.87266
1660	5560.7	-0.0082683	0.44623	58557	1.4238	1.2734	1	5351.9	1.2556e+06	1.1079e+06	4.7443e+05	17.561	0.30195	0.87266
1678	5505	-0.0076977	0.41603	57757	1.4722	1.2798	1	5798.2	1.2802e+06	1.1638e+06	4.9248e+05	17.308	0.2966	0.87266
1690.7	5463.7	-0.0070942	0.39447	57241	1.5074	1.2841	1	6089.3	1.2919e+06	1.1967e+06	5.0262e+05	17.129	0.29289	0.87266
1697.9	5440.3	-0.0066624	0.38226	56968	1.5274	1.2864	1	6244.2	1.2967e+06	1.2132e+06	5.074e+05	17.03	0.29091	0.87266
1699.6	5434.6	-0.0065661	0.37937	56908	1.5322	1.287	1	6277.8	1.2974e+06	1.2169e+06	5.085e+05	17.006	0.29052	0.87257
1705	5416.8	-0.0062312	0.37023	56721	1.5473	1.2886	1	6382	1.2994e+06	1.2275e+06	5.1136e+05	16.933	0.28919	0.87266
1717.5	5375.1	-0.0054	0.34895	56330	1.5827	1.2923	1	6593.5	1.3e+06	1.2485e+06	5.1686e+05	16.767	0.28662	0.87266
1736.5	5310.5	-0.0041429	0.31609	55844	1.6378	1.2975	1	6830.6	1.2907e+06	1.2705e+06	5.2188e+05	16.521	0.28385	0.87266
1761.6	5224.6	-0.0026821	0.27238	55399	1.7114	1.3034	1	6979.1	1.2618e+06	1.2803e+06	5.2236e+05	16.215	0.28205	0.87266
1791.8	5122.1	-0.0020472	0.21872	55047	1.8016	1.3094	1	7000	1.2134e+06	1.2645e+06	5.1178e+05	15.867	0.28007	0.87266
1826	5007.5	-0.0022309	0.1563	54678	1.9052	1.3144	1	6994.9	1.158e+06	1.2559e+06	5.0618e+05	15.481	0.28	0.83995
1863.2	4885.5	-0.0022609	0.086812	54262	2.0181	1.3179	1	7000	1.1013e+06	1.2298e+06	4.9001e+05	15.07	0.2769	0.78447
1902.1	4763.8	-0.0022449	0.011904	53840	2.1349	1.3193	1	7000	1.0458e+06	1.1851e+06	4.6315e+05	14.662	0.27085	0.70827
1941.3	4648.8	-0.0021936	-0.065963	53430	2.25	1.3186	1	7000	9.9468e+05	1.1302e+06	4.2992e+05	14.276	0.26291	0.61135
1979.4	4545.1	-0.0021499	-0.14446	53050	2.3583	1.3157	1	7000	9.4974e+05	1.0796e+06	3.9993e+05	13.93	0.2548	0.4959
2015.3	4452.6	-0.0021792	-0.21824	52702	2.4555	1.3112	0.94733	7000	9.1054e+05	1.0693e+06	3.8965e+05	13.621	0.25201	0.44472
2047.7	4369.6	-0.0023086	-0.28085	52382	2.5385	1.3057	0.86963	7000	8.7607e+05	1.0851e+06	3.9393e+05	13.345	0.25376	0.43266
2075.4	4297.9	-0.0023748	-0.33072	52100	2.6059	1.3	0.80424	7000	8.4685e+05	1.0927e+06	3.9429e+05	13.107	0.25423	0.42124
2097.6	4240.4	-0.0024951	-0.36798	51871	2.6572	1.295	0.75188	6999.8	8.2381e+05	1.1051e+06	3.9792e+05	12.916	0.25566	0.41267
2113.4	4199.1	-0.0025003	-0.39316	51703	2.6925	1.2911	0.7151	7000	8.0742e+05	1.1089e+06	3.9784e+05	12.779	0.25583	0.40822
2122.4	4175.7	-0.0025781	-0.40693	51608	2.7119	1.2888	0.69919	6999	7.9818e+05	1.1106e+06	3.9759e+05	12.701	0.25589	0.39884
2124.5	4170.2	-0.002574	-0.41016	51585	2.7165	1.2883	0.69395	6999.4	7.9604e+05	1.1113e+06	3.9764e+05	12.683	0.25592	0.39897
2129.9	4156.2	-0.0026062	-0.41819	51527	2.7279	1.2869	0.68123	6999.7	7.9058e+05	1.1136e+06	3.9814e+05	12.637	0.25614	0.39853
2142.4	4123.6	-0.0026526	-0.43623	51391	2.7538	1.2836	0.65292	7000	7.7794e+05	1.1216e+06	4.0063e+05	12.529	0.25709	0.39624
2161.4	4073.5	-0.0027155	-0.4625	51181	2.7922	1.2783	0.61597	7000	7.587e+05	1.128e+06	4.0142e+05	12.363	0.25759	0.38643
2186.5	4007.3	-0.0026828	-0.49456	50907	2.8402	1.271	0.56808	7000	7.3365e+05	1.1418e+06	4.0525e+05	12.151	0.25912	0.37765
2216.7	3927.3	-0.0026933	-0.52963	50587	2.8944	1.2619	0.51804	7000	7.0394e+05	1.1471e+06	4.0428e+05	11.908	0.25918	0.36505
2250.9	3836.5	-0.0028801	-0.56526	50216	2.9516	1.2511	0.46758	7000	6.7097e+05	1.1605e+06	4.0684e+05	11.633	0.26041	0.35229
2288.1	3737.3	-0.0030158	-0.59902	49801	3.0089	1.239	0.42267	7000	6.3587e+05	1.1728e+06	4.084e+05	11.332	0.26137	0.33697
2327	3633.6	-0.0032122	-0.63013	49356	3.0638	1.2262	0.39028	7000	6.0026e+05	1.1823e+06	4.0833e+05	11.018	0.26182	0.31033
2366.2	3529.1	-0.0033818	-0.65794	48893	3.1146	1.213	0.36153	7000	5.654e+05	1.1929e+06	4.0884e+05	10.701	0.26241	0.29045
2404.3	3427.1	-0.0036312	-0.68138	48428	3.1601	1.2002	0.33733	7000	5.3239e+05	1.2067e+06	4.1107e+05	10.391	0.26348	0.27797
2440.2	3330.7	-0.0038185	-0.70024	47976	3.1997	1.1882	0.32025	7000	5.0215e+05	1.2183e+06	4.1238e+05	10.099	0.26427	0.26547
2472.6	3243.8	-0.0040797	-0.71516	47557	3.233	1.1774	0.30951	7000	4.7566e+05	1.2278e+06	4.1302e+05	9.8356	0.26365	0.25085
2500.3	3169	-0.0041764	-0.72666	47188	3.2598	1.1682	0.30364	7000	4.5346e+05	1.2388e+06	4.1495e+05	9.609	0.26292	0.23674
2522.5	3109.2	-0.0041913	-0.73517	46898	3.2803	1.161	0.29902	6996.9	4.3598e+05	1.2451e+06	4.1535e+05	9.4325	0.26211	0.22719
2538.3	3066.3	-0.0042197	-0.74062	46692	3.2943	1.1559	0.2937	7000	4.2383e+05	1.2519e+06	4.1674e+05	9.3123	0.26179	0.23113
2547.3	3041.9	-0.0042704	-0.74339	46576	3.3021	1.153	0.29175	6999.7	4.1695e+05	1.252e+06	4.1578e+05	9.2439	0.26108	0.22751
2549.4	3036.2	-0.00429	-0.74406	46548	3.304	1.1523	0.29135	6999.9	4.1535e+05	1.2532e+06	4.161e+05	9.2278	0.26108	0.22753
2554.8	3021.6	-0.0043249	-0.74566	46478	3.3085	1.1506	0.29086	7000	4.1128e+05	1.2558e+06	4.1675e+05	9.1869	0.26104	0.22548
2567.3	2987.9	-0.0044102	-0.74927	46314	3.319	1.1466	0.28927	7000	4.0191e+05	1.2584e+06	4.1656e+05	9.092	0.26042	0.21953
2586.4	2936.2	-0.004558	-0.7545	46061	3.3345	1.1406	0.28729	7000	3.8779e+05	1.2639e+06	4.1704e+05	8.9465	0.25971	0.21156
2611.4	2868.3	-0.004759	-0.76082	45722	3.3541	1.1328	0.28506	7000	3.6963e+05	1.2706e+06	4.1732e+05	8.7552	0.25869	0.20093
2641.6	2786.5	-0.0050213	-0.76772	45305	3.3765	1.1236	0.28297	7000	3.4835e+05	1.2792e+06	4.1784e+05	8.5242	0.25754	0.18891
2675.8	2693.7	-0.005342	-0.77467	44819	3.4005	1.1134	0.281	7000	3.2498e+05	1.2883e+06	4.1807e+05	8.2614	0.25616	0.17561
2713	2593	-0.0057277	-0.78131	44275	3.4249	1.1027	0.27936	7000	3.0057e+05	1.2986e+06	4.1839e+05	7.9757	0.25471	0.16201
2751.9	2488	-0.0061713	-0.78736	43689	3.4488	1.0918	0.2778	7000	2.7614e+05	1.3088e+06	4.1831e+05	7.6766	0.25313	0.14843
2791.1	2382.3	-0.0066724	-0.79268	43077	3.4713	1.0812	0.27648	7000	2.5262e+05	1.3192e+06	4.1822e+05	7.3746	0.25157	0.13553
2829.2	2279.5	-0.0072142	-0.79723	42459	3.4918	1.0713	0.27506	7000	2.3079e+05	1.3287e+06	4.1766e+05	7.0802	0.24996	0.12349
2865.1	2183.3	-0.0077857	-0.80103	41859	3.5098	1.0624	0.2738	7000	2.1127e+05	1.3378e+06	4.1715e+05	6.8036	0.24849	0.11276
2897.5	2096.9	-0.0083525	-0.80416	41301	3.5251	1.0546	0.27239	7000	1.9448e+05	1.3453e+06	4.162e+05	6.5543	0.24707	0.10339
2925.2	2023.1	-0.0088905	-0.80665	40809	3.5376	1.0482	0.27129	7000	1.8071e+05	1.3521e+06	4.1556e+05	6.3408	0.24592	0.095632
2947.4	1964.4	-0.0093489	-0.80858	40406	3.5471	1.0432	0.27004	7000	1.7012e+05	1.3566e+06	4.1448e+05	6.1705	0.24487	0.089451
2963.2	1922.5	-0.0097091	-0.80985	40113	3.5536	1.0397	0.26952	7000	1.6277e+05	1.3614e+06	4.1455e+05	6.0489	0.24435	0.088027
2972.2	1898.9	-0.0098777	-0.81039	39944	3.5573	1.0378	0.26776	6999.8	1.5869e+05	1.3647e+06	4.125e+05	5.98	0.24307	0.090225
2974.3	1893.3	-0.0099186	-0.81048	39905	3.5581	1.0373	0.26645	6999.8	1.5774e+05	1.3655e+06	4.1061e+05	5.9639	0.24215	0.089511
2977.9	1884.1	-0.0099552	-0.81065	39838	3.5595	1.0366	0.26528	7000	1.5617e+05	1.3699e+06	4.0904e+05	5.9371	0.24109	0.089881
2986.1	1862.9	-0.0099584	-0.81091	39685	3.5628	1.0348	0.261	7000	1.5259e+05	1.3739e+06	4.028e+05	5.8752	0.23793	0.090033
2998.8	1830.9	-0.0099874	-0.81138	39451	3.5677	1.0322	0.25337	6999.1	1.4725e+05	1.3738e+06	3.9141e+05	5.7818	0.2327	0.083486
3015.7	1789.6	-0.010153	-0.81201	39143	3.5741	1.0287	0.24535	7000	1.4053e+05	1.3774e+06	3.7994e+05	5.6613	0.22702	0.083888
3036.4	1740.5	-0.010311	-0.8122	38770	3.5816	1.0246	0.23829	7000	1.3274e+05	1.3815e+06	3.6977e+05	5.5175	0.22082	0.082611
3060.5	1685.1	-0.010658	-0.8123	38337	3.5901	1.0199	0.2309	7000	1.2423e+05	1.3846e+06	3.5933e+05	5.355	0.21443	0.078017
3087.4	1625	-0.01104	-0.81205	37855	3.5992	1.0149	0.22461	7000	1.1532e+05	1.3898e+06	3.5058e+05	5.1784	0.20848	0.075459
3116.5	1561.7	-0.011625	-0.8117	37330	3.6086	1.0096	0.21892	7000	1.063e+05	1.3929e+06	3.4302e+05	4.9917	0.20251	0.067901
3147.2	1496.6	-0.012257	-0.81186	36770	3.618	1.0043	0.21416	7000	97410	1.3981e+06	3.3692e+05	4.7989	0.19722	0.059592
3178.7	1431	-0.013071	-0.81255	36186	3.6272	0.99908	0.20944	7000	88864	1.4013e+06	3.3108e+05	4.6044	0.19228	0.052621
3210.5	1366.4	-0.013944	-0.81342	35587	3.636	0.99405	0.20604	7000	80833	1.4061e+06	3.2735e+05	4.4118	0.18785	0.047974
3241.7	1303.9	-0.015024	-0.8145	34984	3.6442	0.98932	0.20266	6999.9	73428	1.4092e+06	3.2385e+05	4.2248	0.18381	0.041535
3271.6	1244.8	-0.01604	-0.81617	34391	3.6516	0.98498	0.19981	7000	66772	1.4126e+06	3.2101e+05	4.0477	0.18033	0.035296
3299.7	1189.6	-0.017803	-0.8182	33816	3.6582	0.98109	0.20273	6999.8	60845	1.4094e+06	3.2762e+05	3.8815	0.17694	0.030565
3325.3	1138.1	-0.019714	-0.82028	33258	3.6639	0.9777	0.20897	7000	55567	1.4148e+06	3.3983e+05	3.7259	0.17453	0.027766
3347.7	1091.7	-0.021842	-0.82205	32740	3.6686	0.97484	0.21292	6996.6	51013	1.4099e+06	3.4848e+05	3.5853	0.17143	0.02588
3366.6	1052.1	-0.024033	-0.82358	32276	3.6724	0.97252	0.2172	7000	47295	1.4158e+06	3.5829e+05	3.4648	0.16955	0.023954
3381.4	1020.4	-0.026021	-0.82472	31893	3.6753	0.97076	0.21818	6999.9	44425	1.405e+06	3.6179e+05	3.367	0.16668	0.022638
3391.9	998.02	-0.028126	-0.82578	31606	3.6773	0.96955	0.22013	6998	42444	1.4099e+06	3.678e+05	3.2952	0.16575	0.016791
3397.8	985.26	-0.028973	-0.82654	31439	3.6784	0.96887	0.22127	6998.5	41340	1.412e+06	3.71e+05	3.2543	0.16513	0.018029
3399.2	982.26	-0.029243	-0.82667	31399	3.6787	0.96872	0.22148	6998.7	41083	1.4128e+06	3.7184e+05	3.2446	0.16501	0.01913
3401.7	976.85	-0.029608	-0.82691	31327	3.6791	0.96844	0.22211	6998.9	40622	1.4146e+06	3.7345e+05	3.2273	0.16483	0.019316
3407.6	964.19	-0.030552	-0.82727	31157	3.6802	0.96779	0.22269	6999.9	39552	1.4143e+06	3.759e+05	3.1867	0.16398	0.025546
3416.6	944.4	-0.031793	-0.82791	30888	3.6818	0.9668	0.22524	6999.9	37905	1.4191e+06	3.812e+05	3.1231	0.16316	0.013473
3428.7	917.67	-0.033842	-0.82962	30519	3.6839	0.9655	0.22563	6998.4	35735	1.4127e+06	3.8456e+05	3.0372	0.16093	0.016485
3443.7	884.53	-0.036737	-0.83214	30042	3.6864	0.96394	0.22879	6999.9	33143	1.4159e+06	3.9173e+05	2.9305	0.15909	-0.002431
3461.4	845.06	-0.040293	-0.836	29455	3.6892	0.96217	0.22895	6999.9	30182	1.4167e+06	3.9931e+05	2.8034	0.15665	0.023479
3481.4	800.29	-0.044995	-0.8317	28756	3.6922	0.96027	0.23169	7000	26996	1.4144e+06	4.0732e+05	2.659	0.15352	0.050605
3503.4	750.32	-0.051399	-0.81631	27931	3.6953	0.95831	0.24777	6999.9	23653	1.425e+06	4.1965e+05	2.4976	0.15125	0.11063
3527.2	697.07	-0.058438	-0.80179	26992	3.6986	0.95637	0.23731	7000	20340	1.4097e+06	4.2482e+05	2.3252	0.14644	-0.047353
3552.3	640.03	-0.071305	-0.88426	25909	3.7016	0.95443	0.40921	7000	17074	1.4794e+06	4.5517e+05	2.1401	0.14906	-0.32533
3578.4	581.51	-0.080145	-0.99918	24698	3.7041	0.95243	0.25481	7000	14027	1.4419e+06	4.4468e+05	1.9497	0.1394	-0.12101
3604.9	526.08	-0.09359	-0.92721	23441	3.7063	0.95051	0.47957	7000	11423	1.539e+06	4.5185e+05	1.7689	0.13596	0.4373
3631.6	471.9	-0.10822	-0.65072	22085	3.7088	0.94904	0.51054	7000	9141.9	1.6098e+06	4.5319e+05	1.5917	0.13138	0.45951
3658	425.72	-0.10896	-0.52372	20807	3.7114	0.94806	0.16642	7000	7401.8	1.4376e+06	4.0272e+05	1.4401	0.11206	-0.025983
3683.6	386.18	-0.12957	-0.69509	19593	3.7138	0.94717	0.53555	7000	6061.3	1.5737e+06	4.2396e+05	1.3088	0.11577	-0.49272
3708.1	349.38	-0.15012	-1.1052	18323	3.7152	0.9461	0.61411	7000	4936.2	1.6823e+06	4.3953e+05	1.1841	0.11765	-0.5474
3731	319.39	-0.14471	-1.32	17184	3.7159	0.94497	0.1243	7000	4106.7	1.4808e+06	3.9064e+05	1.0824	0.10174	-0.029016
3752.1	297.07	-0.14335	-1.2378	16265	3.7164	0.94401	0.27273	7000	3539.9	1.4761e+06	3.6286e+05	1.0068	0.099645	0.26097
3771	278.4	-0.16206	-0.94464	15442	3.717	0.94325	0.67442	7000	3098.9	1.7336e+06	3.8967e+05	0.94351	0.11375	0.61168
3787.4	263.03	-0.1594	-0.54541	14722	3.7178	0.9428	0.56	7000	2758.4	1.7058e+06	3.6692e+05	0.89142	0.11124	0.50637
3800.9	252.26	-0.14629	-0.34337	14192	3.7187	0.94257	0.28114	7000	2531.8	1.5336e+06	3.2817e+05	0.85492	0.10177	0.27042
3811.5	244.83	-0.14297	-0.26552	13813	3.7193	0.94245	0.095743	7000	2381.3	1.467e+06	3.1344e+05	0.82974	0.098362	0.073624
3819	239.95	-0.14191	-0.26987	13557	3.7198	0.94238	0.082777	7000	2285	1.4593e+06	3.0989e+05	0.81319	0.098311	-0.043936
3823.2	237.17	-0.14165	-0.28003	13416	3.7201	0.94233	0.14851	6992.9	2229.9	1.4793e+06	3.1186e+05	0.80378	0.099855	-0.12668
3824.1	236.51	-0.14119	-0.2878	13383	3.7201	0.94232	0.1607	6990.1	2216.9	1.4829e+06	3.1211e+05	0.80155	0.10016	-0.13981
3826.3	235.09	-0.14169	-0.30128	13313	3.7202	0.9423	0.16789	6983	2188.5	1.4416e+06	3.0456e+05	0.79672	0.097868	-0.15326
3831.3	232.23	-0.14684	-0.33835	13142	3.7205	0.94224	0.22588	7000	2136.8	1.4821e+06	3.1004e+05	0.78703	0.10035	-0.21344
3839	226.87	-0.14413	-0.43565	12889	3.721	0.94214	0.36523	6953.5	2030.2	1.5296e+06	3.1474e+05	0.76888	0.10429	-0.34968
3849.5	221.16	-0.16719	-0.6454	12523	3.7215	0.94196	0.58006	7000	1933.2	1.6199e+06	3.295e+05	0.74951	0.10943	-0.54968
3862.5	212.36	-0.16839	-1.0393	12053	3.722	0.94164	0.69124	6950.6	1772.5	1.7915e+06	3.5782e+05	0.71968	0.12078	-0.60123
3877.8	204.19	-0.16866	-1.4393	11510	3.7222	0.94117	0.40608	7000	1641.4	1.5744e+06	3.1258e+05	0.692	0.10811	-0.38762
3895.3	195.73	-0.14628	-1.6664	10969	3.7222	0.94063	0.14724	7000	1505	1.5054e+06	2.9563e+05	0.66311	0.10482	-0.13233
3914.6	188.78	-0.16492	-1.6344	10396	3.7221	0.94006	0.2151	7000	1397.5	1.4426e+06	2.8173e+05	0.63407	0.10178	0.22065
3935.7	181.3	-0.17425	-1.1576	9744.6	3.7223	0.93947	0.65265	7000	1286.3	1.7365e+06	3.2864e+05	0.60317	0.11927	0.59214
3958.1	172.8	-0.22792	-0.095402	8955.3	3.723	0.93912	1	7000	1165.7	2.02e+06	3.8089e+05	0.56845	0.13516	0.82707
3981.5	163.84	-0.21924	1.2925	8058.9	3.7238	0.93941	1	7000	1045.2	2.1039e+06	3.9175e+05	0.53227	0.14006	0.7832
4005.7	155.99	-0.231	2.7649	7212.9	3.7234	0.93991	1	7000	945.16	2.0334e+06	3.7107e+05	0.50097	0.13682	0.81611
4030.3	148.61	-0.21775	4.3687	6357.8	3.7227	0.93969	1	7000	855.77	2.11e+06	3.8187e+05	0.47187	0.14108	0.77823
4055	142.73	-0.19303	5.7776	5629.7	3.723	0.93924	0.60114	7000	787.73	1.7023e+06	2.967e+05	0.4489	0.12042	0.55444
4079.5	138.25	-0.14476	6.2832	5046.3	3.7239	0.93914	0.076111	7000	737.95	1.5236e+06	2.6445e+05	0.43158	0.11099	0.058028
4103.4	134.7	-0.17318	6.1336	4562.6	3.7247	0.93914	0.28805	7000	699.6	1.433e+06	2.4758e+05	0.41793	0.10633	-0.29257
4126.3	130.64	-0.1906	5.0375	3986.7	3.7253	0.93887	1	7000	657.07	2.0984e+06	3.6599e+05	0.40243	0.1413	-0.78061
4148.1	121.9	-0.23727	3.243	3432.5	3.725	0.93856	1	6458.6	547.58	1.9956e+06	3.4577e+05	0.37294	0.14464	-0.83539
4168.3	123	-0.22115	1.6774	2827.5	3.7246	0.93879	1	7000	580.69	2.1624e+06	3.7476e+05	0.37356	0.14461	-0.74944
4186.8	113.81	-0.2053	0.1341	2405.7	3.7249	0.93903	1	6256.3	468.17	1.9582e+06	3.3533e+05	0.3439	0.14622	-0.84851
4203.2	117.51	-0.2756	-1.2673	1927.4	3.7252	0.93889	1	7000	528.8	2.1444e+06	3.6671e+05	0.35308	0.14398	-0.75743
4217.4	115.42	-0.15546	-2.2704	1569	3.7252	0.93865	0.61962	7000	509.74	1.7305e+06	2.8397e+05	0.34536	0.12378	-0.55853
4229.1	114.21	-0.18372	-2.7328	1355.4	3.7249	0.93853	0.37136	7000	498.78	1.6176e+06	2.6452e+05	0.34087	0.11792	-0.34522
4238.2	113.22	-0.13569	-2.9709	1179.3	3.7246	0.93848	0.18865	7000	489.96	1.4459e+06	2.3722e+05	0.33722	0.10878	-0.19061
4244.6	112.66	-0.17295	-3.0264	1079.6	3.7244	0.93847	0.091934	7000	485.05	1.5364e+06	2.5094e+05	0.33518	0.11368	-0.076143
4248.2	112.27	-0.12952	-3.053	1008.4	3.7243	0.93846	0.058407	7000	481.59	1.5321e+06	2.5003e+05	0.33374	0.11347	-0.015341
4249	111.89	-0.13743	-3.049	1000	3.7243	0.93846	0.052274	6958.7	476.85	1.5321e+06	2.4977e+05	0.33258	0.11399	0
