0.080739
0.067621
0.058381
0.052913
0.051157
0.053101
0.058776
0.068263
0.081689
0.099234
0.121134
0.147687
0.179263
0.216310
0.259370
0.309095
0.366262
0.431806
0.506842
0.592709
0.691018
0.803715
0.933159
1.082229
1.254454
1.454193
1.686865
0.081970
0.068625
0.059228
0.053670
0.051889
0.053873
0.059655
0.069316
0.082986
0.100849
0.123145
0.150180
0.182329
0.220051
0.263899
0.314537
0.372761
0.439522
0.515959
0.603440
0.703607
0.818448
0.950370
1.102311
1.277871
1.481501
1.718730
0.086623
0.072720
0.062935
0.057152
0.055307
0.057387
0.063425
0.073507
0.087769
0.106404
0.129664
0.157868
0.191412
0.230776
0.276540
0.329402
0.390195
0.459918
0.539766
0.631173
0.735863
0.855920
0.993871
1.152795
1.336471
1.549566
1.797881
0.115777
0.095123
0.080468
0.071812
0.069156
0.072499
0.081841
0.097182
0.118523
0.145863
0.179202
0.218540
0.263877
0.315214
0.372550
0.435886
0.505220
0.580554
0.661887
0.749220
0.842551
0.953423
1.079978
1.218032
1.360584
1.511686
1.675915
0.192584
0.170052
0.154019
0.144483
0.141445
0.144906
0.154864
0.171321
0.194276
0.223729
0.259680
0.302129
0.351077
0.406522
0.468466
0.536908
0.611848
0.693286
0.781222
0.875656
0.976589
1.092496
1.222748
1.363727
1.516192
1.681028
1.859272
0.190474
0.167913
0.151830
0.142225
0.139100
0.142452
0.152283
0.168593
0.191381
0.220648
0.256393
0.298617
0.347320
0.402529
0.464458
0.532297
0.606914
0.702501
0.807509
0.927470
1.061662
1.211771
1.379822
1.568262
1.780057
2.022549
2.322887
0.173091
0.151147
0.135484
0.126101
0.123000
0.126179
0.135638
0.151378
0.173399
0.201701
0.236283
0.277146
0.324290
0.377741
0.437689
0.504021
0.575716
0.668754
0.777671
0.888534
1.016951
1.162569
1.325625
1.508500
1.714082
1.969266
2.263000
0.159091
0.137968
0.122888
0.113852
0.110859
0.113910
0.123004
0.138142
0.159323
0.186547
0.219815
0.259126
0.304481
0.355913
0.413576
0.477377
0.547328
0.636330
0.742477
0.859303
0.980198
1.115600
1.270321
1.447011
1.652595
1.901634
2.186134
0.145486
0.125255
0.110818
0.102176
0.099329
0.102276
0.111018
0.125554
0.145885
0.172010
0.203930
0.241645
0.285154
0.334486
0.389780
0.450953
0.518026
0.604756
0.706601
0.821699
0.945824
1.077339
1.224908
1.390902
1.590790
1.829107
2.103495
0.134279
0.114898
0.101075
0.092811
0.090105
0.092958
0.101369
0.115338
0.134866
0.159952
0.190597
0.226800
0.268562
0.315895
0.368944
0.427623
0.491954
0.575346
0.674111
0.785672
0.911081
1.043019
1.185733
1.346339
1.544139
1.772665
2.034708
0.124963
0.106554
0.093427
0.085583
0.083022
0.085744
0.093749
0.107036
0.125607
0.149460
0.178596
0.213014
0.252716
0.297707
0.348125
0.403891
0.465021
0.544707
0.638590
0.745032
0.865649
1.000974
1.151243
1.307335
1.500432
1.721422
1.974873
0.118037
0.100492
0.087986
0.080518
0.078090
0.080699
0.088348
0.101035
0.118762
0.141526
0.169330
0.202172
0.240054
0.282977
0.331072
0.384262
0.442620
0.518932
0.608519
0.710094
0.825201
0.955689
1.102699
1.269266
1.458915
1.673241
1.919001
0.111882
0.095099
0.083140
0.076003
0.073690
0.076201
0.083534
0.095690
0.112670
0.134473
0.161099
0.192549
0.228821
0.269921
0.315964
0.366882
0.422963
0.496148
0.581941
0.679218
0.789459
0.914436
1.056279
1.216657
1.414232
1.628068
1.866607
0.1184930    
0.1004792    
8.6181693E-02
7.7171497E-02
7.3151805E-02
7.2962224E-02
7.5896516E-02
8.2852773E-02
9.3810208E-02
0.1109664    
0.1343655    
0.1647571    
0.2025039    
0.2486818    
0.3037443    
0.3680846    
0.4419330    
0.5260065    
0.6199400    
0.7235684    
0.8373923    
0.9607052    
1.092949    
1.234314    
1.383740    
1.540520    
1.703925    
0.1094513    
9.3820311E-02
8.2096584E-02
7.4475497E-02
7.0549168E-02
6.9287382E-02
7.0965007E-02
7.6444663E-02
8.5990705E-02
0.1008280    
0.1215721    
0.1493661    
0.1846207    
0.2281354    
0.2803865    
0.3419032    
0.4129484    
0.4939240    
0.6604804    
0.6857063    
0.7964849    
0.9169526    
1.046581    
1.185027    
1.331742    
1.485883    
1.646554    
0.1062322    
9.1109753E-02
8.0099508E-02
7.3064722E-02
6.9245487E-02
6.7840479E-02
6.9201253E-02
7.3896937E-02
8.2873300E-02
9.7130083E-02
0.1173672    
0.1444746    
0.1791026    
0.2219058    
0.2734288    
0.3341258    
0.4044268    
0.4845337    
0.5745705    
0.6745986    
0.7831912    
0.9023855    
1.030604    
1.167379    
1.312235    
1.464335    
1.622714    
0.1062520    
9.1031775E-02
8.0218181E-02
7.3082745E-02
6.9179922E-02
6.7699872E-02
6.8795852E-02
7.3457152E-02
8.2533449E-02
9.6795633E-02
0.1171094    
0.1442043    
0.1787200    
0.2213071    
0.2725603    
0.3327159    
0.4022675    
0.4813472    
0.5700980    
0.6685469    
0.7766184    
0.8941830    
1.020702    
1.155808    
1.298974    
1.449496    
1.606575    
0.1139777    
9.6990764E-02
8.5645683E-02
7.8068696E-02
7.3592871E-02
7.2209068E-02
7.3421568E-02
7.8565642E-02
8.8366851E-02
0.1033964    
0.1244395    
0.1521801    
0.1871657    
0.2301845    
0.2815742    
0.3418242    
0.4110833    
0.4900069    
0.5785696    
0.6767328    
0.7841514    
0.9014735    
1.027817    
1.162408    
1.305140    
1.455032    
1.610777    
0.1128421    
9.6499704E-02
8.5394755E-02
7.7795610E-02
7.3214024E-02
7.1737394E-02
7.2843187E-02
7.8290142E-02
8.8074207E-02
0.1029895    
0.1239978    
0.1516238    
0.1866360    
0.2296255    
0.2801906    
0.3406585    
0.4103076    
0.4896598    
0.5789759    
0.6778452    
0.7863233    
0.9047537    
1.032079    
1.167775    
1.311400    
1.462026    
1.618178    