-0.311842
-0.233595
-0.154492
-0.074824
0.005118
0.085041
0.164653
0.243662
0.321779
0.398714
0.474181
0.547898
0.619584
0.688964
0.752950
0.814067
0.872201
0.927112
0.978562
1.026323
1.070174
1.109903
1.145303
1.176181
1.202350
1.223632
1.239863
-0.314948
-0.235928
-0.156044
-0.075589
0.005143
0.085855
0.166254
0.246044
0.324933
0.402629
0.478842
0.553288
0.625683
0.694881
0.759279
0.820919
0.879552
0.934932
0.986821
1.034990
1.079215
1.119281
1.154982
1.186121
1.212510
1.233971
1.250336
-0.322467
-0.241589
-0.159825
-0.077476
0.005156
0.087769
0.170061
0.251731
0.332478
0.412005
0.490015
0.566215
0.640243
0.708481
0.774166
0.837039
0.896842
0.953327
1.006251
1.055378
1.100482
1.141343
1.177752
1.209505
1.236413
1.258293
1.274974
-0.338816
-0.252883
-0.166950
-0.081017
0.004916
0.090849
0.176782
0.262715
0.348648
0.434581
0.520514
0.605870
0.687331
0.768792
0.850253
0.931715
1.013176
1.094637
1.176098
1.257559
1.339020
1.420481
1.501943
1.583404
1.654644
1.721231
1.787819
-0.369287
-0.276208
-0.183129
-0.090051
0.003028
0.096107
0.189186
0.282265
0.375344
0.468423
0.561502
0.654581
0.747660
0.840738
0.931773
1.021707
1.111642
1.201576
1.291511
1.367882
1.437847
1.507812
1.577777
1.647742
1.717708
1.787673
1.857638
-0.373342
-0.278408
-0.184503
-0.091277
0.001615
0.094512
0.187756
0.281690
0.376666
0.473045
0.571204
0.671539
0.774469
0.880443
0.989942
1.100994
1.215867
1.334429
1.432395
1.535456
1.644277
1.759611
1.882317
2.013375
2.153919
2.305265
2.468952
-0.362998
-0.270949
-0.179901
-0.089515
0.000543
0.090603
0.180995
0.272052
0.364115
0.457535
0.552677
0.649923
0.749681
0.852384
0.958499
1.068536
1.180452
1.296962
1.415455
1.517004
1.624223
1.737854
1.858742
1.987851
2.126298
2.275377
2.436605
-0.349408
-0.260834
-0.173224
-0.086251
0.000405
0.087063
0.174040
0.261657
0.350242
0.440131
0.531676
0.625247
0.721233
0.820052
0.922155
1.028030
1.138180
1.250441
1.368126
1.484902
1.589256
1.699850
1.817505
1.943162
2.077907
2.223000
2.379915
-0.334694
-0.249772
-0.165773
-0.082383
0.000704
0.083794
0.167191
0.251202
0.336143
0.422336
0.510118
0.599843
0.691886
0.786647
0.884558
0.986087
1.091749
1.202106
1.315645
1.434616
1.549012
1.656095
1.770018
1.891690
2.022165
2.162661
2.314608
-0.320673
-0.239217
-0.158646
-0.078658
0.001042
0.080746
0.160745
0.241336
0.322819
0.405505
0.489716
0.575793
0.664095
0.755006
0.848940
0.946348
1.047722
1.153603
1.264593
1.380587
1.501397
1.613305
1.723577
1.841352
1.967650
2.103651
2.250739
-0.304615
-0.227200
-0.150625
-0.074604
0.001144
0.076896
0.152930
0.229525
0.306970
0.385558
0.465598
0.547410
0.631338
0.717747
0.807030
0.899615
0.995970
1.096610
1.202107
1.313100
1.430306
1.552291
1.677382
1.791281
1.913424
2.044953
2.187208
-0.290337
-0.216501
-0.143466
-0.070959
0.001289
0.073541
0.146063
0.219121
0.292990
0.367951
0.444296
0.522334
0.602390
0.684813
0.769979
0.858295
0.950208
1.046210
1.146846
1.252725
1.364533
1.483043
1.607537
1.739862
1.860961
1.988165
2.125745
-0.277741
-0.207066
-0.137157
-0.067752
0.001404
0.070566
0.139986
0.209921
0.280632
0.352389
0.425472
0.500175
0.576812
0.655715
0.737244
0.821790
0.909780
1.001685
1.098028
1.199391
1.306429
1.419887
1.540608
1.668324
1.804324
1.934845
2.068034
-0.2663715    
-0.2104004    
-0.1481758    
-9.5838994E-02
-2.5160473E-02
2.6999757E-02
7.2512463E-02
0.1316649    
0.1831574    
0.2501242    
0.3200876    
0.3979552    
0.4793965    
0.5664777    
0.6576989    
0.7522374    
0.8487357    
0.9474639    
1.045931    
1.142827    
1.238277    
1.330081    
1.416847    
1.498923    
1.573890    
1.641044    
1.699828    
-0.2144010    
-0.1604521    
-0.1106637    
-6.8777658E-02
-2.3074668E-02
1.1165297E-02
4.5835007E-02
9.2390344E-02
0.1419734    
0.1996285    
0.2640169    
0.3362011    
0.4145612    
0.4990028    
0.5876378    
0.6803206    
0.7757585    
0.8728963    
1.106723    
1.067854    
1.163188    
1.255387    
1.343241    
1.425936    
1.502280    
1.571065    
1.631306    
-0.1915669    
-0.1439516    
-9.9866688E-02
-6.0618106E-02
-2.3898402E-02
6.0039726E-03
3.7891954E-02
7.5791381E-02
0.1225952    
0.1781596    
0.2417102    
0.3122234    
0.3896388    
0.4726974    
0.5608446    
0.6529413    
0.7478723    
0.8447251    
0.9420877    
1.038878    
1.134003    
1.225978    
1.313720    
1.396098    
1.472089    
1.540513    
1.600442    
-0.1788087    
-0.1321934    
-9.2269644E-02
-5.5876967E-02
-2.3644751E-02
2.7886860E-03
3.1271018E-02
6.7527056E-02
0.1135251    
0.1676279    
0.2298060    
0.2992625    
0.3757479    
0.4577684    
0.5446191    
0.6353364    
0.7287686    
0.8238641    
0.9194439    
1.014439    
1.107741    
1.198225    
1.284628    
1.365916    
1.441074    
1.509036    
1.568807    
-0.1676699    
-0.1251706    
-8.6575158E-02
-5.2449133E-02
-2.3777248E-02
-1.5419943E-04
2.7192069E-02
6.2364291E-02
0.1073101    
0.1602771    
0.2215957    
0.2897344    
0.3643275    
0.4447389    
0.5299533    
0.6191110    
0.7111923    
0.8050720    
0.8997301    
0.9941224    
1.087013    
1.177389    
1.264086    
1.345894    
1.421757    
1.490529    
1.551150    
-0.1595266    
-0.1163239    
-8.0695711E-02
-4.8449378E-02
-2.3247549E-02
-1.5578123E-03
2.4051953E-02
5.6598470E-02
0.1005012    
0.1510748    
0.2105798    
0.2768680    
0.3501772    
0.4296645    
0.5141635    
0.6029128    
0.6949394    
0.7889545    
0.8840609    
0.9791932    
1.073064    
1.164582    
1.252439    
1.335286    
1.412084    
1.481737    
1.543180    