time	v	gamma	zeta	alt	lon	lat	q	heating_rate	L	D	M	Alpha	eta	
s	m/s	rad	rad	m	rad	rad	pa	W/m^2	N	N	Mach	rad	rad															
0	3720.3	0.0513	0.307	44199	0	-0.3875	6.2651	14565	9.0871e+05	9.8383e+06	9.3128e+06	11.448	0.68267	0
1.4907	3654.2	0.067123	0.30756	44525	0.00088033	-0.38724	5.804	13424	8.4093e+05	9.1268e+06	8.6805e+06	11.225	0.68646	0.018105
4.9125	3518.9	0.098785	0.31068	45547	0.00284	-0.38666	4.7134	10795	6.9796e+05	7.447e+06	7.162e+06	10.751	0.69526	0.10236
10.055	3368.4	0.132	0.31971	47607	0.0056485	-0.38581	2.9157	7501.5	5.3196e+05	4.935e+06	4.4157e+06	10.213	0.65768	0.24963
16.62	3261.3	0.15095	0.33296	50708	0.0090707	-0.38474	1.3806	4754.1	3.9634e+05	2.6669e+06	2.0155e+06	9.8886	0.56539	0.42031
24.224	3200.6	0.1527	0.34501	54450	0.012911	-0.38348	0.73303	2937.4	2.9977e+05	1.3212e+06	8.4941e+05	9.8826	0.47394	0.53337
32.427	3166.5	0.14327	0.35317	58314	0.016979	-0.38211	0.64153	1789.2	2.2887e+05	6.4448e+05	3.6779e+05	9.9864	0.40323	0.54704
40.751	3144.5	0.12874	0.35839	61881	0.021064	-0.3807	0.66911	1117.9	1.7835e+05	3.8617e+05	2.1686e+05	10.121	0.39191	0.48536
48.713	3128.4	0.11303	0.36207	64895	0.024946	-0.37934	0.69191	741.25	1.4371e+05	2.7041e+05	1.5627e+05	10.251	0.40778	0.40389
55.85	3116.5	0.098013	0.36474	67243	0.028409	-0.37812	0.70867	532.89	1.209e+05	2.0473e+05	1.2158e+05	10.36	0.42359	0.33227
61.746	3108.4	0.085141	0.36667	68922	0.03126	-0.3771	0.72125	418.54	1.0658e+05	1.6375e+05	98442	10.443	0.42948	0.28711
66.061	3103.2	0.075476	0.36798	69998	0.033341	-0.37636	0.7288	357.61	98178	1.414e+05	85621	10.497	0.43299	0.26529
68.543	3100.6	0.069858	0.36871	70557	0.034537	-0.37593	0.73241	329.25	94041	1.3134e+05	79957	10.527	0.43586	0.25983
69.134	3100	0.068511	0.36888	70683	0.034821	-0.37583	0.73323	323.12	93124	1.2913e+05	78703	10.533	0.43647	0.25932
74.184	3095.2	0.056939	0.37032	71664	0.03725	-0.37495	0.7368	278.37	86163	1.1906e+05	75334	10.571	0.45894	0.25551
85.087	3086.6	0.031775	0.37337	73159	0.042479	-0.37305	0.73609	220.61	76269	1.1847e+05	87606	10.617	0.5481	0.24419
99.644	3078	-0.0018782	0.37738	73830	0.04943	-0.3705	0.73107	197.93	71829	1.2623e+05	1.0975e+05	10.621	0.63929	0.21512
114.97	3071.8	-0.037	0.38145	72911	0.056711	-0.36779	0.7146	226.91	76591	1.5641e+05	1.4978e+05	10.553	0.69368	0.14059
128.03	3067.5	-0.066046	0.38471	70843	0.062884	-0.36547	0.68502	309.1	89134	2.1313e+05	2.0379e+05	10.433	0.69337	0.05228
136.24	3064.7	-0.083564	0.3866	68960	0.066749	-0.36401	0.65648	404.66	1.018e+05	2.6945e+05	2.4505e+05	10.299	0.66641	0.0083333
138.27	3063.9	-0.087764	0.38705	68429	0.067701	-0.36364	0.6467	436.13	1.0563e+05	2.8947e+05	2.6187e+05	10.261	0.66384	0.0029237
141.35	3062.5	-0.094015	0.38772	67571	0.069149	-0.36309	0.62809	491.62	1.1204e+05	3.2879e+05	3.0035e+05	10.202	0.66918	-0.0038188
148.25	3057.3	-0.10713	0.38912	65450	0.072377	-0.36186	0.57445	656.54	1.2902e+05	4.502e+05	4.2462e+05	10.052	0.6873	-0.035549
158.1	3042.6	-0.12308	0.39064	61989	0.076963	-0.36009	0.48416	1032	1.6018e+05	7.131e+05	6.7627e+05	9.7996	0.69129	-0.092729
169.71	3006.2	-0.13501	0.3908	57439	0.082315	-0.35803	0.48306	1798.6	2.063e+05	1.2443e+06	1.1735e+06	9.435	0.68925	-0.15239
181.69	2931.6	-0.13437	0.38776	52608	0.087735	-0.35594	0.90247	3068.2	2.5592e+05	2.1315e+06	2.0034e+06	8.964	0.68872	-0.17884
192.58	2811.9	-0.11589	0.38127	48643	0.092521	-0.35412	1.5874	4586.7	2.8727e+05	3.2068e+06	3.0146e+06	8.5261	0.69014	-0.17118
201.09	2685.5	-0.087919	0.37436	46241	0.096111	-0.35279	1.9187	5712.4	2.9175e+05	3.8311e+06	3.3795e+06	8.1751	0.65653	-0.14937
206.17	2607.1	-0.06749	0.37013	45195	0.098186	-0.35203	1.9054	6222.8	2.8656e+05	3.9417e+06	3.2429e+06	7.9801	0.61885	-0.13789
207.4	2588.7	-0.062391	0.36912	44987	0.098679	-0.35185	1.925	6314.7	2.8449e+05	3.9806e+06	3.2564e+06	7.9322	0.61573	-0.13666
208.69	2568.9	-0.056869	0.36803	44789	0.099192	-0.35166	1.958	6392.8	2.8179e+05	4.0301e+06	3.2947e+06	7.8799	0.61544	-0.13635
211.65	2522.3	-0.043641	0.36546	44410	0.10036	-0.35124	2.0202	6499.5	2.7366e+05	4.1133e+06	3.37e+06	7.7526	0.6169	-0.13508
216.13	2449.2	-0.022633	0.36142	44039	0.10209	-0.35062	2.084	6456.1	2.5679e+05	4.1611e+06	3.4626e+06	7.5428	0.62628	-0.13339
221.91	2351.4	0.004966	0.3561	43916	0.10424	-0.34986	2.095	6055.2	2.2876e+05	4.055e+06	3.5191e+06	7.2464	0.6491	-0.13094
228.69	2236.3	0.0351	0.35005	44231	0.10666	-0.34903	1.9279	5238.6	1.9196e+05	3.6521e+06	3.3208e+06	6.8799	0.67505	-0.12981
236.13	2122.4	0.060466	0.34406	45017	0.10919	-0.34817	1.5443	4227	1.5491e+05	2.9836e+06	2.7443e+06	6.5024	0.68174	-0.13662
243.86	2026.4	0.075504	0.33824	46121	0.11168	-0.34733	1.1522	3306.6	1.2461e+05	2.3185e+06	2.1002e+06	6.1724	0.67403	-0.16778
251.5	1953.9	0.079142	0.33203	47307	0.11405	-0.34656	0.83948	2621.4	1.0297e+05	1.7609e+06	1.5004e+06	5.9245	0.64132	-0.23783
258.65	1905.7	0.073122	0.32546	48367	0.11621	-0.34587	0.65265	2181.4	89240	1.3117e+06	9.8755e+05	5.7783	0.57468	-0.33415
264.97	1876.9	0.060854	0.31963	49172	0.11808	-0.34528	0.61729	1911.5	80973	9.9068e+05	6.5545e+05	5.6911	0.50508	-0.42736
270.13	1859.7	0.047646	0.31483	49696	0.11959	-0.34481	0.62577	1756.4	76161	8.8673e+05	5.3018e+05	5.6387	0.45523	-0.49636
273.88	1849.4	0.036802	0.31142	49990	0.12069	-0.34448	0.65772	1673.8	73516	7.287e+05	4.1821e+05	5.6078	0.42845	-0.53686
276.03	1844.8	0.029811	0.30974	50122	0.12131	-0.34429	0.67057	1637.8	72344	6.7554e+05	3.8156e+05	5.5936	0.42001	-0.55209
276.53	1843.7	0.028162	0.30933	50150	0.12146	-0.34424	0.67209	1630.3	72088	6.6912e+05	3.7734e+05	5.5902	0.41924	-0.55413
277.82	1841	0.023885	0.30834	50211	0.12183	-0.34413	0.67558	1613	71497	6.5747e+05	3.6959e+05	5.5823	0.41734	-0.56238
280.78	1835.4	0.013821	0.306	50314	0.12269	-0.34388	0.68879	1582.4	70370	6.3022e+05	3.5001e+05	5.5651	0.40986	-0.60437
285.27	1827.9	-0.0020608	0.30232	50363	0.12398	-0.34349	0.7107	1559.9	69287	6.0143e+05	3.2816e+05	5.5425	0.39968	-0.68744
291.04	1819.6	-0.023377	0.2969	50230	0.12565	-0.34301	0.73529	1572	68909	5.9875e+05	3.2427e+05	5.5173	0.39573	-0.80256
297.82	1811.1	-0.049243	0.28942	49784	0.1276	-0.34246	0.75334	1647.5	69867	6.6353e+05	3.6973e+05	5.4914	0.41236	-0.91485
305.26	1799.4	-0.076703	0.27771	48936	0.12972	-0.34187	0.75945	1810.1	72273	9.0955e+05	5.4606e+05	5.4562	0.45748	-0.96872
313	1782	-0.10248	0.26157	47693	0.13192	-0.3413	0.74196	2076.9	75890	1.1153e+06	7.5101e+05	5.4034	0.516	-0.89916
320.63	1757.4	-0.12245	0.24331	46167	0.13407	-0.34077	0.70915	2471.4	80456	1.4543e+06	1.0562e+06	5.3519	0.55733	-0.73105
327.79	1723.6	-0.13245	0.22463	44573	0.13606	-0.34033	0.73686	2966.3	84706	1.8372e+06	1.4009e+06	5.2932	0.58312	-0.55772
334.11	1684.6	-0.13353	0.20848	43139	0.13778	-0.33997	0.81784	3469.4	87407	2.1671e+06	1.6618e+06	5.2132	0.58652	-0.43851
339.27	1648.2	-0.12965	0.19562	42008	0.13917	-0.3397	0.8599	3904.7	88666	2.3568e+06	1.7425e+06	5.1319	0.56707	-0.38021
343.01	1621.1	-0.1251	0.18653	41229	0.14015	-0.33952	0.88025	4227.4	89170	2.4618e+06	1.7571e+06	5.069	0.54828	-0.3578
345.16	1605.1	-0.12183	0.18117	40803	0.14071	-0.33943	0.90886	4410.3	89255	2.5357e+06	1.7878e+06	5.031	0.54165	-0.35268
345.67	1601.3	-0.12099	0.17989	40704	0.14084	-0.3394	0.92024	4453.1	89250	2.5581e+06	1.8018e+06	5.0218	0.54113	-0.35285
346.65	1593.8	-0.11925	0.17734	40515	0.1411	-0.33936	0.94636	4534.7	89194	2.6049e+06	1.8336e+06	5.0033	0.54084	-0.35609
348.94	1575.6	-0.11479	0.17099	40092	0.14168	-0.33926	1.011	4715.7	88847	2.7087e+06	1.9037e+06	4.958	0.54018	-0.37675
352.42	1546.3	-0.10707	0.15963	39490	0.14256	-0.33912	1.1133	4964.4	87716	2.8519e+06	1.9997e+06	4.8821	0.53916	-0.429
356.98	1505.7	-0.096295	0.14088	38784	0.14369	-0.33896	1.2233	5227.6	85233	2.9758e+06	2.0618e+06	4.7729	0.5333	-0.52141
362.42	1456.2	-0.084961	0.1118	38056	0.14501	-0.3388	1.3087	5453.1	81284	3.0158e+06	2.0285e+06	4.635	0.5182	-0.65594
368.55	1401.8	-0.07766	0.070395	37350	0.14645	-0.33868	1.3892	5622.7	76346	2.9938e+06	1.9447e+06	4.4801	0.49973	-0.81844
375.13	1346.3	-0.07854	0.016939	36652	0.14794	-0.33861	1.4612	5767.4	71172	2.947e+06	1.8355e+06	4.3199	0.47828	-0.9781
381.9	1294	-0.089105	-0.044747	35911	0.14941	-0.33863	1.4709	5970.3	66763	2.845e+06	1.6721e+06	4.17	0.44826	-1.0936
388.6	1248.5	-0.10656	-0.10849	35082	0.15081	-0.33873	1.4303	6319.9	63831	2.7466e+06	1.5227e+06	4.043	0.41777	-1.1369
394.99	1209.8	-0.12476	-0.17049	34177	0.15209	-0.3389	1.3925	6838.2	62244	2.7629e+06	1.4521e+06	3.9388	0.39234	-1.1115
400.8	1176.4	-0.13813	-0.22861	33265	0.1532	-0.33912	1.3662	7470.6	61434	2.8785e+06	1.452e+06	3.8511	0.37552	-1.039
405.83	1147.2	-0.14402	-0.28047	32441	0.15413	-0.33934	1.3738	8105.1	60775	3.0764e+06	1.5217e+06	3.7743	0.36892	-0.95124
409.86	1122.1	-0.14322	-0.32361	31783	0.15485	-0.33955	1.4076	8609.3	59865	3.2864e+06	1.6117e+06	3.7036	0.36878	-0.87744
412.76	1102.9	-0.13931	-0.35548	31328	0.15535	-0.33972	1.4489	8921	58821	3.4449e+06	1.6826e+06	3.6439	0.37076	-0.83528
414.41	1091.5	-0.13597	-0.37409	31080	0.15562	-0.33982	1.48	9078.4	58084	3.5303e+06	1.7202e+06	3.6081	0.37202	-0.82188
414.8	1088.8	-0.13508	-0.37855	31022	0.15569	-0.33984	1.4884	9113.2	57895	3.5487e+06	1.7279e+06	3.5994	0.37222	-0.82103
416.09	1079.5	-0.13199	-0.39355	30837	0.1559	-0.33992	1.5234	9220.2	57227	3.6188e+06	1.7604e+06	3.5704	0.37397	-0.82066
419.05	1057.2	-0.12355	-0.42999	30433	0.15638	-0.34012	1.6318	9412.4	55391	3.8244e+06	1.8679e+06	3.4995	0.38348	-0.82211
423.53	1019.4	-0.10689	-0.49088	29895	0.15706	-0.34044	1.8029	9511.6	51678	4.1271e+06	2.06e+06	3.3784	0.40265	-0.82232
429.31	964.96	-0.079274	-0.5776	29359	0.15788	-0.34089	1.8853	9263.7	45575	4.2757e+06	2.155e+06	3.2019	0.42093	-0.80629
436.09	899.97	-0.043651	-0.68225	28970	0.15872	-0.34147	1.7428	8561.1	37977	4.0285e+06	1.9957e+06	2.9888	0.41859	-0.7731
443.53	836.24	-0.010859	-0.78858	28799	0.15952	-0.34215	1.4089	7591.1	30763	3.428e+06	1.6165e+06	2.7782	0.38979	-0.73068
451.26	783.6	0.0065735	-0.88028	28796	0.16021	-0.34288	1.0296	6669.2	25236	2.7038e+06	1.2046e+06	2.6033	0.34166	-0.67462
458.9	744.43	0.0049557	-0.94937	28838	0.1608	-0.3436	0.74909	5979.9	21512	2.1368e+06	9.0604e+05	2.473	0.2939	-0.5962
466.06	716.32	-0.0093904	-0.99783	28831	0.16129	-0.34427	0.58938	5543	19139	1.8037e+06	7.4217e+05	2.3796	0.26197	-0.50632
472.37	696.02	-0.028115	-1.0308	28748	0.16168	-0.34486	0.5022	5300.6	17645	1.6528e+06	6.7266e+05	2.3126	0.24745	-0.4213
477.53	681.37	-0.044888	-1.0529	28619	0.16197	-0.34534	0.45071	5183.6	16705	1.6103e+06	6.5565e+05	2.2646	0.24445	-0.35603
481.28	671.36	-0.056944	-1.0669	28490	0.16218	-0.34569	0.42124	5134.8	16129	1.6094e+06	6.5756e+05	2.2319	0.24535	-0.31703
483.43	665.8	-0.063652	-1.0744	28404	0.16229	-0.34588	0.40958	5118.7	15831	1.6136e+06	6.6066e+05	2.2139	0.24606	-0.30336
483.94	664.49	-0.065235	-1.0761	28382	0.16232	-0.34593	0.4078	5116	15764	1.6144e+06	6.6127e+05	2.2096	0.24615	-0.30191
485.43	660.7	-0.06984	-1.0812	28315	0.1624	-0.34607	0.40204	5110.8	15572	1.6185e+06	6.6383e+05	2.1974	0.24655	-0.29664
488.85	652.14	-0.080044	-1.0926	28147	0.16257	-0.34638	0.38194	5112.1	15163	1.6386e+06	6.7479e+05	2.1697	0.2485	-0.272
493.99	639.52	-0.093947	-1.108	27858	0.16282	-0.34684	0.3473	5143.6	14612	1.6699e+06	6.9081e+05	2.1291	0.25011	-0.22443
500.56	624.02	-0.10981	-1.1234	27436	0.16312	-0.34742	0.30204	5232.2	14015	1.6808e+06	6.9485e+05	2.0794	0.24528	-0.15247
508.16	607.44	-0.12774	-1.1335	26882	0.16345	-0.34807	0.26276	5408.8	13484	1.6544e+06	6.8157e+05	2.0267	0.23049	-0.063208
516.36	592.19	-0.15034	-1.1343	26203	0.16379	-0.34876	0.25515	5721.2	13164	1.5718e+06	6.417e+05	1.9788	0.20326	0.037571
524.69	580.51	-0.18022	-1.1241	25403	0.16413	-0.34944	0.2863	6238.3	13196	1.4841e+06	6.072e+05	1.9433	0.17161	0.14092
532.65	572.16	-0.21273	-1.1045	24508	0.16446	-0.35008	0.31176	6985.1	13555	1.5059e+06	6.2572e+05	1.9192	0.15214	0.23871
539.78	565.03	-0.2377	-1.0769	23599	0.16477	-0.35062	0.33299	7873.6	14026	1.6846e+06	7.0299e+05	1.8992	0.15019	0.32034
545.68	557.31	-0.24847	-1.0443	22799	0.16503	-0.35106	0.404	8705.5	14338	1.9738e+06	8.2059e+05	1.8766	0.16015	0.37876
550	549.43	-0.24757	-1.013	22211	0.16523	-0.35137	0.50198	9298	14391	2.2333e+06	9.2526e+05	1.8526	0.17056	0.41175
552.48	543.85	-0.24348	-0.99201	21881	0.16535	-0.35155	0.55941	9606.9	14326	2.3658e+06	9.802e+05	1.8352	0.17501	0.42393
553.07	542.41	-0.24216	-0.98675	21804	0.16537	-0.35159	0.57024	9675.5	14299	2.3901e+06	9.9092e+05	1.8307	0.17548	0.42551
554.36	539.16	-0.23895	-0.975	21638	0.16544	-0.35168	0.59675	9818.3	14227	2.4452e+06	1.0153e+06	1.8203	0.17679	0.43067
557.32	530.83	-0.2295	-0.94556	21270	0.16558	-0.35187	0.67769	10100	13977	2.5838e+06	1.077e+06	1.7937	0.18139	0.45753
561.8	516.33	-0.21214	-0.89361	20755	0.16581	-0.35216	0.77972	10384	13389	2.7048e+06	1.1345e+06	1.7468	0.1836	0.51189
567.58	494.97	-0.18912	-0.81263	20173	0.16613	-0.3525	0.90264	10486	12340	2.8205e+06	1.1934e+06	1.6768	0.18805	0.58832
574.36	466.37	-0.16357	-0.69562	19601	0.16652	-0.35284	1.0163	10195	10769	2.8989e+06	1.2417e+06	1.5805	0.19697	0.66746
581.8	433.17	-0.14604	-0.54797	19090	0.16696	-0.35314	1.0021	9534.4	8951.3	2.7286e+06	1.193e+06	1.468	0.19513	0.7186
589.53	402	-0.15075	-0.39534	18620	0.16744	-0.35337	0.85726	8843.2	7397.1	2.3451e+06	1.0497e+06	1.3624	0.17626	0.7152
597.17	377.82	-0.17873	-0.26281	18137	0.1679	-0.35352	0.69989	8428.6	6359.1	2.0064e+06	9.2482e+05	1.2804	0.15572	0.6603
604.32	360.39	-0.21448	-0.15611	17622	0.16832	-0.3536	0.58795	8317.8	5734.4	1.8796e+06	8.8024e+05	1.2214	0.14676	0.57739
610.64	347.5	-0.24245	-0.072188	17115	0.16868	-0.35364	0.50746	8377.1	5340.6	1.881e+06	8.8551e+05	1.1777	0.14597	0.49496
615.8	337.55	-0.25809	-0.0091483	16676	0.16897	-0.35365	0.46043	8471.2	5060.2	1.9531e+06	9.177e+05	1.144	0.1511	0.43125
619.55	330.02	-0.26288	0.034975	16353	0.16917	-0.35365	0.44797	8520	4845.2	2.0426e+06	9.5529e+05	1.1184	0.15878	0.39512
621.69	325.45	-0.26312	0.060109	16170	0.16928	-0.35364	0.44813	8528.1	4710.9	2.0827e+06	9.7241e+05	1.103	0.16259	0.38289
622.2	324.34	-0.26298	0.066103	16127	0.16931	-0.35364	0.44802	8527.8	4678	2.086e+06	9.7316e+05	1.0992	0.16299	0.3818
623.19	322.22	-0.26272	0.077736	16045	0.16936	-0.35364	0.44498	8527.2	4615.2	2.0859e+06	9.6581e+05	1.092	0.16342	0.38021
625.47	317.35	-0.26151	0.10486	15855	0.16948	-0.35363	0.44561	8522.1	4472.2	2.1231e+06	9.6331e+05	1.0755	0.16808	0.37311
628.96	309.84	-0.2566	0.14704	15575	0.16965	-0.35361	0.44364	8490.9	4250.2	2.1683e+06	9.5469e+05	1.0501	0.17477	0.36002
633.51	300.74	-0.25184	0.20037	15226	0.16988	-0.35357	0.38747	8451.2	3988.8	2.0409e+06	8.736e+05	1.0192	0.16514	0.34076
638.96	292.76	-0.26123	0.2566	14819	0.17013	-0.35351	0.32318	8539.7	3794.6	1.8104e+06	7.5776e+05	0.99217	0.14197	0.31859
645.08	287.97	-0.29223	0.31001	14337	0.1704	-0.35344	0.30882	8915.4	3748.1	1.5735e+06	6.7101e+05	0.97592	0.11281	0.29797
651.66	287.73	-0.34921	0.35644	13745	0.17069	-0.35335	0.35721	9772.2	3917.5	1.3088e+06	6.2506e+05	0.97513	0.076841	0.28291
658.43	291.71	-0.42485	0.39529	13006	0.17097	-0.35324	0.37828	11286	4330.1	1.1848e+06	6.7714e+05	0.98861	0.052018	0.27233
665.14	296.57	-0.48801	0.43254	12131	0.17124	-0.35313	0.27265	13389	4879	1.4094e+06	8.3282e+05	1.0051	0.051851	0.258
671.52	297.19	-0.49561	0.47608	11224	0.17149	-0.35302	0.29088	15513	5274	2.1316e+06	1.0691e+06	1.0072	0.078716	0.22158
677.34	289.37	-0.42029	0.52416	10456	0.17171	-0.3529	0.6954	16323	5122.4	3.0834e+06	1.2864e+06	0.97279	0.12346	0.16047
682.36	274	-0.28938	0.56176	9957.7	0.1719	-0.3528	0.94667	15574	4474	3.629e+06	1.3642e+06	0.91442	0.16435	0.094064
686.4	256.79	-0.16308	0.58027	9716.3	0.17205	-0.35271	0.94052	14093	3725.9	3.6069e+06	1.2744e+06	0.85399	0.18843	0.042034
689.3	243.17	-0.078119	0.58569	9629.5	0.17215	-0.35264	0.82727	12773	3172.2	3.3372e+06	1.1411e+06	0.80769	0.19594	0.011747
690.95	235.34	-0.036453	0.58648	9607.1	0.1722	-0.35261	0.74008	11996	2874.5	3.1288e+06	1.0458e+06	0.7814	0.19714	0.0011835
691.34	233.51	-0.027463	0.58653	9604.2	0.17222	-0.3526	0.71869	11815	2807.6	3.077e+06	1.0225e+06	0.77531	0.19715	0
