time	v	gamma	zeta	alt	lon	lat	q	heating_rate	L	D	M	Alpha	eta	
s	m/s	rad	rad	m	rad	rad	pa	W/m^2	N	N	Mach	rad	rad															
0	7303.3	-9.7e-06	1.2086	76087	0	-0.21212	0.10754	784.29	8.4051e+05	1.4195e+05	52819	25.477	0.28416	0.15845
7.6676	7300.9	-6.8776e-07	1.2096	76087	0.0031408	-0.204	0.1044	783.79	8.3967e+05	1.4165e+05	52680	25.469	0.28388	0.16258
25.328	7295.3	0	1.2119	76087	0.01032	-0.18529	0.097845	782.58	8.3771e+05	1.4308e+05	53452	25.449	0.28617	0.17309
52.039	7286.5	0	1.215	76087	0.021041	-0.15699	0.088325	780.72	8.3465e+05	1.4694e+05	55513	25.419	0.29208	0.18357
86.457	7274.8	0	1.2185	76087	0.034647	-0.12053	0.076729	778.19	8.3055e+05	1.5139e+05	57918	25.378	0.2989	0.19549
126.86	7260.2	0	1.2218	76087	0.050367	-0.077763	0.065486	775.09	8.2549e+05	1.5766e+05	61369	25.327	0.30813	0.21513
171.21	7243.2	0	1.2245	76087	0.067388	-0.030857	0.053937	771.45	8.196e+05	1.6376e+05	64862	25.268	0.31728	0.21756
217.3	7224.3	-6.1938e-06	1.2262	76086	0.084897	0.017799	0.048329	767.54	8.1315e+05	1.7184e+05	69771	25.202	0.32911	0.24238
262.81	7204	0	1.2271	76084	0.10209	0.065736	0.047505	763.45	8.0632e+05	1.8029e+05	75141	25.131	0.3415	0.25465
305.45	7183.8	0	1.2268	76086	0.11819	0.11054	0.051262	758.94	7.9931e+05	1.8494e+05	78233	25.06	0.35322	0.23048
343.1	7165.5	-0.0001598	1.2257	76070	0.13246	0.14997	0.056673	757	7.9414e+05	1.8448e+05	78043	24.995	0.35809	0.24227
373.86	7150.8	-0.0004838	1.2243	76002	0.1442	0.1821	0.062933	761.99	7.9339e+05	1.8572e+05	78567	24.935	0.35818	0.25661
396.19	7139.9	-0.00078037	1.223	75902	0.15278	0.20537	0.067772	771.77	7.9599e+05	1.8812e+05	79584	24.885	0.36031	0.27278
408.97	7133.7	-0.00097338	1.2222	75822	0.15772	0.21867	0.070825	780.13	7.9886e+05	1.9016e+05	80451	24.853	0.36074	0.28016
412.01	7132.2	-0.001018	1.222	75800	0.15889	0.22183	0.071613	782.45	7.997e+05	1.9073e+05	80692	24.846	0.36114	0.2813
430.4	7123.1	-0.0012993	1.2207	75648	0.16604	0.24093	0.075719	799.25	8.0612e+05	1.9484e+05	82432	24.796	0.36328	0.29705
471.49	7101.9	-0.0018851	1.2173	75180	0.18222	0.28349	0.08485	854.8	8.2859e+05	2.0842e+05	88186	24.666	0.36859	0.3334
530.18	7068.4	-0.0023509	1.2116	74279	0.20588	0.34396	0.097321	973.91	8.7591e+05	2.3754e+05	1.0052e+05	24.443	0.37023	0.38973
599.39	7022	-0.0020124	1.2039	73174	0.23481	0.41469	0.11413	1139.1	9.3459e+05	2.7797e+05	1.1764e+05	24.154	0.36082	0.43954
670.78	6966.2	-0.00091176	1.1943	72431	0.26607	0.48689	0.13723	1255.6	9.6527e+05	3.065e+05	1.2974e+05	23.878	0.35989	0.45302
735.72	6911.7	-0.00022876	1.1831	72207	0.2961	0.55179	0.16246	1278.7	9.5856e+05	3.1226e+05	1.3219e+05	23.666	0.36009	0.45627
786.39	6868.7	-0.0005053	1.1723	72102	0.32086	0.60184	0.18289	1283	9.4796e+05	3.1337e+05	1.3267e+05	23.507	0.35483	0.4747
816.69	6842.8	-0.0010248	1.1651	71947	0.33633	0.63151	0.19381	1303.6	9.4817e+05	3.1845e+05	1.3483e+05	23.402	0.35176	0.49696
824.01	6836.5	-0.0011822	1.1632	71892	0.34015	0.63866	0.19685	1312.1	9.4946e+05	3.2054e+05	1.3572e+05	23.374	0.35112	0.4995
838.95	6823.5	-0.0015207	1.1594	71754	0.34804	0.65318	0.20101	1334.5	9.5381e+05	3.2605e+05	1.3806e+05	23.315	0.35245	0.51633
872.66	6793.2	-0.0023462	1.1506	71311	0.36639	0.68577	0.20889	1414.1	9.7291e+05	3.4557e+05	1.4633e+05	23.163	0.35514	0.55556
921.73	6745	-0.003357	1.1373	70352	0.39454	0.73271	0.21522	1605	1.0215e+06	3.9241e+05	1.6619e+05	22.869	0.35521	0.61936
981.35	6676.1	-0.0036014	1.1213	68910	0.43121	0.78888	0.22192	1934.1	1.098e+06	4.7317e+05	2.0045e+05	22.427	0.35362	0.67844
1045.7	6585.9	-0.0020323	1.104	67646	0.47412	0.84831	0.24453	2249.7	1.1516e+06	5.5077e+05	2.3325e+05	21.949	0.35854	0.6894
1108.4	6488.5	-2.7362e-07	1.0843	67260	0.51981	0.90493	0.28532	2304.6	1.1305e+06	5.6442e+05	2.3808e+05	21.572	0.37119	0.67191
1163.5	6404	-2.6551e-07	1.062	67330	0.56373	0.95335	0.33438	2223.1	1.0809e+06	5.4459e+05	2.2906e+05	21.3	0.36908	0.66628
1205.4	6341.4	-0.0014495	1.0415	67158	0.60021	0.98937	0.37139	2232.8	1.0617e+06	5.471e+05	2.2956e+05	21.07	0.35963	0.67757
1230.1	6304.1	-0.0026092	1.0282	66843	0.62314	1.0102	0.38897	2305.4	1.0658e+06	5.6496e+05	2.3664e+05	20.905	0.35479	0.69132
1236	6295	-0.0028917	1.0249	66739	0.62882	1.0152	0.39571	2331.8	1.0687e+06	5.7146e+05	2.3925e+05	20.861	0.35415	0.68273
1241.2	6286.9	-0.0031108	1.022	66641	0.63386	1.0196	0.39845	2357.6	1.0718e+06	5.7782e+05	2.4181e+05	20.822	0.35421	0.68731
1253.3	6267.8	-0.0036073	1.015	66386	0.64576	1.0296	0.40334	2427.3	1.0808e+06	5.9494e+05	2.4872e+05	20.726	0.35471	0.70126
1271.8	6237.4	-0.0042502	1.0043	65929	0.66457	1.0448	0.4127	2559.5	1.0988e+06	6.2745e+05	2.6187e+05	20.568	0.3543	0.70984
1296.1	6195	-0.004646	0.98975	65251	0.69038	1.0645	0.42382	2769.9	1.1272e+06	6.7916e+05	2.8278e+05	20.343	0.35465	0.72003
1325.4	6139.1	-0.004414	0.97194	64421	0.72325	1.0878	0.43601	3042.9	1.1597e+06	7.4631e+05	3.0979e+05	20.059	0.35747	0.73691
1358.6	6069.5	-0.0032598	0.95104	63630	0.76308	1.1137	0.45765	3307	1.1811e+06	8.1134e+05	3.3564e+05	19.738	0.35816	0.74743
1394.7	5988.4	-0.0016601	0.92681	63098	0.8096	1.1409	0.49189	3455.1	1.1744e+06	8.4793e+05	3.4955e+05	19.413	0.35816	0.75886
1432.3	5901.8	-0.00043329	0.8979	62875	0.8623	1.1685	0.55501	3456.4	1.14e+06	8.4851e+05	3.4864e+05	19.107	0.35708	0.74203
1470.3	5815.3	-1.4269e-07	0.86291	62843	0.92038	1.1951	0.64431	3369.7	1.0921e+06	8.2746e+05	3.3895e+05	18.824	0.35245	0.70577
1507.3	5734	-2.4006e-08	0.82093	62840	0.98265	1.2199	0.76919	3277.7	1.0465e+06	8.0508e+05	3.2884e+05	18.56	0.35234	0.61705
1542.1	5659	-8.072e-08	0.77297	62852	1.0472	1.242	0.88576	3187.4	1.0045e+06	7.8308e+05	3.1902e+05	18.319	0.3542	0.57136
1573.5	5594.7	-0.0013857	0.72356	62752	1.1113	1.2607	0.96665	3156.7	9.7643e+05	7.7571e+05	3.153e+05	18.1	0.35359	0.60375
1600.4	5533.1	-0.0027795	0.67758	62430	1.171	1.2757	1.0296	3221.1	9.6421e+05	8.339e+05	3.9108e+05	17.867	0.35421	0.6198
1621.9	5476.3	-0.0035093	0.63852	62060	1.2219	1.2869	1.0792	3312.3	9.5733e+05	8.54e+05	4.0059e+05	17.645	0.35276	0.63403
1637.3	5436.4	-0.0042368	0.60916	61736	1.2602	1.2945	1.1118	3405.5	9.5623e+05	8.7537e+05	4.1068e+05	17.483	0.35201	0.64635
1646	5412.5	-0.0045515	0.59205	61528	1.2826	1.2987	1.1332	3468.3	9.5635e+05	8.8989e+05	4.1754e+05	17.386	0.35148	0.64358
1648	5407.1	-0.0046317	0.58793	61477	1.2879	1.2996	1.1382	3484.4	9.5658e+05	8.9364e+05	4.1931e+05	17.363	0.35151	0.64282
1653.2	5392.8	-0.0047967	0.57744	61344	1.3016	1.3021	1.1478	3526.3	9.5711e+05	9.0337e+05	4.239e+05	17.304	0.35175	0.64713
1665.3	5359	-0.0051317	0.55268	61021	1.3341	1.3075	1.1693	3630.9	9.5879e+05	9.2774e+05	4.3539e+05	17.163	0.35172	0.65548
1683.8	5305.5	-0.0053587	0.51351	60499	1.3856	1.3153	1.2064	3806.4	9.6171e+05	9.6851e+05	4.5463e+05	16.941	0.35187	0.65185
1708.1	5231.7	-0.0048403	0.45962	59837	1.4565	1.3246	1.2556	4028.8	9.6137e+05	1.0193e+06	4.7862e+05	16.642	0.35107	0.63674
1737.4	5138.3	-0.0031084	0.39071	59220	1.5464	1.3343	1.3189	4203.2	9.4637e+05	1.0563e+06	4.9617e+05	16.288	0.35188	0.60426
1770.6	5029.8	-0.00070153	0.30663	58906	1.6539	1.3433	1.3861	4190.4	9.0447e+05	1.0456e+06	4.9133e+05	15.916	0.35119	0.568
1806.7	4915.6	0	0.20874	58885	1.7753	1.3504	1.4329	4013.4	8.4446e+05	9.944e+05	4.6746e+05	15.553	0.35168	0.54394
1844.3	4801.3	-0.0021644	0.10222	58732	1.9053	1.3548	1.4268	3903.5	7.9362e+05	9.6016e+05	4.5155e+05	15.178	0.35023	0.54195
1882.3	4693.3	-0.0074002	-0.0054101	57915	2.0366	1.3562	1.3701	4132	7.7928e+05	9.3569e+05	4.2222e+05	14.769	0.33158	0.55383
1919.3	4592.5	-0.013026	-0.10585	56122	2.1616	1.3547	1.249	4937.9	8.1481e+05	1.0312e+06	4.4725e+05	14.309	0.31526	0.55757
1954.1	4485.2	-0.012471	-0.19054	54001	2.274	1.351	1.092	6087.5	8.6191e+05	1.2338e+06	5.2349e+05	13.816	0.30892	0.54714
1985.5	4376.8	-0.0064173	-0.25735	52657	2.3698	1.3462	0.97022	6800	8.664e+05	1.3126e+06	5.3271e+05	13.386	0.29667	0.53618
2012.4	4287.4	-0.0019827	-0.30984	52195	2.4472	1.3412	0.89105	6889.2	8.3595e+05	1.2434e+06	4.816e+05	13.081	0.28173	0.52724
2033.9	4221	-0.00047416	-0.34958	52092	2.5058	1.3365	0.83257	6758.1	8.0188e+05	1.2086e+06	4.6185e+05	12.872	0.27915	0.51697
2049.3	4174.7	-1.3512e-08	-0.37661	52080	2.5459	1.333	0.7972	6620.3	7.759e+05	1.1801e+06	4.4771e+05	12.73	0.27795	0.50369
2058	4149.1	-2.7215e-05	-0.39163	52080	2.568	1.3309	0.78192	6539.3	7.6149e+05	1.173e+06	4.4498e+05	12.652	0.2789	0.48765
2060	4143	-5.972e-07	-0.39513	52080	2.5732	1.3304	0.77765	6520.4	7.5809e+05	1.1702e+06	4.4365e+05	12.633	0.27892	0.48518
2065.9	4125.8	-4.1689e-05	-0.40504	52079	2.5878	1.3289	0.7642	6466.6	7.4855e+05	1.1642e+06	4.4117e+05	12.581	0.27935	0.47989
2079.5	4086.2	-0.00022701	-0.42746	52072	2.6208	1.3254	0.7373	6348.6	7.2717e+05	1.1552e+06	4.3803e+05	12.459	0.28094	0.46115
2100.3	4027.3	-0.0011764	-0.46032	52022	2.669	1.3197	0.69308	6203	6.977e+05	1.1228e+06	4.2144e+05	12.276	0.27926	0.44477
2127.4	3953	-0.0035956	-0.50028	51767	2.7283	1.3119	0.63007	6157.6	6.6912e+05	1.1201e+06	4.1738e+05	12.034	0.27931	0.43001
2159.9	3865.1	-0.0064417	-0.54288	51133	2.7939	1.3021	0.55659	6337.6	6.4822e+05	1.1326e+06	4.1351e+05	11.728	0.2747	0.41685
2196.4	3769.5	-0.0096782	-0.58434	49997	2.8616	1.2905	0.47918	6947.6	6.4473e+05	1.1651e+06	4.0739e+05	11.43	0.26187	0.40479
2235.6	3665.1	-0.0093378	-0.62066	48542	2.9278	1.2776	0.41631	7891.9	6.487e+05	1.2639e+06	4.2783e+05	11.113	0.25244	0.38504
2276	3553.3	-0.004506	-0.65069	47504	2.9896	1.2641	0.37803	8456.3	6.3021e+05	1.3007e+06	4.2636e+05	10.774	0.24443	0.35977
2315.9	3443.1	-6.0839e-06	-0.67606	47218	3.0452	1.2507	0.34963	8231.8	5.8287e+05	1.2729e+06	4.1308e+05	10.44	0.24437	0.33511
2354	3342.3	-7.6184e-07	-0.69816	47279	3.0937	1.238	0.32468	7697.3	5.3035e+05	1.1963e+06	3.8467e+05	10.134	0.24434	0.31146
2388.6	3257.8	-0.0050243	-0.71729	47034	3.1345	1.2264	0.30349	7542.7	4.9814e+05	1.1471e+06	3.6178e+05	9.8778	0.2388	0.2944
2418.6	3190	-0.011303	-0.73236	46246	3.1674	1.2164	0.28017	8054.2	4.9303e+05	1.1534e+06	3.5086e+05	9.7105	0.22694	0.28182
2442.6	3136.1	-0.014416	-0.74281	45244	3.1924	1.2084	0.2665	8941.9	5.0165e+05	1.2413e+06	3.7075e+05	9.5967	0.22046	0.27011
2459.9	3095.6	-0.014072	-0.74905	44469	3.2096	1.2027	0.26202	9709.4	5.09e+05	1.2865e+06	3.7474e+05	9.5118	0.21208	0.26259
2469.7	3072.6	-0.013359	-0.7523	44053	3.2192	1.1995	0.26677	10141	5.123e+05	1.3263e+06	3.8293e+05	9.462	0.20953	0.25584
2472	3066.9	-0.012975	-0.753	43958	3.2214	1.1988	0.26916	10239	5.1282e+05	1.3382e+06	3.8598e+05	9.4493	0.20928	0.25473
2477.9	3052.5	-0.011873	-0.75471	43734	3.227	1.1968	0.27804	10469	5.1354e+05	1.3736e+06	3.9616e+05	9.416	0.20954	0.2533
2491.5	3017.2	-0.007783	-0.75808	43322	3.2398	1.1924	0.29809	10844	5.1036e+05	1.4315e+06	4.1203e+05	9.3279	0.20957	0.24778
2512.3	2963.2	-0.0017755	-0.76275	43043	3.2586	1.1858	0.27132	10882	4.9269e+05	1.3644e+06	3.8191e+05	9.1747	0.19979	0.24111
2539.4	2898.7	-3.7875e-07	-0.76975	43011	3.2821	1.1772	0.24678	10462	4.6177e+05	1.2666e+06	3.4547e+05	8.9766	0.19251	0.22349
2571.9	2826.5	-0.0025632	-0.77894	42915	3.3088	1.167	0.23886	10084	4.3048e+05	1.2365e+06	3.3507e+05	8.7573	0.19221	0.20713
2608.4	2746.9	-0.0062996	-0.78794	42447	3.3371	1.1558	0.23202	10183	4.0801e+05	1.2668e+06	3.4128e+05	8.5326	0.19213	0.20066
2647.6	2660.3	-0.0071792	-0.79554	41717	3.3655	1.1441	0.22951	10609	3.8999e+05	1.2962e+06	3.4314e+05	8.2965	0.18703	0.18298
2688	2574.4	-0.0090944	-0.8035	40872	3.3929	1.1323	0.2193	11231	3.7514e+05	1.2874e+06	3.2895e+05	8.066	0.17571	0.15963
2727.9	2488.8	-0.0070583	-0.81103	39978	3.4183	1.1209	0.23586	11966	3.6128e+05	1.3805e+06	3.4943e+05	7.8365	0.17453	0.14332
2766	2402	-1.1019e-06	-0.81647	39659	3.4409	1.1103	0.23581	11683	3.3192e+05	1.3699e+06	3.4445e+05	7.5766	0.17447	0.13816
2800.6	2325.7	-4.6141e-07	-0.82136	39719	3.4604	1.101	0.22188	10855	2.9945e+05	1.2927e+06	3.231e+05	7.3333	0.17448	0.12697
2830.6	2263.5	-0.0049883	-0.82629	39561	3.4763	1.0931	0.21581	10526	2.7893e+05	1.2687e+06	3.1566e+05	7.1436	0.17451	0.11533
2854.6	2214.7	-0.0091985	-0.83023	39174	3.4886	1.0869	0.21227	10672	2.686e+05	1.2974e+06	3.2175e+05	7.0049	0.17452	0.10841
2871.9	2179.7	-0.011236	-0.83289	38784	3.4972	1.0826	0.20858	10956	2.6341e+05	1.3022e+06	3.1973e+05	6.9094	0.17052	0.10392
2881.7	2160.1	-0.012392	-0.83439	38533	3.5019	1.0801	0.2096	11171	2.6111e+05	1.3288e+06	3.2565e+05	6.857	0.17018	0.099777
2884	2155.3	-0.012412	-0.83474	38470	3.503	1.0795	0.21023	11227	2.6058e+05	1.3352e+06	3.2702e+05	6.8443	0.17005	0.099132
2888.2	2146.8	-0.012486	-0.83534	38358	3.505	1.0785	0.21173	11327	2.5961e+05	1.3481e+06	3.2993e+05	6.8215	0.16995	0.098487
2897.9	2126.7	-0.012198	-0.8367	38101	3.5096	1.0761	0.2136	11553	2.5719e+05	1.3639e+06	3.3232e+05	6.7676	0.1684	0.096055
2912.9	2096.1	-0.011896	-0.83876	37723	3.5165	1.0724	0.2078	11880	2.5316e+05	1.3478e+06	3.2342e+05	6.6845	0.1624	0.092514
2932.7	2056.8	-0.012551	-0.84155	37221	3.5254	1.0676	0.20432	12342	2.4821e+05	1.3521e+06	3.1945e+05	6.578	0.1571	0.087995
2956.7	2007.8	-0.010483	-0.84462	36637	3.5359	1.0619	0.21922	12858	2.4112e+05	1.4198e+06	3.3435e+05	6.443	0.15708	0.083159
2984.4	1948	-0.0037552	-0.84765	36241	3.5475	1.0555	0.22812	12862	2.2668e+05	1.4349e+06	3.3646e+05	6.2657	0.15704	0.077599
3015	1882.2	-3.886e-05	-0.85124	36165	3.5596	1.0487	0.21647	12148	2.0531e+05	1.3722e+06	3.2021e+05	6.0566	0.15706	0.070724
3047.6	1815	-0.0028901	-0.85565	36100	3.572	1.0416	0.20878	11410	1.8469e+05	1.3397e+06	3.1032e+05	5.8427	0.15706	0.06313
3081.4	1747.5	-0.0070232	-0.86044	35792	3.5841	1.0345	0.20544	11091	1.6848e+05	1.3623e+06	3.132e+05	5.6355	0.1571	0.055971
3115.4	1679	-0.0072678	-0.86508	35352	3.5956	1.0276	0.20971	10960	1.5429e+05	1.405e+06	3.2077e+05	5.4284	0.15709	0.050873
3148.7	1610.2	-0.0042686	-0.86921	35031	3.6062	1.0211	0.21285	10597	1.3925e+05	1.416e+06	3.2117e+05	5.2161	0.15703	0.047403
3180.4	1544.9	-0.0031764	-0.87296	34861	3.6158	1.0151	0.20849	10016	1.2436e+05	1.3918e+06	3.1382e+05	5.0094	0.15701	0.043643
3209.7	1486.4	-0.0060388	-0.87655	34669	3.6242	1.0098	0.20287	9554.6	1.1222e+05	1.3735e+06	3.0817e+05	4.8252	0.15702	0.039222
3235.6	1434.9	-0.0080438	-0.87985	34388	3.6312	1.0052	0.20644	9306.4	1.0304e+05	1.4161e+06	3.1803e+05	4.666	0.16012	0.035063
3257.6	1389.5	-0.0048534	-0.88256	34178	3.637	1.0015	0.21679	9019.3	94953	1.4516e+06	3.2646e+05	4.5238	0.16356	0.032222
3275	1353.4	-0.0036268	-0.88472	34087	3.6414	0.99859	0.20621	8679.4	88253	1.3901e+06	3.1049e+05	4.4086	0.16083	0.030872
3287.4	1329.2	-0.0067656	-0.88634	34005	3.6444	0.99658	0.20039	8481.7	84083	1.345e+06	2.9881e+05	4.3321	0.15838	0.029791
3294.4	1316.1	-0.0093216	-0.88727	33931	3.6461	0.99546	0.19795	8412.3	82046	1.3413e+06	2.9765e+05	4.2911	0.15824	0.028923
3296.1	1313	-0.0099561	-0.88749	33910	3.6465	0.9952	0.19731	8400.8	81598	1.3426e+06	2.9793e+05	4.2816	0.15833	0.028817
3299.5	1306.6	-0.011219	-0.88795	33863	3.6473	0.99466	0.19603	8382.3	80701	1.3448e+06	2.983e+05	4.2621	0.15839	0.028697
3307.4	1291.9	-0.014095	-0.88898	33732	3.6491	0.9934	0.19303	8366.4	78778	1.3485e+06	2.987e+05	4.2175	0.15811	0.028314
3319.8	1269.6	-0.018314	-0.89053	33475	3.652	0.99149	0.18843	8415.2	76237	1.3574e+06	2.9981e+05	4.1511	0.15707	0.027887
3336.1	1240.3	-0.022723	-0.89246	33050	3.6557	0.98899	0.18459	8593.7	73442	1.3873e+06	3.0564e+05	4.0657	0.15569	0.026967
3356.2	1203.2	-0.022235	-0.89463	32479	3.66	0.98601	0.20083	8860.7	70064	1.4708e+06	3.2772e+05	3.9575	0.1567	0.025152
3379.6	1154.8	-0.012336	-0.89691	31991	3.6649	0.98265	0.23022	8829.9	64297	1.511e+06	3.5026e+05	3.8096	0.15699	0.023431
3405.7	1096.1	-0.0038715	-0.8994	31775	3.67	0.97907	0.23324	8224.6	55763	1.4508e+06	3.5214e+05	3.6177	0.15648	0.021769
3433.9	1032.3	-0.0079645	-0.90228	31637	3.6752	0.97539	0.23012	7451.6	46935	1.3712e+06	3.4808e+05	3.4081	0.15712	0.019427
3463.6	968.43	-0.025189	-0.90552	31162	3.6803	0.97174	0.22278	7056.3	40070	1.3459e+06	3.5545e+05	3.2006	0.15722	0.017012
3494.2	903.59	-0.038675	-0.9087	30218	3.6852	0.96822	0.22253	7108.7	34892	1.4135e+06	3.8703e+05	2.9925	0.15817	0.015244
3525	834.12	-0.039126	-0.91141	29154	3.6897	0.96492	0.23924	7146.1	29692	1.4597e+06	4.1348e+05	2.769	0.15715	0.014242
3555.3	761.17	-0.035768	-0.91361	28258	3.6937	0.96194	0.24955	6844.7	24088	1.4491e+06	4.2421e+05	2.5318	0.15711	0.013126
3584.3	691.07	-0.043144	-0.91564	27451	3.6973	0.95932	0.24329	6401.4	19110	1.4019e+06	4.2239e+05	2.3028	0.15714	0.01141
3611.6	626.62	-0.054134	-0.91754	26570	3.7002	0.9571	0.24496	6045.5	15194	1.4339e+06	4.44e+05	2.0922	0.1644	0.0099055
3636.4	567.38	-0.057365	-0.91903	25745	3.7027	0.95527	0.23713	5645.2	11978	1.4368e+06	4.372e+05	1.8979	0.16472	0.0091049
3658.1	519.82	-0.067452	-0.92017	25019	3.7046	0.9538	0.21095	5315.8	9713.4	1.4051e+06	4.0947e+05	1.7416	0.15853	0.0086563
3676.4	484.45	-0.080587	-0.92095	24342	3.7061	0.95266	0.19011	5141.5	8267.8	1.3996e+06	3.9638e+05	1.6256	0.15488	0.0082837
3690.8	459.54	-0.093147	-0.92151	23755	3.7072	0.95182	0.17265	5079.6	7375.2	1.3903e+06	3.8623e+05	1.5441	0.15055	0.0077254
3701	443.45	-0.10242	-0.92193	23306	3.7079	0.95125	0.1607	5081.8	6856.9	1.4003e+06	3.8428e+05	1.4915	0.14836	0.007151
3706.7	434.77	-0.10659	-0.92218	23044	3.7083	0.95094	0.15569	5094.2	6592.8	1.4153e+06	3.8598e+05	1.4632	0.14783	0.0068676
3708.1	432.74	-0.10736	-0.92224	22981	3.7084	0.95086	0.15493	5097.6	6531.8	1.4202e+06	3.8678e+05	1.4566	0.14783	0.0068403
3710.7	428.81	-0.10858	-0.92235	22860	3.7086	0.95073	0.15381	5103.8	6414.7	1.4288e+06	3.8808e+05	1.4437	0.14774	0.0068042
3716.8	419.67	-0.11039	-0.92259	22576	3.709	0.9504	0.15192	5116.3	6145	1.4419e+06	3.8909e+05	1.4139	0.14697	0.0066513
3726.3	405.69	-0.11192	-0.92295	22141	3.7097	0.94992	0.14826	5126.6	5738.6	1.4463e+06	3.8612e+05	1.3682	0.14464	0.0063864
3739	387.63	-0.11425	-0.92343	21573	3.7105	0.94929	0.14192	5128.7	5228.3	1.4438e+06	3.8e+05	1.309	0.14133	0.0060135
3754.7	366.19	-0.11623	-0.92402	20891	3.7114	0.94856	0.13847	5109.5	4643.9	1.4588e+06	3.7818e+05	1.2385	0.13964	0.0056715
3773.1	340.54	-0.10986	-0.92461	20150	3.7125	0.94775	0.1472	4981.8	3951.2	1.487e+06	3.7996e+05	1.1537	0.14111	0.0053899
3794	311.23	-0.1046	-0.92519	19435	3.7136	0.94691	0.13477	4661.3	3178.1	1.445e+06	3.5514e+05	1.0548	0.14228	0.0049928
3816.8	285.83	-0.12748	-0.92597	18661	3.7147	0.94606	0.099118	4441.5	2605.4	1.3963e+06	3.2325e+05	0.96868	0.14207	0.0044118
3841.4	268.8	-0.15578	-0.92689	17693	3.7157	0.94522	0.059484	4575.8	2331.6	1.426e+06	3.1521e+05	0.91096	0.13962	0.004104
3867.2	254.76	-0.15485	-0.92767	16630	3.7168	0.94439	0.061391	4860.7	2152.7	1.4754e+06	3.1793e+05	0.86337	0.13659	0.0039337
3893.8	237.76	-0.14022	-0.92841	15672	3.7178	0.94357	0.067205	4923.7	1880.6	1.4646e+06	3.0774e+05	0.80576	0.13502	0.0037319
3920.7	221.66	-0.14565	-0.92917	14800	3.7188	0.94281	0.054526	4910.2	1626.6	1.4438e+06	2.9623e+05	0.7512	0.13451	0.0035136
3947.5	208.56	-0.1501	-0.92992	13945	3.7197	0.94209	0.047445	4974.2	1445	1.4575e+06	2.933e+05	0.7068	0.13479	0.0033667
3973.8	196.8	-0.15021	-0.93049	13152	3.7206	0.94143	0.042864	5019.3	1288.7	1.4511e+06	2.8649e+05	0.66695	0.13389	0.0033135
3999	188.2	-0.16283	-0.93108	12403	3.7213	0.94083	0.027781	5166.1	1193	1.4359e+06	2.7854e+05	0.63782	0.13009	0.0030787
4022.8	182.12	-0.1546	-0.93177	11682	3.722	0.94028	0.054668	5419.5	1142.4	1.5104e+06	2.9033e+05	0.61721	0.13071	0.0027762
4044.7	167.24	-0.10242	-0.93259	11193	3.7226	0.9398	0.08877	4936.9	915.52	1.4911e+06	2.8255e+05	0.56678	0.14016	0.00246
4064.4	155.53	-0.14932	-0.93331	10830	3.7231	0.93941	0.071645	4498	753.06	1.3567e+06	2.521e+05	0.52575	0.14052	0.003038
4081.5	152.74	-0.15433	-0.93299	10390	3.7235	0.93908	0.10439	4585.7	732.69	1.5927e+06	3.0515e+05	0.51298	0.15647	0.0033765
4095.7	135.92	-0.037935	-0.93264	10185	3.7238	0.93882	0.20254	3725.8	519.93	1.6072e+06	3.2747e+05	0.45511	0.18317	0.0023969
4106.8	115.94	-0.036988	-0.93338	10152	3.7241	0.93864	0.17627	2722.3	320.83	1.3575e+06	2.899e+05	0.38803	0.20187	0.0012213
4114.6	107.07	-0.11705	-0.93456	10088	3.7242	0.93854	0.15742	2340	252.65	1.256e+06	2.7644e+05	0.358	0.2117	0.00040648
4119	105.44	-0.17755	-0.93543	10020	3.7243	0.93848	0.15015	2288.4	242.12	1.2304e+06	2.704e+05	0.3522	0.21181	4.5482e-05
4120.1	105.48	-0.19169	-0.93564	10000	3.7243	0.93846	0.14346	2295.9	242.69	1.2367e+06	2.7212e+05	0.35223	0.21207	0
