time	v	gamma	zeta	alt	lon	lat	mFuel	PlaceHolder	Thrust	PlaceHolder	Accel	q	heating_rate	PlaceHolder	PlaceHolder	PlaceHolder	PlaceHolder	PlaceHolder	L	D	M	eta	Alpha	
s	km/s	deg	deg	km	deg	deg	kg	-	N	-	m/s^2	pa	W/m^2	-	-	-	-	-	N	N	Mach	deg	deg																										
0	0.05523	87	13.165	0.54457	150.74	-23.267	1.3697e+06	0	2.3129e+07	0	3.682	1772.6	56.606	0	0	0	0	0	1.3296e+05	76133	0.80436	0.46058	0.16331	-0.0077698	0.53613
0.92348	0.058654	86.572	13.396	0.59707	150.74	-23.267	1.3641e+06	0	2.3144e+07	0	3.7344	1989	67.829	0	0	0	0	0	1.4027e+05	85166	0.7563	0.45918	0.17353	-0.0078498	0.44258
2.9171	0.066214	85.512	13.776	0.7212	150.74	-23.267	1.352e+06	0	2.3179e+07	0	3.8528	2504.3	97.582	0	0	0	0	0	1.5522e+05	1.066e+05	0.66469	0.45648	0.19618	-0.0083902	0.2643
5.5788	0.076689	83.825	14.118	0.91046	150.74	-23.267	1.3358e+06	0	2.3232e+07	0	4.0243	3297.7	151.32	0	0	0	0	0	2.0669e+05	1.4086e+05	0.67213	0.45805	0.22771	-0.0095202	0.27723
8.3812	0.088236	81.747	14.357	1.1396	150.74	-23.267	1.3188e+06	0	2.3294e+07	0	4.226	4268.4	229.51	0	0	0	0	0	2.9466e+05	1.8377e+05	0.7403	0.46171	0.26269	-0.010775	0.40731
10.769	0.098539	79.788	14.503	1.3596	150.74	-23.267	1.3043e+06	0	2.3354e+07	0	4.4185	5209	317.95	0	0	0	0	0	4.4305e+05	2.2736e+05	0.91212	0.46808	0.29412	-0.011593	0.73749
12.27	0.10525	78.504	14.577	1.5098	150.74	-23.267	1.2952e+06	0	2.3394e+07	0	4.55	5855.2	385.88	0	0	0	0	0	5.6004e+05	2.5787e+05	1.0257	0.4723	0.31471	-0.011871	0.9552
12.641	0.10694	78.181	14.593	1.5483	150.74	-23.267	1.2929e+06	0	2.3404e+07	0	4.5835	6021.3	404.28	0	0	0	0	0	5.8376e+05	2.6555e+05	1.0397	0.47295	0.3199	-0.011916	0.98164
13.352	0.11021	77.553	14.623	1.6238	150.74	-23.267	1.2886e+06	0	2.3424e+07	0	4.6487	6347.5	441.55	0	0	0	0	0	6.1071e+05	2.8011e+05	1.0318	0.47324	0.32998	-0.01206	0.96549
14.919	0.11759	76.117	14.683	1.7976	150.74	-23.267	1.2791e+06	0	2.3469e+07	0	4.7988	7101.2	533.35	0	0	0	0	0	6.5565e+05	3.1336e+05	0.99012	0.47322	0.35278	-0.012747	0.88322
17.098	0.12825	74.01	14.753	2.0563	150.74	-23.267	1.2659e+06	0	2.3535e+07	0	5.0251	8230.4	685.97	0	0	0	0	0	7.324e+05	3.637e+05	0.95428	0.47388	0.38593	-0.013833	0.81148
19.558	0.14088	71.524	14.82	2.3721	150.74	-23.266	1.251e+06	0	2.3614e+07	0	5.3064	9620.1	899.17	0	0	0	0	0	8.9691e+05	4.2966e+05	0.99982	0.47896	0.42555	-0.014743	0.89394
21.922	0.15368	69.104	14.873	2.6999	150.74	-23.266	1.2366e+06	0	2.3694e+07	0	5.603	11072	1152.9	0	0	0	0	0	1.1623e+06	5.0468e+05	1.1258	0.48881	0.46604	-0.014994	1.1285
23.832	0.16451	67.186	14.911	2.9818	150.75	-23.266	1.225e+06	0	2.3762e+07	0	5.8599	12326	1398.6	0	0	0	0	0	1.4492e+06	5.742e+05	1.2608	0.49959	0.50057	-0.014768	1.3801
24.998	0.17134	66.044	14.932	3.1614	150.75	-23.266	1.2179e+06	0	2.3804e+07	0	6.0213	13124	1568.7	0	0	0	0	0	1.6179e+06	6.1832e+05	1.322	0.50523	0.52248	-0.014574	1.4922
25.282	0.17303	65.768	14.937	3.2061	150.75	-23.266	1.2162e+06	0	2.3814e+07	0	6.0604	13323	1612.6	0	0	0	0	0	1.6484e+06	6.2878e+05	1.3268	0.50612	0.52792	-0.01456	1.5001
25.846	0.17642	65.222	14.947	3.2958	150.75	-23.265	1.2128e+06	0	2.3835e+07	0	6.1372	13721	1702.9	0	0	0	0	0	1.6924e+06	6.4901e+05	1.3227	0.50723	0.53884	-0.014569	1.4901
27.107	0.18413	64	14.968	3.5011	150.75	-23.265	1.2051e+06	0	2.3882e+07	0	6.3089	14632	1919.8	0	0	0	0	0	1.7551e+06	6.9372e+05	1.2863	0.50843	0.56382	-0.014598	1.4158
28.908	0.19553	62.244	14.996	3.8059	150.75	-23.265	1.1942e+06	0	2.395e+07	0	6.5592	15981	2269.2	0	0	0	0	0	1.8142e+06	7.5964e+05	1.2174	0.50974	0.60096	-0.014422	1.2781
31.031	0.20953	60.165	15.026	4.1827	150.75	-23.264	1.1813e+06	0	2.4032e+07	0	6.8543	17637	2747	0	0	0	0	0	1.9134e+06	8.6486e+05	1.1634	0.52586	0.64701	-0.013654	1.1631
33.221	0.22461	58.044	15.054	4.5904	150.75	-23.264	1.168e+06	0	2.4118e+07	0	7.1724	19405	3322.6	0	0	0	0	0	2.1008e+06	9.8838e+05	1.1609	0.5462	0.69713	-0.012223	1.1445
35.214	0.23889	56.178	15.079	4.978	150.76	-23.263	1.1559e+06	0	2.4197e+07	0	7.4737	21055	3927.2	0	0	0	0	0	2.3756e+06	1.1157e+06	1.2099	0.56826	0.7451	-0.010555	1.2218
36.768	0.2504	54.787	15.097	5.2913	150.76	-23.263	1.1465e+06	0	2.4259e+07	0	7.7128	22359	4456.9	0	0	0	0	0	2.6319e+06	1.2236e+06	1.2623	0.58686	0.78413	-0.0093039	1.3069
37.698	0.25743	53.985	15.107	5.4832	150.76	-23.262	1.1408e+06	0	2.4296e+07	0	7.8453	23142	4799	0	0	0	0	0	2.7859e+06	1.3058e+06	1.291	0.60511	0.80813	-0.0088033	1.34
37.923	0.25915	53.795	15.11	5.5301	150.76	-23.262	1.1395e+06	0	2.4305e+07	0	7.8719	23331	4884.6	0	0	0	0	0	2.8192e+06	1.3332e+06	1.2958	0.61279	0.814	-0.0087503	1.3382
38.487	0.26347	53.32	15.116	5.6487	150.76	-23.262	1.136e+06	0	2.4328e+07	0	7.9335	23804	5104	0	0	0	0	0	2.8697e+06	1.4014e+06	1.2929	0.63134	0.82885	-0.0085962	1.3064
39.748	0.27324	52.267	15.129	5.9181	150.76	-23.262	1.1284e+06	0	2.4379e+07	0	8.0528	24852	5619.5	0	0	0	0	0	2.8552e+06	1.5517e+06	1.232	0.6696	0.8626	-0.0078128	1.14
41.549	0.28747	50.752	15.148	6.3132	150.77	-23.261	1.1175e+06	0	2.4451e+07	0	8.209	26323	6417.6	0	0	0	0	0	2.7574e+06	1.7778e+06	1.1233	0.72425	0.91222	-0.0061283	0.87232
43.672	0.30464	48.954	15.169	6.7936	150.77	-23.26	1.1046e+06	0	2.4535e+07	0	8.3937	28004	7455.2	0	0	0	0	0	2.7071e+06	2.0716e+06	1.0367	0.79332	0.97287	-0.0035085	0.64015
45.862	0.32277	47.129	15.19	7.3044	150.77	-23.259	1.0913e+06	0	2.4621e+07	0	8.6048	29655	8636.9	0	0	0	0	0	2.8546e+06	2.3956e+06	1.0323	0.86631	1.0378	-0.0005041	0.54966
47.855	0.3396	45.552	15.208	7.7816	150.78	-23.258	1.0792e+06	0	2.4698e+07	0	8.8171	31065	9810.7	0	0	0	0	0	3.2161e+06	2.7138e+06	1.1102	0.93682	1.0991	0.002135	0.59889
49.409	0.35292	44.414	15.222	8.162	150.78	-23.257	1.0697e+06	0	2.4757e+07	0	8.9991	32089	10789	0	0	0	0	0	3.6627e+06	2.9816e+06	1.2241	0.99641	1.1482	0.0037943	0.71582
50.339	0.36095	43.78	15.231	8.3929	150.78	-23.256	1.0641e+06	0	2.4792e+07	0	9.106	32664	11400	0	0	0	0	0	3.9298e+06	3.1451e+06	1.2902	1.0326	1.1781	0.0044124	0.77976
50.564	0.3629	43.631	15.233	8.4491	150.78	-23.256	1.0627e+06	0	2.48e+07	0	9.1265	32798	11550	0	0	0	0	0	3.9661e+06	3.1832e+06	1.2968	1.0408	1.1854	0.0044824	0.78055
51.128	0.3678	43.261	15.238	8.5909	150.79	-23.256	1.0593e+06	0	2.4821e+07	0	9.1727	33128	11932	0	0	0	0	0	3.9607e+06	3.2553e+06	1.2821	1.0538	1.2038	0.0047323	0.74136
52.389	0.37895	42.418	15.248	8.9109	150.79	-23.255	1.0517e+06	0	2.4868e+07	0	9.3415	33845	12821	0	0	0	0	0	3.6484e+06	3.2319e+06	1.156	1.0241	1.2458	0.0059556	0.56464
54.19	0.39542	41.16	15.264	9.3755	150.79	-23.254	1.0407e+06	0	2.4932e+07	0	9.6282	34837	14193	0	0	0	0	0	3.3024e+06	3.1921e+06	1.0166	0.98262	1.3086	0.0082024	0.37114
56.313	0.41568	39.654	15.282	9.9335	150.8	-23.252	1.0278e+06	0	2.5007e+07	0	10.034	35951	15974	0	0	0	0	0	3.1602e+06	3.141e+06	0.94266	0.93692	1.3867	0.010985	0.27987
58.503	0.43755	38.123	15.3	10.52	150.81	-23.251	1.0145e+06	0	2.5081e+07	0	10.464	37022	18006	0	0	0	0	0	3.1745e+06	3.1168e+06	0.91951	0.90282	1.4723	0.013383	0.26662
60.496	0.45826	36.781	15.316	11.062	150.81	-23.249	1.0024e+06	0	2.5147e+07	0	10.884	37845	20016	0	0	0	0	0	3.3265e+06	3.0893e+06	0.9426	0.87539	1.5532	0.014894	0.32578
62.05	0.47499	35.789	15.329	11.492	150.82	-23.247	9.9299e+05	0	2.5206e+07	0	11.258	37992	21584	0	0	0	0	0	3.6051e+06	3.0477e+06	1.0176	0.86028	1.6098	0.015548	0.46374
62.98	0.48524	35.227	15.336	11.751	150.82	-23.247	9.8735e+05	0	2.524e+07	0	11.479	38060	22570	0	0	0	0	0	3.7829e+06	3.0271e+06	1.0659	0.85292	1.6445	0.01574	0.55293
63.205	0.48774	35.094	15.338	11.814	150.82	-23.246	9.8598e+05	0	2.5248e+07	0	11.526	38074	22814	0	0	0	0	0	3.7843e+06	3.0194e+06	1.0659	0.85043	1.653	0.015765	0.55558
63.916	0.49574	34.672	15.344	12.014	150.83	-23.246	9.8166e+05	0	2.5273e+07	0	11.654	38112	23599	0	0	0	0	0	3.6245e+06	2.9844e+06	1.0199	0.83975	1.6801	0.015965	0.48825
65.483	0.51378	33.713	15.356	12.458	150.83	-23.244	9.7215e+05	0	2.5326e+07	0	11.94	38165	25410	0	0	0	0	0	3.1805e+06	2.8982e+06	0.89369	0.81436	1.7412	0.016778	0.2967
67.662	0.5398	32.348	15.373	13.084	150.84	-23.242	9.5892e+05	0	2.5395e+07	0	12.403	38172	28122	0	0	0	0	0	2.9312e+06	2.7923e+06	0.82347	0.78446	1.8294	0.017707	0.20159
70.121	0.57049	30.837	15.393	13.798	150.85	-23.239	9.4399e+05	0	2.5465e+07	0	12.958	38091	31464	0	0	0	0	0	2.8521e+06	2.6756e+06	0.80295	0.75327	1.9334	0.018001	0.19198
72.486	0.60132	29.43	15.411	14.494	150.86	-23.236	9.2963e+05	0	2.5526e+07	0	13.5	37926	34973	0	0	0	0	0	2.8717e+06	2.5668e+06	0.81198	0.72578	2.0379	0.017473	0.23354
74.396	0.62715	28.352	15.426	15.06	150.87	-23.234	9.1803e+05	0	2.5571e+07	0	13.951	37728	38022	0	0	0	0	0	3.1112e+06	2.4967e+06	0.88433	0.70968	2.1254	0.016768	0.38446
75.562	0.6433	27.733	15.435	15.408	150.88	-23.232	9.1095e+05	0	2.5597e+07	0	14.235	37576	39975	0	0	0	0	0	3.3482e+06	2.4568e+06	0.95555	0.70115	2.1802	0.016427	0.52814
75.846	0.64728	27.587	15.437	15.493	150.88	-23.232	9.0923e+05	0	2.5603e+07	0	14.298	37535	40462	0	0	0	0	0	3.3537e+06	2.4437e+06	0.95815	0.69816	2.1937	0.016401	0.53697
76.557	0.65733	27.221	15.443	15.707	150.88	-23.231	9.0491e+05	0	2.5618e+07	0	14.441	37428	41700	0	0	0	0	0	3.2176e+06	2.4039e+06	0.92191	0.68876	2.2277	0.016384	0.48154
78.124	0.67988	26.4	15.455	16.179	150.89	-23.229	8.9539e+05	0	2.5649e+07	0	14.758	37165	44530	0	0	0	0	0	2.836e+06	2.3104e+06	0.81832	0.66667	2.3041	0.016284	0.31362
80.303	0.71221	25.248	15.472	16.84	150.91	-23.225	8.8216e+05	0	2.5689e+07	0	15.236	36749	48703	0	0	0	0	0	2.5935e+06	2.1959e+06	0.7568	0.64079	2.4137	0.015897	0.22865
82.762	0.75	23.978	15.491	17.588	150.92	-23.221	8.6723e+05	0	2.573e+07	0	15.781	36216	53754	0	0	0	0	0	2.4944e+06	2.0901e+06	0.73861	0.61889	2.5418	0.014999	0.23135
85.127	0.78761	22.801	15.509	18.31	150.94	-23.217	8.5287e+05	0	2.5765e+07	0	16.309	35646	58957	0	0	0	0	0	2.5271e+06	2.0004e+06	0.76027	0.6018	2.6692	0.01383	0.31051
87.037	0.81889	21.903	15.524	18.893	150.95	-23.214	8.4127e+05	0	2.579e+07	0	16.742	35148	63410	0	0	0	0	0	2.7615e+06	1.9436e+06	0.84256	0.59302	2.7753	0.0129	0.50683
88.203	0.83836	21.386	15.533	19.249	150.96	-23.212	8.342e+05	0	2.5805e+07	0	17.007	34826	66233	0	0	0	0	0	2.93e+06	1.9107e+06	0.90221	0.58833	2.8412	0.01253	0.6488
88.487	0.84315	21.263	15.536	19.336	150.96	-23.211	8.3247e+05	0	2.5808e+07	0	17.068	34746	66934	0	0	0	0	0	2.9295e+06	1.9002e+06	0.90413	0.58647	2.8574	0.012496	0.65806
89.198	0.85521	20.956	15.541	19.553	150.97	-23.21	8.2815e+05	0	2.5816e+07	0	17.214	34542	68709	0	0	0	0	0	2.8209e+06	1.8677e+06	0.87578	0.57984	2.8983	0.012451	0.61348
90.765	0.8822	20.274	15.554	20.033	150.98	-23.207	8.1864e+05	0	2.5834e+07	0	17.536	34078	72734	0	0	0	0	0	2.4935e+06	1.7904e+06	0.78468	0.56341	2.9896	0.01225	0.45366
92.944	0.92067	19.321	15.571	20.698	151	-23.202	8.054e+05	0	2.5856e+07	0	18.006	33321	78498	0	0	0	0	0	2.2326e+06	1.6943e+06	0.71852	0.54529	3.1152	0.011819	0.34849
95.403	0.96536	18.269	15.591	21.445	151.02	-23.197	7.9047e+05	0	2.5879e+07	0	18.551	32473	85402	0	0	0	0	0	2.1591e+06	1.6005e+06	0.71302	0.52855	3.2608	0.011088	0.37769
97.768	1.0096	17.306	15.61	22.157	151.04	-23.192	7.7611e+05	0	2.5898e+07	0	19.083	31667	92451	0	0	0	0	0	2.309e+06	1.5249e+06	0.78193	0.51638	3.4047	0.010265	0.57815
99.678	1.0462	16.583	15.626	22.729	151.06	-23.187	7.6451e+05	0	2.5911e+07	0	19.519	31024	98441	0	0	0	0	0	2.6086e+06	1.4767e+06	0.90172	0.51045	3.5236	0.0096397	0.89889
100.84	1.069	16.168	15.636	23.077	151.07	-23.184	7.5744e+05	0	2.5919e+07	0	19.779	30633	1.0222e+05	0	0	0	0	0	2.754e+06	1.449e+06	0.96412	0.50726	3.5973	0.0093986	1.0786
101.13	1.0745	16.069	15.638	23.161	151.07	-23.184	7.5571e+05	0	2.5921e+07	0	19.84	30538	1.0316e+05	0	0	0	0	0	2.7605e+06	1.4409e+06	0.9694	0.506	3.6154	0.0093778	1.0992
101.69	1.0857	15.874	15.643	23.329	151.07	-23.182	7.5229e+05	0	2.5924e+07	0	19.96	30349	1.0504e+05	0	0	0	0	0	2.7359e+06	1.4214e+06	0.96674	0.50226	3.6515	0.0093679	1.1091
102.95	1.1108	15.445	15.654	23.703	151.09	-23.179	7.4463e+05	0	2.5932e+07	0	20.231	29930	1.0932e+05	0	0	0	0	0	2.7247e+06	1.3824e+06	0.97625	0.49529	3.7328	0.0093543	1.1696
104.75	1.1473	14.856	15.669	24.234	151.11	-23.174	7.3369e+05	0	2.5942e+07	0	20.624	29337	1.1565e+05	0	0	0	0	0	2.901e+06	1.346e+06	1.0604	0.49201	3.8508	0.0093258	1.4334
106.88	1.1912	14.22	15.687	24.857	151.13	-23.169	7.208e+05	0	2.5952e+07	0	21.096	28641	1.234e+05	0	0	0	0	0	3.3706e+06	1.3305e+06	1.262	0.49815	3.9924	0.0091402	2.0199
109.07	1.2372	13.639	15.706	25.497	151.15	-23.162	7.075e+05	0	2.5962e+07	0	21.515	27920	1.3169e+05	0	0	0	0	0	3.7723e+06	1.3782e+06	1.4489	0.52936	4.1408	0.0086772	2.7816
111.06	1.2798	13.162	15.724	26.078	151.18	-23.156	6.954e+05	0	2.597e+07	0	21.881	27253	1.3945e+05	0	0	0	0	0	4.0701e+06	1.4294e+06	1.6016	0.56248	4.2777	0.0080332	3.5282
112.61	1.3134	12.82	15.738	26.531	151.19	-23.152	6.8596e+05	0	2.5976e+07	0	22.159	26725	1.4564e+05	0	0	0	0	0	4.2241e+06	1.4647e+06	1.695	0.58774	4.3857	0.0075146	4.1016
113.54	1.3337	12.625	15.746	26.802	151.2	-23.149	6.8032e+05	0	2.5979e+07	0	22.319	26407	1.494e+05	0	0	0	0	0	4.2507e+06	1.4797e+06	1.7262	0.60093	4.4508	0.007302	4.393
113.77	1.3387	12.578	15.748	26.867	151.21	-23.148	6.7895e+05	0	2.598e+07	0	22.358	26330	1.5031e+05	0	0	0	0	0	4.2382e+06	1.4797e+06	1.7262	0.60265	4.4666	0.0072818	4.4431
114.23	1.3488	12.483	15.753	27.001	151.21	-23.147	6.7617e+05	0	2.5982e+07	0	22.438	26172	1.5219e+05	0	0	0	0	0	4.2025e+06	1.4774e+06	1.7219	0.60536	4.4989	0.0072518	4.5347
115.26	1.3717	12.273	15.762	27.302	151.23	-23.143	6.6989e+05	0	2.5985e+07	0	22.619	25815	1.5645e+05	0	0	0	0	0	4.2278e+06	1.4919e+06	1.7563	0.61974	4.5722	0.0071065	4.8937
116.77	1.4053	11.978	15.776	27.741	151.25	-23.138	6.6075e+05	0	2.599e+07	0	22.879	25294	1.6275e+05	0	0	0	0	0	4.2631e+06	1.5176e+06	1.8074	0.64343	4.6797	0.0067662	5.4655
118.6	1.4467	11.636	15.793	28.275	151.27	-23.132	6.4964e+05	0	2.5995e+07	0	23.193	24658	1.7054e+05	0	0	0	0	0	4.3019e+06	1.5526e+06	1.8709	0.67526	4.8118	0.0060917	6.2269
120.57	1.4919	11.285	15.812	28.851	151.3	-23.125	6.3765e+05	0	2.6e+07	0	23.52	23969	1.791e+05	0	0	0	0	0	4.3238e+06	1.6021e+06	1.9345	0.71678	4.956	0.005049	7.0582
122.5	1.5367	10.968	15.83	29.413	151.32	-23.118	6.2596e+05	0	2.6004e+07	0	23.852	23295	1.8759e+05	0	0	0	0	0	4.576e+06	1.6852e+06	2.1066	0.77576	5.0982	0.0037619	7.8909
124.18	1.5763	10.721	15.847	29.908	151.35	-23.112	6.1571e+05	0	2.6008e+07	0	24.139	22700	1.951e+05	0	0	0	0	0	4.8499e+06	1.7752e+06	2.2912	0.83864	5.224	0.0025388	8.6006
125.47	1.6067	10.551	15.86	30.285	151.37	-23.107	6.079e+05	0	2.6011e+07	0	24.36	22243	2.0085e+05	0	0	0	0	0	5.0387e+06	1.8411e+06	2.4292	0.8876	5.3204	0.0016903	9.129
126.23	1.6248	10.458	15.867	30.509	151.38	-23.104	6.033e+05	0	2.6012e+07	0	24.492	21973	2.0425e+05	0	0	0	0	0	5.1167e+06	1.8712e+06	2.4972	0.91326	5.3776	0.0013599	9.3848
126.41	1.6291	10.436	15.869	30.562	151.38	-23.103	6.0219e+05	0	2.6012e+07	0	24.525	21908	2.0507e+05	0	0	0	0	0	5.1239e+06	1.8746e+06	2.5082	0.9176	5.3913	0.0013212	9.4297
126.41	1.6291	10.436	15.869	30.562	151.38	-23.103	6.0219e+05	0	2.3177e+07	0	21.6	21908	2.0507e+05	0	0	0	0	0	5.1239e+06	1.8746e+06	2.5082	0.9176	5.3913	0.0013212	9.4297
126.48	1.6305	10.428	15.87	30.582	151.38	-23.103	6.0183e+05	0	2.3177e+07	0	21.61	21879	2.0529e+05	0	0	0	0	0	5.117e+06	1.8725e+06	2.5081	0.91779	5.3956	0.0013187	9.4328
126.59	1.633	10.414	15.871	30.617	151.38	-23.102	6.012e+05	0	2.3177e+07	0	21.629	21827	2.0568e+05	0	0	0	0	0	5.1076e+06	1.8697e+06	2.5094	0.91862	5.4034	0.0013105	9.4428
126.69	1.6351	10.402	15.872	30.646	151.38	-23.102	6.0066e+05	0	2.3178e+07	0	21.645	21784	2.0601e+05	0	0	0	0	0	5.0986e+06	1.867e+06	2.51	0.91912	5.4099	0.001305	9.4495
126.72	1.6356	10.399	15.872	30.654	151.38	-23.102	6.0051e+05	0	2.3178e+07	0	21.649	21772	2.061e+05	0	0	0	0	0	5.0956e+06	1.8661e+06	2.5099	0.91919	5.4117	0.001304	9.4507
126.79	1.637	10.391	15.873	30.674	151.39	-23.102	6.0015e+05	0	2.3178e+07	0	21.66	21743	2.0633e+05	0	0	0	0	0	5.0887e+06	1.864e+06	2.5098	0.91937	5.4161	0.0013016	9.4537
126.9	1.6395	10.377	15.874	30.708	151.39	-23.101	5.9952e+05	0	2.3178e+07	0	21.678	21692	2.0672e+05	0	0	0	0	0	5.0791e+06	1.8612e+06	2.511	0.92016	5.4238	0.0012938	9.4634
127	1.6416	10.365	15.875	30.738	151.39	-23.101	5.9898e+05	0	2.3178e+07	0	21.694	21648	2.0705e+05	0	0	0	0	0	5.07e+06	1.8585e+06	2.5115	0.92064	5.4304	0.0012886	9.47
127.03	1.6421	10.361	15.875	30.746	151.39	-23.101	5.9883e+05	0	2.3178e+07	0	21.699	21636	2.0714e+05	0	0	0	0	0	5.067e+06	1.8576e+06	2.5114	0.9207	5.4322	0.0012877	9.4711
127.1	1.6435	10.354	15.876	30.765	151.39	-23.1	5.9847e+05	0	2.3178e+07	0	21.709	21607	2.0736e+05	0	0	0	0	0	5.06e+06	1.8555e+06	2.5113	0.92087	5.4365	0.0012855	9.474
127.21	1.646	10.339	15.877	30.8	151.39	-23.1	5.9784e+05	0	2.3178e+07	0	21.728	21556	2.0776e+05	0	0	0	0	0	5.0503e+06	1.8526e+06	2.5124	0.92162	5.4443	0.0012781	9.4835
127.31	1.6481	10.327	15.878	30.829	151.39	-23.1	5.973e+05	0	2.3179e+07	0	21.744	21513	2.0809e+05	0	0	0	0	0	5.0411e+06	1.8498e+06	2.5128	0.92208	5.4509	0.0012732	9.4899
127.34	1.6487	10.324	15.878	30.838	151.39	-23.1	5.9715e+05	0	2.3179e+07	0	21.748	21501	2.0818e+05	0	0	0	0	0	5.0381e+06	1.8489e+06	2.5128	0.92214	5.4527	0.0012723	9.491
127.41	1.6501	10.316	15.879	30.857	151.39	-23.099	5.9679e+05	0	2.3179e+07	0	21.759	21473	2.0841e+05	0	0	0	0	0	5.0311e+06	1.8468e+06	2.5126	0.9223	5.4571	0.0012702	9.4938
127.53	1.6525	10.302	15.88	30.892	151.4	-23.099	5.9616e+05	0	2.3179e+07	0	21.778	21422	2.088e+05	0	0	0	0	0	5.0212e+06	1.8438e+06	2.5136	0.92302	5.4648	0.0012632	9.503
127.62	1.6546	10.29	15.881	30.921	151.4	-23.098	5.9562e+05	0	2.3179e+07	0	21.794	21379	2.0914e+05	0	0	0	0	0	5.0119e+06	1.841e+06	2.514	0.92345	5.4714	0.0012586	9.5091
127.65	1.6552	10.287	15.881	30.929	151.4	-23.098	5.9547e+05	0	2.3179e+07	0	21.798	21367	2.0923e+05	0	0	0	0	0	5.0089e+06	1.8401e+06	2.5139	0.9235	5.4732	0.0012578	9.5102
127.72	1.6566	10.279	15.882	30.949	151.4	-23.098	5.9511e+05	0	2.3179e+07	0	21.809	21339	2.0945e+05	0	0	0	0	0	5.0018e+06	1.8379e+06	2.5137	0.92365	5.4776	0.0012558	9.5129
127.84	1.6591	10.265	15.883	30.984	151.4	-23.098	5.9447e+05	0	2.3179e+07	0	21.828	21288	2.0985e+05	0	0	0	0	0	4.9918e+06	1.8349e+06	2.5146	0.92433	5.4854	0.0012492	9.5218
127.94	1.6612	10.253	15.884	31.013	151.4	-23.097	5.9394e+05	0	2.318e+07	0	21.844	21246	2.1018e+05	0	0	0	0	0	4.9823e+06	1.8321e+06	2.5149	0.92474	5.492	0.0012448	9.5278
127.96	1.6618	10.249	15.885	31.021	151.4	-23.097	5.9379e+05	0	2.318e+07	0	21.849	21234	2.1027e+05	0	0	0	0	0	4.9793e+06	1.8311e+06	2.5147	0.92479	5.4938	0.0012441	9.5288
128.03	1.6632	10.241	15.885	31.041	151.4	-23.097	5.9343e+05	0	2.318e+07	0	21.86	21206	2.105e+05	0	0	0	0	0	4.9723e+06	1.829e+06	2.5145	0.92493	5.4982	0.0012422	9.5315
128.15	1.6657	10.227	15.886	31.076	151.41	-23.096	5.9279e+05	0	2.318e+07	0	21.879	21155	2.1089e+05	0	0	0	0	0	4.9621e+06	1.8259e+06	2.5153	0.92558	5.506	0.001236	9.5401
128.25	1.6678	10.215	15.887	31.105	151.41	-23.096	5.9225e+05	0	2.318e+07	0	21.895	21113	2.1123e+05	0	0	0	0	0	4.9525e+06	1.823e+06	2.5155	0.92596	5.5127	0.0012319	9.5459
128.27	1.6684	10.212	15.888	31.113	151.41	-23.096	5.9211e+05	0	2.318e+07	0	21.899	21101	2.1132e+05	0	0	0	0	0	4.9495e+06	1.8221e+06	2.5154	0.92601	5.5145	0.0012312	9.5469
128.34	1.6698	10.204	15.888	31.133	151.41	-23.096	5.9175e+05	0	2.318e+07	0	21.91	21073	2.1154e+05	0	0	0	0	0	4.9424e+06	1.8199e+06	2.5151	0.92613	5.5189	0.0012295	9.5494
128.46	1.6723	10.19	15.89	31.167	151.41	-23.095	5.9111e+05	0	2.318e+07	0	21.929	21023	2.1194e+05	0	0	0	0	0	4.932e+06	1.8168e+06	2.5159	0.92674	5.5267	0.0012237	9.5577
128.56	1.6744	10.178	15.891	31.197	151.41	-23.095	5.9057e+05	0	2.3181e+07	0	21.946	20980	2.1228e+05	0	0	0	0	0	4.9224e+06	1.8138e+06	2.516	0.9271	5.5334	0.0012198	9.5633
128.58	1.675	10.174	15.891	31.205	151.41	-23.095	5.9042e+05	0	2.3181e+07	0	21.95	20969	2.1237e+05	0	0	0	0	0	4.9193e+06	1.8129e+06	2.5159	0.92714	5.5352	0.0012192	9.5643
128.65	1.6764	10.166	15.891	31.225	151.41	-23.094	5.9007e+05	0	2.3181e+07	0	21.961	20941	2.1259e+05	0	0	0	0	0	4.9122e+06	1.8107e+06	2.5156	0.92725	5.5396	0.0012175	9.5667
128.77	1.6789	10.152	15.893	31.259	151.42	-23.094	5.8943e+05	0	2.3181e+07	0	21.98	20891	2.1299e+05	0	0	0	0	0	4.9017e+06	1.8075e+06	2.5162	0.92783	5.5475	0.0012121	9.5747
128.87	1.681	10.14	15.894	31.289	151.42	-23.093	5.8889e+05	0	2.3181e+07	0	21.997	20849	2.1333e+05	0	0	0	0	0	4.892e+06	1.8045e+06	2.5162	0.92817	5.5541	0.0012085	9.5801
128.89	1.6816	10.137	15.894	31.297	151.42	-23.093	5.8874e+05	0	2.3181e+07	0	22.001	20837	2.1342e+05	0	0	0	0	0	4.8889e+06	1.8036e+06	2.5161	0.9282	5.556	0.0012079	9.581
128.96	1.683	10.129	15.895	31.316	151.42	-23.093	5.8839e+05	0	2.3181e+07	0	22.012	20809	2.1365e+05	0	0	0	0	0	4.8817e+06	1.8013e+06	2.5157	0.9283	5.5604	0.0012064	9.5834
129.08	1.6855	10.115	15.896	31.351	151.42	-23.093	5.8775e+05	0	2.3181e+07	0	22.032	20760	2.1404e+05	0	0	0	0	0	4.8711e+06	1.7981e+06	2.5162	0.92884	5.5683	0.0012014	9.5911
129.18	1.6877	10.102	15.897	31.381	151.42	-23.092	5.8721e+05	0	2.3181e+07	0	22.048	20718	2.1438e+05	0	0	0	0	0	4.8612e+06	1.7951e+06	2.5162	0.92916	5.5749	0.001198	9.5962
129.21	1.6882	10.099	15.897	31.389	151.42	-23.092	5.8706e+05	0	2.3182e+07	0	22.053	20706	2.1448e+05	0	0	0	0	0	4.8582e+06	1.7941e+06	2.5161	0.92919	5.5768	0.0011974	9.5971
129.27	1.6897	10.091	15.898	31.408	151.42	-23.092	5.8671e+05	0	2.3182e+07	0	22.064	20679	2.147e+05	0	0	0	0	0	4.851e+06	1.7919e+06	2.5157	0.92927	5.5812	0.001196	9.5994
129.39	1.6922	10.077	15.899	31.443	151.42	-23.091	5.8607e+05	0	2.3182e+07	0	22.083	20629	2.151e+05	0	0	0	0	0	4.8402e+06	1.7886e+06	2.5161	0.92978	5.5891	0.0011914	9.6068
129.49	1.6943	10.065	15.9	31.473	151.43	-23.091	5.8553e+05	0	2.3182e+07	0	22.1	20588	2.1544e+05	0	0	0	0	0	4.8302e+06	1.7855e+06	2.516	0.93007	5.5958	0.0011883	9.6117
129.52	1.6949	10.061	15.9	31.481	151.43	-23.091	5.8538e+05	0	2.3182e+07	0	22.104	20576	2.1553e+05	0	0	0	0	0	4.8272e+06	1.7846e+06	2.5158	0.93009	5.5976	0.0011877	9.6126
129.52	1.6949	10.061	15.9	31.481	151.43	-23.091	5.8538e+05	0	2.1127e+07	0	19.952	20576	2.1553e+05	0	0	0	0	0	4.8272e+06	1.7846e+06	2.5158	0.93009	5.5976	0.0011877	9.6126
129.6	1.6965	10.051	15.901	31.506	151.43	-23.09	5.8496e+05	0	2.1127e+07	0	19.964	20536	2.1575e+05	0	0	0	0	0	4.8175e+06	1.7815e+06	2.5157	0.9303	5.6028	0.0011857	9.6162
129.75	1.6995	10.032	15.903	31.551	151.43	-23.09	5.8421e+05	0	2.1127e+07	0	19.986	20464	2.1614e+05	0	0	0	0	0	4.8035e+06	1.777e+06	2.5172	0.93121	5.6119	0.0011789	9.6281
129.88	1.702	10.017	15.904	31.59	151.43	-23.089	5.8357e+05	0	2.1127e+07	0	20.004	20403	2.1647e+05	0	0	0	0	0	4.7903e+06	1.7728e+06	2.5178	0.93178	5.6197	0.0011744	9.636
129.92	1.7027	10.012	15.904	31.6	151.43	-23.089	5.8339e+05	0	2.1127e+07	0	20.009	20387	2.1656e+05	0	0	0	0	0	4.7862e+06	1.7715e+06	2.5177	0.93185	5.6219	0.0011736	9.6374
130.01	1.7043	10.002	15.905	31.626	151.43	-23.089	5.8297e+05	0	2.1127e+07	0	20.022	20347	2.1678e+05	0	0	0	0	0	4.7766e+06	1.7684e+06	2.5175	0.93204	5.627	0.0011717	9.641
130.16	1.7073	9.9831	15.907	31.671	151.44	-23.088	5.8222e+05	0	2.1127e+07	0	20.043	20276	2.1717e+05	0	0	0	0	0	4.7625e+06	1.7639e+06	2.5189	0.93292	5.6362	0.0011654	9.6525
130.29	1.7098	9.9672	15.908	31.709	151.44	-23.088	5.8158e+05	0	2.1128e+07	0	20.062	20216	2.175e+05	0	0	0	0	0	4.7494e+06	1.7597e+06	2.5194	0.93346	5.644	0.0011611	9.6603
130.32	1.7105	9.9628	15.908	31.72	151.44	-23.087	5.814e+05	0	2.1128e+07	0	20.067	20199	2.1759e+05	0	0	0	0	0	4.7453e+06	1.7583e+06	2.5193	0.93352	5.6462	0.0011604	9.6616
130.41	1.7121	9.9523	15.909	31.745	151.44	-23.087	5.8098e+05	0	2.1128e+07	0	20.079	20159	2.1781e+05	0	0	0	0	0	4.7357e+06	1.7552e+06	2.5191	0.9337	5.6513	0.0011586	9.6651
130.56	1.7151	9.9336	15.911	31.79	151.44	-23.086	5.8023e+05	0	2.1128e+07	0	20.101	20089	2.182e+05	0	0	0	0	0	4.7215e+06	1.7507e+06	2.5204	0.93455	5.6606	0.0011526	9.6763
130.69	1.7176	9.9177	15.912	31.829	151.45	-23.086	5.7959e+05	0	2.1128e+07	0	20.12	20029	2.1854e+05	0	0	0	0	0	4.7083e+06	1.7464e+06	2.5209	0.93506	5.6683	0.0011486	9.6839
130.73	1.7183	9.9133	15.913	31.839	151.45	-23.086	5.7941e+05	0	2.1128e+07	0	20.125	20013	2.1863e+05	0	0	0	0	0	4.7042e+06	1.7451e+06	2.5208	0.93512	5.6705	0.001148	9.6852
130.81	1.72	9.9028	15.914	31.865	151.45	-23.085	5.7899e+05	0	2.1128e+07	0	20.137	19974	2.1885e+05	0	0	0	0	0	4.6946e+06	1.742e+06	2.5205	0.93528	5.6757	0.0011463	9.6886
130.97	1.723	9.884	15.915	31.91	151.45	-23.085	5.7824e+05	0	2.1128e+07	0	20.159	19904	2.1924e+05	0	0	0	0	0	4.6804e+06	1.7375e+06	2.5217	0.93609	5.685	0.0011407	9.6996
131.09	1.7255	9.868	15.916	31.948	151.45	-23.084	5.776e+05	0	2.1129e+07	0	20.178	19847	2.1958e+05	0	0	0	0	0	4.6674e+06	1.7333e+06	2.522	0.93657	5.693	0.0011369	9.7069
131.13	1.7262	9.8636	15.917	31.959	151.45	-23.084	5.7742e+05	0	2.1129e+07	0	20.183	19830	2.1967e+05	0	0	0	0	0	4.6634e+06	1.732e+06	2.5219	0.93662	5.6952	0.0011363	9.7082
131.22	1.7278	9.853	15.918	31.984	151.45	-23.084	5.77e+05	0	2.1129e+07	0	20.195	19791	2.1989e+05	0	0	0	0	0	4.6537e+06	1.7289e+06	2.5216	0.93678	5.7003	0.0011347	9.7115
131.37	1.7308	9.8342	15.919	32.029	151.46	-23.083	5.7625e+05	0	2.1129e+07	0	20.218	19718	2.2026e+05	0	0	0	0	0	4.6387e+06	1.7239e+06	2.5228	0.93757	5.709	0.0011295	9.7221
131.5	1.7334	9.8182	15.921	32.067	151.46	-23.083	5.7561e+05	0	2.1129e+07	0	20.237	19654	2.2056e+05	0	0	0	0	0	4.6245e+06	1.7192e+06	2.5233	0.93806	5.716	0.001126	9.7292
131.53	1.7341	9.8137	15.921	32.078	151.46	-23.082	5.7543e+05	0	2.1129e+07	0	20.242	19636	2.2065e+05	0	0	0	0	0	4.6201e+06	1.7177e+06	2.5232	0.93812	5.7179	0.0011255	9.7305
131.62	1.7357	9.8031	15.922	32.103	151.46	-23.082	5.7501e+05	0	2.1129e+07	0	20.255	19593	2.2084e+05	0	0	0	0	0	4.6098e+06	1.7143e+06	2.5231	0.93828	5.7224	0.001124	9.7337
131.77	1.7387	9.7842	15.923	32.148	151.46	-23.081	5.7426e+05	0	2.1129e+07	0	20.277	19518	2.212e+05	0	0	0	0	0	4.5943e+06	1.7091e+06	2.5243	0.93905	5.7307	0.0011191	9.744
131.9	1.7413	9.7681	15.925	32.187	151.46	-23.081	5.7362e+05	0	2.113e+07	0	20.296	19455	2.215e+05	0	0	0	0	0	4.5802e+06	1.7044e+06	2.5247	0.9395	5.7378	0.0011159	9.7509
131.94	1.742	9.7637	15.925	32.197	151.47	-23.081	5.7344e+05	0	2.113e+07	0	20.302	19437	2.2159e+05	0	0	0	0	0	4.5759e+06	1.703e+06	2.5246	0.93956	5.7397	0.0011153	9.7521
132.02	1.7437	9.753	15.926	32.222	151.47	-23.08	5.7302e+05	0	2.113e+07	0	20.315	19396	2.2179e+05	0	0	0	0	0	4.5657e+06	1.6996e+06	2.5244	0.93971	5.7444	0.001114	9.7552
132.18	1.7467	9.734	15.928	32.267	151.47	-23.08	5.7227e+05	0	2.113e+07	0	20.337	19322	2.2215e+05	0	0	0	0	0	4.5502e+06	1.6944e+06	2.5255	0.94043	5.7527	0.0011095	9.7652
132.31	1.7492	9.7178	15.929	32.306	151.47	-23.079	5.7163e+05	0	2.113e+07	0	20.357	19259	2.2245e+05	0	0	0	0	0	4.5361e+06	1.6897e+06	2.5258	0.94086	5.7597	0.0011065	9.7719
132.34	1.7499	9.7134	15.929	32.316	151.47	-23.079	5.7145e+05	0	2.113e+07	0	20.362	19242	2.2254e+05	0	0	0	0	0	4.5318e+06	1.6883e+06	2.5257	0.94091	5.7617	0.001106	9.773
132.43	1.7516	9.7027	15.93	32.342	151.47	-23.079	5.7103e+05	0	2.113e+07	0	20.375	19201	2.2274e+05	0	0	0	0	0	4.5217e+06	1.6849e+06	2.5255	0.94105	5.7664	0.0011047	9.776
132.58	1.7546	9.6836	15.932	32.387	151.48	-23.078	5.7028e+05	0	2.113e+07	0	20.398	19128	2.231e+05	0	0	0	0	0	4.5062e+06	1.6797e+06	2.5264	0.94173	5.7747	0.0011006	9.7857
132.71	1.7572	9.6674	15.933	32.425	151.48	-23.077	5.6964e+05	0	2.1131e+07	0	20.417	19066	2.2341e+05	0	0	0	0	0	4.4921e+06	1.675e+06	2.5267	0.94214	5.7818	0.0010978	9.7921
132.74	1.7579	9.6629	15.933	32.435	151.48	-23.077	5.6946e+05	0	2.1131e+07	0	20.422	19049	2.2349e+05	0	0	0	0	0	4.4879e+06	1.6736e+06	2.5265	0.94218	5.7838	0.0010973	9.7932
132.83	1.7596	9.6521	15.934	32.461	151.48	-23.077	5.6904e+05	0	2.1131e+07	0	20.435	19008	2.237e+05	0	0	0	0	0	4.4778e+06	1.6702e+06	2.5262	0.9423	5.7884	0.0010962	9.7961
132.98	1.7626	9.633	15.936	32.506	151.48	-23.076	5.6829e+05	0	2.1131e+07	0	20.458	18936	2.2406e+05	0	0	0	0	0	4.4623e+06	1.6651e+06	2.5271	0.94295	5.7968	0.0010924	9.8054
133.11	1.7652	9.6167	15.937	32.544	151.48	-23.076	5.6765e+05	0	2.1131e+07	0	20.478	18875	2.2437e+05	0	0	0	0	0	4.4483e+06	1.6604e+06	2.5272	0.94332	5.8039	0.0010898	9.8116
133.15	1.7659	9.6122	15.938	32.554	151.48	-23.076	5.6747e+05	0	2.1131e+07	0	20.483	18859	2.2446e+05	0	0	0	0	0	4.4441e+06	1.659e+06	2.5271	0.94336	5.8059	0.0010894	9.8127
133.23	1.7676	9.6014	15.939	32.58	151.49	-23.075	5.6705e+05	0	2.1131e+07	0	20.496	18819	2.2466e+05	0	0	0	0	0	4.4341e+06	1.6556e+06	2.5268	0.94347	5.8106	0.0010883	9.8155
133.39	1.7707	9.5822	15.94	32.625	151.49	-23.075	5.663e+05	0	2.1131e+07	0	20.52	18747	2.2503e+05	0	0	0	0	0	4.4185e+06	1.6504e+06	2.5275	0.94407	5.819	0.0010849	9.8244
133.52	1.7732	9.5658	15.941	32.663	151.49	-23.074	5.6566e+05	0	2.1132e+07	0	20.539	18687	2.2534e+05	0	0	0	0	0	4.4045e+06	1.6457e+06	2.5276	0.94442	5.8261	0.0010825	9.8304
133.55	1.7739	9.5613	15.942	32.673	151.49	-23.074	5.6548e+05	0	2.1132e+07	0	20.545	18671	2.2542e+05	0	0	0	0	0	4.4003e+06	1.6443e+06	2.5274	0.94445	5.8281	0.0010821	9.8314
133.55	1.7739	9.5613	15.942	32.673	151.49	-23.074	5.6548e+05	0	1.9083e+07	0	18.354	18671	2.2542e+05	0	0	0	0	0	4.4003e+06	1.6443e+06	2.5274	0.94445	5.8281	0.0010821	9.8314
133.62	1.7752	9.5521	15.943	32.695	151.49	-23.074	5.6516e+05	0	1.9084e+07	0	18.364	18634	2.2553e+05	0	0	0	0	0	4.3911e+06	1.6412e+06	2.5271	0.94452	5.8316	0.0010815	9.8333
133.75	1.7775	9.5356	15.944	32.733	151.49	-23.073	5.6458e+05	0	1.9084e+07	0	18.38	18568	2.2573e+05	0	0	0	0	0	4.3761e+06	1.636e+06	2.5275	0.9449	5.8378	0.0010794	9.8394
133.87	1.7795	9.5216	15.945	32.766	151.5	-23.072	5.6409e+05	0	1.9084e+07	0	18.394	18512	2.259e+05	0	0	0	0	0	4.3629e+06	1.6315e+06	2.5274	0.94512	5.843	0.001078	9.8435
133.9	1.78	9.5177	15.945	32.775	151.5	-23.072	5.6395e+05	0	1.9084e+07	0	18.398	18497	2.2595e+05	0	0	0	0	0	4.3591e+06	1.6302e+06	2.5273	0.94514	5.8445	0.0010778	9.8442
133.97	1.7813	9.5084	15.946	32.796	151.5	-23.072	5.6363e+05	0	1.9084e+07	0	18.408	18460	2.2606e+05	0	0	0	0	0	4.3499e+06	1.627e+06	2.527	0.94519	5.848	0.0010772	9.8459
134.1	1.7836	9.4918	15.948	32.834	151.5	-23.071	5.6305e+05	0	1.9084e+07	0	18.424	18395	2.2626e+05	0	0	0	0	0	4.335e+06	1.6219e+06	2.5272	0.94555	5.8542	0.0010754	9.8518
134.21	1.7856	9.4777	15.949	32.867	151.5	-23.071	5.6256e+05	0	1.9084e+07	0	18.439	18340	2.2644e+05	0	0	0	0	0	4.3218e+06	1.6174e+06	2.5271	0.94575	5.8595	0.0010743	9.8557
134.24	1.7861	9.4738	15.949	32.876	151.5	-23.071	5.6242e+05	0	1.9084e+07	0	18.443	18325	2.2648e+05	0	0	0	0	0	4.318e+06	1.6161e+06	2.5269	0.94577	5.861	0.0010741	9.8563
134.31	1.7874	9.4645	15.95	32.897	151.5	-23.071	5.621e+05	0	1.9084e+07	0	18.452	18289	2.266e+05	0	0	0	0	0	4.3089e+06	1.613e+06	2.5266	0.94581	5.8645	0.0010736	9.858
134.44	1.7898	9.4478	15.951	32.935	151.51	-23.07	5.6152e+05	0	1.9084e+07	0	18.469	18224	2.268e+05	0	0	0	0	0	4.294e+06	1.6079e+06	2.5268	0.94614	5.8707	0.0010721	9.8636
134.55	1.7917	9.4337	15.952	32.968	151.51	-23.069	5.6103e+05	0	1.9085e+07	0	18.483	18170	2.2697e+05	0	0	0	0	0	4.281e+06	1.6034e+06	2.5266	0.94632	5.876	0.0010711	9.8673
134.58	1.7923	9.4298	15.953	32.977	151.51	-23.069	5.6089e+05	0	1.9085e+07	0	18.487	18155	2.2702e+05	0	0	0	0	0	4.2772e+06	1.6021e+06	2.5264	0.94633	5.8775	0.0010709	9.868
134.66	1.7936	9.4204	15.953	32.998	151.51	-23.069	5.6057e+05	0	1.9085e+07	0	18.497	18119	2.2714e+05	0	0	0	0	0	4.2681e+06	1.599e+06	2.5261	0.94636	5.881	0.0010706	9.8696
134.79	1.7959	9.4036	15.955	33.036	151.51	-23.068	5.5999e+05	0	1.9085e+07	0	18.514	18056	2.2734e+05	0	0	0	0	0	4.2533e+06	1.5939e+06	2.5261	0.94667	5.8872	0.0010694	9.8749
134.9	1.7979	9.3894	15.956	33.069	151.51	-23.068	5.595e+05	0	1.9085e+07	0	18.528	18003	2.2752e+05	0	0	0	0	0	4.2403e+06	1.5895e+06	2.5259	0.94682	5.8926	0.0010686	9.8784
134.93	1.7984	9.3855	15.956	33.078	151.51	-23.068	5.5936e+05	0	1.9085e+07	0	18.532	17988	2.2756e+05	0	0	0	0	0	4.2366e+06	1.5882e+06	2.5257	0.94683	5.894	0.0010684	9.879
135	1.7997	9.376	15.957	33.099	151.52	-23.068	5.5903e+05	0	1.9085e+07	0	18.542	17953	2.2768e+05	0	0	0	0	0	4.2276e+06	1.5851e+06	2.5253	0.94686	5.8976	0.0010681	9.8806
135.13	1.8021	9.3592	15.958	33.137	151.52	-23.067	5.5846e+05	0	1.9085e+07	0	18.559	17890	2.2789e+05	0	0	0	0	0	4.2128e+06	1.58e+06	2.5253	0.94713	5.9038	0.0010672	9.8856
135.24	1.804	9.3449	15.96	33.17	151.52	-23.066	5.5796e+05	0	1.9085e+07	0	18.573	17837	2.2806e+05	0	0	0	0	0	4.1999e+06	1.5756e+06	2.525	0.94726	5.9092	0.0010666	9.8889
135.27	1.8046	9.3409	15.96	33.179	151.52	-23.066	5.5783e+05	0	1.9085e+07	0	18.577	17823	2.2811e+05	0	0	0	0	0	4.1962e+06	1.5743e+06	2.5248	0.94727	5.9107	0.0010665	9.8895
135.34	1.8059	9.3315	15.961	33.2	151.52	-23.066	5.575e+05	0	1.9085e+07	0	18.587	17788	2.2823e+05	0	0	0	0	0	4.1873e+06	1.5713e+06	2.5244	0.94728	5.9142	0.0010663	9.891
135.47	1.8082	9.3146	15.962	33.238	151.52	-23.065	5.5692e+05	0	1.9085e+07	0	18.604	17726	2.2844e+05	0	0	0	0	0	4.1726e+06	1.5662e+06	2.5243	0.94752	5.9205	0.0010657	9.8957
135.58	1.8102	9.3002	15.963	33.27	151.53	-23.065	5.5643e+05	0	1.9085e+07	0	18.619	17674	2.2862e+05	0	0	0	0	0	4.1597e+06	1.5618e+06	2.5239	0.94764	5.9258	0.0010653	9.8989
135.61	1.8108	9.2962	15.963	33.279	151.53	-23.065	5.563e+05	0	1.9086e+07	0	18.623	17660	2.2867e+05	0	0	0	0	0	4.156e+06	1.5605e+06	2.5237	0.94764	5.9273	0.0010652	9.8994
135.69	1.8121	9.2867	15.964	33.301	151.53	-23.065	5.5597e+05	0	1.9086e+07	0	18.633	17625	2.2878e+05	0	0	0	0	0	4.1472e+06	1.5575e+06	2.5233	0.94764	5.9308	0.0010651	9.9008
135.82	1.8144	9.2697	15.966	33.339	151.53	-23.064	5.5539e+05	0	1.9086e+07	0	18.65	17564	2.2899e+05	0	0	0	0	0	4.1325e+06	1.5525e+06	2.5231	0.94785	5.9372	0.0010648	9.9052
135.93	1.8164	9.2553	15.967	33.371	151.53	-23.063	5.549e+05	0	1.9086e+07	0	18.665	17513	2.2917e+05	0	0	0	0	0	4.1197e+06	1.5481e+06	2.5226	0.94795	5.9425	0.0010646	9.9082
135.96	1.817	9.2513	15.967	33.38	151.53	-23.063	5.5477e+05	0	1.9086e+07	0	18.669	17499	2.2922e+05	0	0	0	0	0	4.116e+06	1.5468e+06	2.5224	0.94794	5.944	0.0010645	9.9087
136.03	1.8183	9.2417	15.968	33.401	151.53	-23.063	5.5444e+05	0	1.9086e+07	0	18.678	17465	2.2934e+05	0	0	0	0	0	4.1073e+06	1.5438e+06	2.5219	0.94794	5.9476	0.0010645	9.91
136.16	1.8206	9.2247	15.969	33.439	151.53	-23.062	5.5386e+05	0	1.9086e+07	0	18.696	17405	2.2956e+05	0	0	0	0	0	4.0926e+06	1.5388e+06	2.5216	0.94812	5.9539	0.0010645	9.9141
136.27	1.8226	9.2102	15.97	33.471	151.54	-23.062	5.5337e+05	0	1.9086e+07	0	18.711	17354	2.2974e+05	0	0	0	0	0	4.0799e+06	1.5344e+06	2.5211	0.94819	5.9593	0.0010644	9.9169
136.3	1.8232	9.2062	15.971	33.48	151.54	-23.062	5.5324e+05	0	1.9086e+07	0	18.715	17340	2.2979e+05	0	0	0	0	0	4.0763e+06	1.5332e+06	2.5209	0.94818	5.9608	0.0010644	9.9174
136.38	1.8245	9.1965	15.972	33.501	151.54	-23.061	5.5291e+05	0	1.9086e+07	0	18.724	17307	2.2991e+05	0	0	0	0	0	4.0676e+06	1.5302e+06	2.5204	0.94817	5.9643	0.0010645	9.9186
136.51	1.8269	9.1794	15.973	33.539	151.54	-23.061	5.5233e+05	0	1.9086e+07	0	18.742	17248	2.3012e+05	0	0	0	0	0	4.053e+06	1.5252e+06	2.52	0.94832	5.9707	0.0010647	9.9224
136.62	1.8289	9.1648	15.974	33.571	151.54	-23.06	5.5184e+05	0	1.9086e+07	0	18.757	17198	2.3031e+05	0	0	0	0	0	4.0403e+06	1.5209e+06	2.5194	0.94837	5.9761	0.0010649	9.925
136.65	1.8294	9.1608	15.974	33.58	151.54	-23.06	5.517e+05	0	1.9086e+07	0	18.761	17184	2.3036e+05	0	0	0	0	0	4.0367e+06	1.5196e+06	2.5192	0.94835	5.9776	0.001065	9.9254
136.72	1.8308	9.1512	15.975	33.602	151.54	-23.06	5.5138e+05	0	1.9087e+07	0	18.771	17151	2.3048e+05	0	0	0	0	0	4.0281e+06	1.5167e+06	2.5186	0.94833	5.9812	0.0010651	9.9265
136.85	1.8331	9.1339	15.977	33.639	151.55	-23.059	5.508e+05	0	1.9087e+07	0	18.788	17092	2.307e+05	0	0	0	0	0	4.0136e+06	1.5117e+06	2.5181	0.94844	5.9876	0.0010656	9.9301
136.96	1.8352	9.1193	15.978	33.671	151.55	-23.059	5.5031e+05	0	1.9087e+07	0	18.803	17043	2.3088e+05	0	0	0	0	0	4.001e+06	1.5074e+06	2.5175	0.94848	5.993	0.001066	9.9325
136.99	1.8357	9.1153	15.978	33.68	151.55	-23.059	5.5017e+05	0	1.9087e+07	0	18.807	17029	2.3093e+05	0	0	0	0	0	3.9974e+06	1.5062e+06	2.5173	0.94846	5.9945	0.0010661	9.9329
136.99	1.8357	9.1153	15.978	33.68	151.55	-23.059	5.5017e+05	0	1.7036e+07	0	16.579	17029	2.3093e+05	0	0	0	0	0	3.9974e+06	1.5062e+06	2.5173	0.94846	5.9945	0.0010661	9.9329
137.06	1.8369	9.1056	15.979	33.701	151.55	-23.058	5.4989e+05	0	1.7036e+07	0	16.587	16994	2.3099e+05	0	0	0	0	0	3.9884e+06	1.503e+06	2.5168	0.94844	5.9975	0.0010664	9.9338
137.19	1.8389	9.0885	15.98	33.739	151.55	-23.058	5.4937e+05	0	1.7036e+07	0	16.601	16932	2.311e+05	0	0	0	0	0	3.9737e+06	1.4978e+06	2.5168	0.94866	6.0028	0.0010673	9.9369
137.3	1.8407	9.0739	15.981	33.771	151.55	-23.057	5.4894e+05	0	1.7036e+07	0	16.613	16879	2.3118e+05	0	0	0	0	0	3.9615e+06	1.4935e+06	2.517	0.94887	6.0074	0.0010679	9.9389
137.33	1.8412	9.0698	15.982	33.779	151.55	-23.057	5.4882e+05	0	1.7036e+07	0	16.617	16864	2.3121e+05	0	0	0	0	0	3.9581e+06	1.4922e+06	2.5169	0.94891	6.0087	0.0010681	9.9393
137.4	1.8423	9.0602	15.982	33.8	151.56	-23.057	5.4853e+05	0	1.7036e+07	0	16.625	16829	2.3127e+05	0	0	0	0	0	3.9498e+06	1.4893e+06	2.5169	0.94901	6.0117	0.0010684	9.9401
137.53	1.8444	9.0429	15.984	33.838	151.56	-23.056	5.4802e+05	0	1.7036e+07	0	16.639	16768	2.3137e+05	0	0	0	0	0	3.9358e+06	1.4843e+06	2.5172	0.9493	6.0171	0.0010697	9.9429
137.64	1.8461	9.0282	15.985	33.869	151.56	-23.056	5.4758e+05	0	1.7036e+07	0	16.652	16716	2.3146e+05	0	0	0	0	0	3.9237e+06	1.48e+06	2.5173	0.9495	6.0217	0.0010705	9.9448
137.67	1.8466	9.0242	15.985	33.878	151.56	-23.056	5.4746e+05	0	1.7036e+07	0	16.655	16701	2.3149e+05	0	0	0	0	0	3.9203e+06	1.4788e+06	2.5172	0.94953	6.0229	0.0010707	9.9451
137.74	1.8478	9.0145	15.986	33.899	151.56	-23.055	5.4718e+05	0	1.7036e+07	0	16.663	16667	2.3155e+05	0	0	0	0	0	3.9122e+06	1.4759e+06	2.5172	0.94962	6.026	0.0010711	9.9459
137.87	1.8498	8.9971	15.987	33.936	151.56	-23.055	5.4666e+05	0	1.7036e+07	0	16.678	16606	2.3166e+05	0	0	0	0	0	3.8982e+06	1.4709e+06	2.5174	0.94989	6.0314	0.0010726	9.9484
137.98	1.8516	8.9824	15.989	33.968	151.57	-23.054	5.4623e+05	0	1.7036e+07	0	16.69	16555	2.3175e+05	0	0	0	0	0	3.8862e+06	1.4667e+06	2.5174	0.95007	6.0359	0.0010737	9.9501
138.01	1.8521	8.9783	15.989	33.977	151.57	-23.054	5.4611e+05	0	1.7036e+07	0	16.694	16541	2.3178e+05	0	0	0	0	0	3.8828e+06	1.4655e+06	2.5174	0.9501	6.0372	0.0010739	9.9504
138.09	1.8533	8.9686	15.99	33.998	151.57	-23.054	5.4582e+05	0	1.7037e+07	0	16.702	16507	2.3184e+05	0	0	0	0	0	3.8748e+06	1.4626e+06	2.5173	0.95018	6.0403	0.0010744	9.951
138.21	1.8553	8.9512	15.991	34.035	151.57	-23.053	5.4531e+05	0	1.7037e+07	0	16.717	16447	2.3195e+05	0	0	0	0	0	3.8609e+06	1.4576e+06	2.5174	0.95042	6.0457	0.0010762	9.9533
138.32	1.8571	8.9364	15.992	34.067	151.57	-23.053	5.4487e+05	0	1.7037e+07	0	16.729	16397	2.3205e+05	0	0	0	0	0	3.849e+06	1.4534e+06	2.5174	0.95058	6.0503	0.0010774	9.9548
138.35	1.8576	8.9323	15.993	34.075	151.57	-23.053	5.4475e+05	0	1.7037e+07	0	16.732	16383	2.3207e+05	0	0	0	0	0	3.8456e+06	1.4522e+06	2.5173	0.95061	6.0516	0.0010777	9.955
138.43	1.8587	8.9225	15.993	34.096	151.57	-23.052	5.4447e+05	0	1.7037e+07	0	16.741	16349	2.3214e+05	0	0	0	0	0	3.8376e+06	1.4494e+06	2.5172	0.95068	6.0546	0.0010783	9.9556
138.55	1.8608	8.905	15.995	34.133	151.58	-23.052	5.4395e+05	0	1.7037e+07	0	16.755	16290	2.3225e+05	0	0	0	0	0	3.8239e+06	1.4445e+06	2.5172	0.95089	6.0601	0.0010804	9.9576
138.66	1.8626	8.8901	15.996	34.165	151.58	-23.051	5.4352e+05	0	1.7037e+07	0	16.768	16241	2.3235e+05	0	0	0	0	0	3.812e+06	1.4403e+06	2.5171	0.95103	6.0647	0.0010818	9.9589
138.69	1.8631	8.886	15.996	34.173	151.58	-23.051	5.434e+05	0	1.7037e+07	0	16.772	16227	2.3237e+05	0	0	0	0	0	3.8087e+06	1.4391e+06	2.517	0.95105	6.066	0.0010821	9.9591
138.77	1.8643	8.8762	15.997	34.194	151.58	-23.051	5.4311e+05	0	1.7037e+07	0	16.78	16194	2.3244e+05	0	0	0	0	0	3.8008e+06	1.4363e+06	2.5169	0.95112	6.069	0.0010828	9.9596
138.9	1.8664	8.8586	15.998	34.231	151.58	-23.05	5.426e+05	0	1.7037e+07	0	16.795	16136	2.3256e+05	0	0	0	0	0	3.7871e+06	1.4314e+06	2.5168	0.9513	6.0745	0.0010852	9.9613
139.01	1.8681	8.8437	16	34.263	151.58	-23.05	5.4216e+05	0	1.7037e+07	0	16.807	16087	2.3266e+05	0	0	0	0	0	3.7753e+06	1.4273e+06	2.5167	0.95142	6.0791	0.0010869	9.9624
139.04	1.8686	8.8395	16	34.271	151.58	-23.05	5.4204e+05	0	1.7037e+07	0	16.811	16074	2.3268e+05	0	0	0	0	0	3.7721e+06	1.4261e+06	2.5166	0.95144	6.0804	0.0010872	9.9625
139.11	1.8698	8.8297	16.001	34.292	151.58	-23.049	5.4176e+05	0	1.7037e+07	0	16.819	16041	2.3275e+05	0	0	0	0	0	3.7642e+06	1.4233e+06	2.5164	0.9515	6.0835	0.001088	9.963
139.24	1.8719	8.812	16.002	34.329	151.59	-23.049	5.4124e+05	0	1.7037e+07	0	16.834	15984	2.3287e+05	0	0	0	0	0	3.7506e+06	1.4185e+06	2.5163	0.95165	6.089	0.0010907	9.9643
139.35	1.8737	8.797	16.003	34.361	151.59	-23.048	5.4081e+05	0	1.7037e+07	0	16.847	15936	2.3297e+05	0	0	0	0	0	3.7389e+06	1.4143e+06	2.516	0.95175	6.0936	0.0010925	9.9652
139.38	1.8742	8.7929	16.004	34.369	151.59	-23.048	5.4069e+05	0	1.7037e+07	0	16.85	15923	2.33e+05	0	0	0	0	0	3.7357e+06	1.4132e+06	2.516	0.95177	6.0949	0.0010929	9.9654
139.45	1.8753	8.783	16.004	34.39	151.59	-23.048	5.404e+05	0	1.7037e+07	0	16.859	15891	2.3307e+05	0	0	0	0	0	3.7279e+06	1.4104e+06	2.5157	0.95182	6.098	0.0010938	9.9657
139.58	1.8774	8.7653	16.006	34.427	151.59	-23.047	5.3989e+05	0	1.7038e+07	0	16.874	15834	2.3319e+05	0	0	0	0	0	3.7143e+06	1.4056e+06	2.5155	0.95194	6.1035	0.0010968	9.9668
139.69	1.8792	8.7502	16.007	34.458	151.59	-23.047	5.3946e+05	0	1.7038e+07	0	16.886	15787	2.3329e+05	0	0	0	0	0	3.7027e+06	1.4015e+06	2.5152	0.95202	6.1082	0.0010989	9.9675
139.72	1.8797	8.7461	16.007	34.467	151.6	-23.046	5.3934e+05	0	1.7038e+07	0	16.89	15774	2.3332e+05	0	0	0	0	0	3.6995e+06	1.4004e+06	2.5151	0.95204	6.1094	0.0010992	9.9676
139.79	1.8809	8.7361	16.008	34.487	151.6	-23.046	5.3905e+05	0	1.7038e+07	0	16.898	15743	2.3339e+05	0	0	0	0	0	3.6918e+06	1.3976e+06	2.5149	0.95207	6.1125	0.0011002	9.9678
139.92	1.883	8.7183	16.009	34.524	151.6	-23.046	5.3854e+05	0	1.7038e+07	0	16.913	15687	2.3351e+05	0	0	0	0	0	3.6783e+06	1.3928e+06	2.5145	0.95217	6.1181	0.0011036	9.9686
140.03	1.8848	8.7032	16.011	34.555	151.6	-23.045	5.381e+05	0	1.7038e+07	0	16.926	15640	2.3362e+05	0	0	0	0	0	3.6668e+06	1.3888e+06	2.5142	0.95223	6.1227	0.0011058	9.9691
140.06	1.8853	8.699	16.011	34.564	151.6	-23.045	5.3798e+05	0	1.7038e+07	0	16.93	15627	2.3365e+05	0	0	0	0	0	3.6636e+06	1.3876e+06	2.5141	0.95224	6.124	0.0011062	9.9692
140.13	1.8865	8.689	16.012	34.585	151.6	-23.045	5.3769e+05	0	1.7038e+07	0	16.938	15596	2.3372e+05	0	0	0	0	0	3.656e+06	1.3849e+06	2.5138	0.95227	6.1271	0.0011073	9.9693
140.26	1.8886	8.6712	16.013	34.621	151.6	-23.044	5.3718e+05	0	1.7038e+07	0	16.954	15542	2.3385e+05	0	0	0	0	0	3.6426e+06	1.3802e+06	2.5134	0.95233	6.1327	0.001111	9.9698
140.37	1.8904	8.656	16.014	34.653	151.61	-23.043	5.3675e+05	0	1.7038e+07	0	16.966	15496	2.3395e+05	0	0	0	0	0	3.6312e+06	1.3761e+06	2.513	0.95237	6.1374	0.0011134	9.9701
140.4	1.8909	8.6518	16.015	34.661	151.61	-23.043	5.3663e+05	0	1.7038e+07	0	16.97	15483	2.3398e+05	0	0	0	0	0	3.628e+06	1.375e+06	2.5128	0.95238	6.1387	0.0011139	9.9701
140.4	1.8909	8.6518	16.015	34.661	151.61	-23.043	5.3663e+05	0	1.4987e+07	0	14.711	15483	2.3398e+05	0	0	0	0	0	3.628e+06	1.375e+06	2.5128	0.95238	6.1387	0.0011139	9.9701
140.5	1.8923	8.6382	16.016	34.689	151.61	-23.043	5.3628e+05	0	1.4987e+07	0	14.72	15438	2.34e+05	0	0	0	0	0	3.617e+06	1.3711e+06	2.5125	0.9524	6.1421	0.0011162	9.9702
140.67	1.8948	8.6138	16.017	34.739	151.61	-23.042	5.3567e+05	0	1.4987e+07	0	14.737	15359	2.3402e+05	0	0	0	0	0	3.5975e+06	1.3641e+06	2.5119	0.95243	6.1484	0.0011236	9.9703
140.82	1.8969	8.5931	16.019	34.781	151.61	-23.041	5.3515e+05	0	1.4987e+07	0	14.751	15292	2.3404e+05	0	0	0	0	0	3.581e+06	1.3581e+06	2.5113	0.95245	6.1536	0.0011286	9.9703
140.86	1.8974	8.5873	16.02	34.792	151.62	-23.041	5.3501e+05	0	1.4987e+07	0	14.755	15273	2.3404e+05	0	0	0	0	0	3.5765e+06	1.3565e+06	2.5112	0.95245	6.1551	0.0011295	9.9703
140.96	1.8988	8.5736	16.021	34.82	151.62	-23.041	5.3467e+05	0	1.4987e+07	0	14.765	15229	2.3406e+05	0	0	0	0	0	3.5657e+06	1.3526e+06	2.5108	0.95246	6.1586	0.0011318	9.9702
141.13	1.9013	8.549	16.022	34.87	151.62	-23.04	5.3405e+05	0	1.4987e+07	0	14.781	15152	2.3409e+05	0	0	0	0	0	3.5464e+06	1.3457e+06	2.5101	0.95245	6.1648	0.0011396	9.9699
141.28	1.9034	8.5282	16.024	34.912	151.62	-23.039	5.3354e+05	0	1.4987e+07	0	14.796	15086	2.3411e+05	0	0	0	0	0	3.5302e+06	1.3399e+06	2.5094	0.95244	6.1701	0.0011448	9.9697
141.32	1.904	8.5224	16.025	34.923	151.62	-23.039	5.3339e+05	0	1.4987e+07	0	14.8	15068	2.3412e+05	0	0	0	0	0	3.5258e+06	1.3383e+06	2.5092	0.95243	6.1716	0.0011457	9.9696
141.42	1.9054	8.5086	16.026	34.951	151.63	-23.039	5.3305e+05	0	1.4987e+07	0	14.809	15025	2.3414e+05	0	0	0	0	0	3.5151e+06	1.3345e+06	2.5088	0.95242	6.1751	0.0011482	9.9694
141.6	1.9079	8.4839	16.028	35	151.63	-23.038	5.3244e+05	0	1.4987e+07	0	14.826	14949	2.3417e+05	0	0	0	0	0	3.4961e+06	1.3276e+06	2.5079	0.95237	6.1814	0.0011563	9.9686
141.74	1.91	8.4629	16.029	35.042	151.63	-23.037	5.3192e+05	0	1.4987e+07	0	14.841	14885	2.342e+05	0	0	0	0	0	3.4801e+06	1.3219e+06	2.5072	0.95233	6.1867	0.0011618	9.9681
141.79	1.9106	8.4571	16.03	35.053	151.63	-23.037	5.3178e+05	0	1.4987e+07	0	14.845	14868	2.3421e+05	0	0	0	0	0	3.4758e+06	1.3203e+06	2.507	0.95232	6.1882	0.0011627	9.968
141.88	1.912	8.4431	16.031	35.081	151.63	-23.036	5.3143e+05	0	1.4988e+07	0	14.854	14826	2.3423e+05	0	0	0	0	0	3.4653e+06	1.3166e+06	2.5065	0.9523	6.1917	0.0011653	9.9676
142.06	1.9145	8.4183	16.033	35.13	151.64	-23.036	5.3082e+05	0	1.4988e+07	0	14.871	14752	2.3427e+05	0	0	0	0	0	3.4465e+06	1.3098e+06	2.5055	0.95219	6.1981	0.0011738	9.9664
142.21	1.9166	8.3971	16.034	35.171	151.64	-23.035	5.303e+05	0	1.4988e+07	0	14.886	14689	2.3431e+05	0	0	0	0	0	3.4307e+06	1.3042e+06	2.5046	0.95212	6.2034	0.0011795	9.9655
142.25	1.9172	8.3913	16.035	35.183	151.64	-23.035	5.3016e+05	0	1.4988e+07	0	14.89	14672	2.3432e+05	0	0	0	0	0	3.4264e+06	1.3026e+06	2.5044	0.95211	6.2049	0.0011805	9.9653
142.35	1.9186	8.3773	16.036	35.21	151.64	-23.034	5.2982e+05	0	1.4988e+07	0	14.9	14631	2.3434e+05	0	0	0	0	0	3.4161e+06	1.2989e+06	2.5039	0.95207	6.2085	0.0011833	9.9648
142.52	1.9211	8.3523	16.038	35.259	151.64	-23.033	5.2921e+05	0	1.4988e+07	0	14.917	14558	2.3439e+05	0	0	0	0	0	3.3976e+06	1.2923e+06	2.5027	0.95192	6.2148	0.0011922	9.9631
142.67	1.9233	8.331	16.039	35.301	151.65	-23.033	5.2869e+05	0	1.4988e+07	0	14.932	14497	2.3443e+05	0	0	0	0	0	3.382e+06	1.2867e+06	2.5018	0.95181	6.2202	0.0011982	9.9619
142.71	1.9238	8.3252	16.04	35.312	151.65	-23.033	5.2854e+05	0	1.4988e+07	0	14.936	14480	2.3444e+05	0	0	0	0	0	3.3778e+06	1.2852e+06	2.5016	0.9518	6.2217	0.0011992	9.9617
142.81	1.9253	8.3111	16.041	35.339	151.65	-23.032	5.282e+05	0	1.4988e+07	0	14.945	14440	2.3447e+05	0	0	0	0	0	3.3677e+06	1.2816e+06	2.501	0.95174	6.2253	0.0012021	9.961
142.98	1.9278	8.2859	16.043	35.388	151.65	-23.031	5.2759e+05	0	1.4988e+07	0	14.963	14369	2.3452e+05	0	0	0	0	0	3.3493e+06	1.275e+06	2.4996	0.95154	6.2316	0.0012115	9.9589
143.13	1.9299	8.2645	16.044	35.429	151.66	-23.031	5.2707e+05	0	1.4988e+07	0	14.978	14309	2.3456e+05	0	0	0	0	0	3.334e+06	1.2695e+06	2.4986	0.9514	6.2371	0.0012178	9.9573
143.17	1.9305	8.2586	16.045	35.44	151.66	-23.03	5.2693e+05	0	1.4988e+07	0	14.982	14293	2.3458e+05	0	0	0	0	0	3.3298e+06	1.268e+06	2.4984	0.95138	6.2386	0.0012189	9.9571
143.27	1.9319	8.2444	16.046	35.468	151.66	-23.03	5.2658e+05	0	1.4988e+07	0	14.991	14254	2.3461e+05	0	0	0	0	0	3.3199e+06	1.2644e+06	2.4977	0.95131	6.2421	0.0012219	9.9563
143.45	1.9345	8.2191	16.048	35.516	151.66	-23.029	5.2597e+05	0	1.4988e+07	0	15.009	14184	2.3466e+05	0	0	0	0	0	3.3017e+06	1.2579e+06	2.4962	0.95106	6.2486	0.0012318	9.9536
143.59	1.9366	8.1976	16.049	35.557	151.66	-23.028	5.2545e+05	0	1.4988e+07	0	15.024	14126	2.3472e+05	0	0	0	0	0	3.2866e+06	1.2525e+06	2.4951	0.95089	6.254	0.0012384	9.9517
143.64	1.9372	8.1917	16.05	35.568	151.66	-23.028	5.2531e+05	0	1.4988e+07	0	15.028	14110	2.3473e+05	0	0	0	0	0	3.2825e+06	1.2511e+06	2.4948	0.95086	6.2555	0.0012396	9.9514
143.73	1.9387	8.1775	16.051	35.595	151.67	-23.028	5.2497e+05	0	1.4988e+07	0	15.038	14071	2.3476e+05	0	0	0	0	0	3.2727e+06	1.2476e+06	2.4942	0.95078	6.2591	0.0012427	9.9504
143.91	1.9412	8.152	16.053	35.644	151.67	-23.027	5.2436e+05	0	1.4989e+07	0	15.056	14004	2.3483e+05	0	0	0	0	0	3.2548e+06	1.2412e+06	2.4925	0.95048	6.2656	0.0012531	9.9472
144.06	1.9434	8.1304	16.054	35.684	151.67	-23.026	5.2384e+05	0	1.4989e+07	0	15.071	13946	2.3488e+05	0	0	0	0	0	3.2399e+06	1.2358e+06	2.4912	0.95027	6.2711	0.0012601	9.945
144.1	1.944	8.1244	16.055	35.696	151.67	-23.026	5.237e+05	0	1.4989e+07	0	15.075	13931	2.349e+05	0	0	0	0	0	3.2359e+06	1.2344e+06	2.491	0.95023	6.2726	0.0012613	9.9446
144.2	1.9454	8.1101	16.056	35.723	151.67	-23.025	5.2335e+05	0	1.4989e+07	0	15.085	13893	2.3494e+05	0	0	0	0	0	3.2262e+06	1.2309e+06	2.4902	0.95013	6.2762	0.0012647	9.9435
144.37	1.9479	8.0845	16.058	35.771	151.68	-23.025	5.2274e+05	0	1.4989e+07	0	15.103	13827	2.3501e+05	0	0	0	0	0	3.2085e+06	1.2246e+06	2.4884	0.94978	6.2827	0.0012756	9.9398
144.52	1.9501	8.0628	16.059	35.811	151.68	-23.024	5.2222e+05	0	1.4989e+07	0	15.118	13771	2.3507e+05	0	0	0	0	0	3.1937e+06	1.2193e+06	2.4871	0.94954	6.2882	0.001283	9.9373
144.56	1.9507	8.0568	16.06	35.822	151.68	-23.024	5.2208e+05	0	1.4989e+07	0	15.122	13756	2.3509e+05	0	0	0	0	0	3.1898e+06	1.2179e+06	2.4868	0.9495	6.2897	0.0012843	9.9368
144.66	1.9522	8.0424	16.061	35.849	151.68	-23.023	5.2174e+05	0	1.4989e+07	0	15.132	13719	2.3513e+05	0	0	0	0	0	3.1803e+06	1.2145e+06	2.486	0.94938	6.2934	0.0012878	9.9355
144.83	1.9547	8.0167	16.063	35.897	151.69	-23.022	5.2112e+05	0	1.4989e+07	0	15.15	13654	2.352e+05	0	0	0	0	0	3.1628e+06	1.2083e+06	2.484	0.94897	6.2999	0.0012993	9.9313
144.98	1.9569	7.9949	16.064	35.937	151.69	-23.022	5.2061e+05	0	1.4989e+07	0	15.165	13600	2.3527e+05	0	0	0	0	0	3.1482e+06	1.2031e+06	2.4825	0.94869	6.3054	0.0013071	9.9284
145.02	1.9575	7.9889	16.065	35.949	151.69	-23.022	5.2046e+05	0	1.4989e+07	0	15.169	13585	2.3529e+05	0	0	0	0	0	3.1444e+06	1.2017e+06	2.4822	0.94865	6.3069	0.0013085	9.9279
145.02	1.9575	7.9889	16.065	35.949	151.69	-23.022	5.2046e+05	0	1.2914e+07	0	12.841	13585	2.3529e+05	0	0	0	0	0	3.1444e+06	1.2017e+06	2.4822	0.94865	6.3069	0.0013085	9.9279
146.13	1.9712	7.8234	16.077	36.248	151.71	-23.016	5.1713e+05	0	1.2914e+07	0	12.934	13155	2.3488e+05	0	0	0	0	0	2.9796e+06	1.1439e+06	2.4289	0.93246	6.34	0.0017429	9.7669
148.44	2.0004	7.4612	16.103	36.859	151.75	-23.005	5.1015e+05	0	1.2915e+07	0	13.148	12337	2.3441e+05	0	0	0	0	0	2.5885e+06	1.0082e+06	2.25	0.87639	6.4111	0.0031808	9.2135
151.34	2.0379	6.981	16.135	37.594	151.81	-22.991	5.0144e+05	0	1.2916e+07	0	13.431	11452	2.3463e+05	0	0	0	0	0	2.2016e+06	8.7519e+05	2.0615	0.81951	6.5039	0.0043738	8.6297
154.03	2.0739	6.5165	16.166	38.245	151.86	-22.977	4.9332e+05	0	1.2917e+07	0	13.698	10751	2.3562e+05	0	0	0	0	0	1.9428e+06	7.8586e+05	1.938	0.78389	6.5941	0.0048646	8.2596
155.81	2.0981	6.2057	16.186	38.656	151.89	-22.968	4.8796e+05	0	1.2917e+07	0	13.869	10346	2.367e+05	0	0	0	0	0	1.8354e+06	7.4746e+05	1.9024	0.77477	6.6553	0.0049031	8.1687
156.26	2.1042	6.1275	16.191	38.757	151.9	-22.965	4.8662e+05	0	1.2917e+07	0	13.912	10251	2.3702e+05	0	0	0	0	0	1.8125e+06	7.392e+05	1.8962	0.77332	6.671	0.0049221	8.1548
157.37	2.1195	5.9337	16.204	39.003	151.92	-22.96	4.8328e+05	0	1.2917e+07	0	14.018	10026	2.3791e+05	0	0	0	0	0	1.7581e+06	7.1957e+05	1.8805	0.76967	6.7101	0.0049983	8.12
159.68	2.1518	5.5285	16.23	39.496	151.97	-22.947	4.7631e+05	0	1.2918e+07	0	14.242	9603.8	2.4019e+05	0	0	0	0	0	1.6481e+06	6.8045e+05	1.8403	0.75981	6.7936	0.0052492	8.0247
162.58	2.193	5.0242	16.264	40.074	152.03	-22.932	4.6759e+05	0	1.2918e+07	0	14.515	9159.6	2.4387e+05	0	0	0	0	0	1.5568e+06	6.4723e+05	1.8227	0.75777	6.9013	0.0053876	8.0135
165.27	2.2321	4.5604	16.296	40.573	152.08	-22.917	4.5947e+05	0	1.2918e+07	0	14.763	8820.4	2.4814e+05	0	0	0	0	0	1.5099e+06	6.2926e+05	1.8357	0.76506	7.005	0.0053218	8.0966
167.05	2.2583	4.2591	16.317	40.879	152.12	-22.907	4.5412e+05	0	1.2919e+07	0	14.925	8632.7	2.5143e+05	0	0	0	0	0	1.4914e+06	6.2149e+05	1.8527	0.77204	7.0751	0.0052523	8.1622
167.5	2.2649	4.1839	16.322	40.954	152.13	-22.904	4.5277e+05	0	1.2919e+07	0	14.967	8589.7	2.5231e+05	0	0	0	0	0	1.485e+06	6.1909e+05	1.854	0.7729	7.093	0.0052544	8.1695
169.07	2.2883	3.9217	16.341	41.207	152.16	-22.895	4.4804e+05	0	1.2919e+07	0	15.11	8451.9	2.5561e+05	0	0	0	0	0	1.4687e+06	6.1272e+05	1.8635	0.77742	7.1564	0.0053568	8.2109
172.18	2.3354	3.4135	16.378	41.666	152.23	-22.877	4.3868e+05	0	1.2919e+07	0	15.384	8235.8	2.6307e+05	0	0	0	0	0	1.4815e+06	6.1528e+05	1.929	0.80116	7.2851	0.0056632	8.4478
175.62	2.3885	2.8718	16.42	42.112	152.3	-22.857	4.2829e+05	0	1.2919e+07	0	15.676	8078.1	2.7283e+05	0	0	0	0	0	1.5432e+06	6.347e+05	2.0486	0.84258	7.4326	0.0057218	8.874
178.09	2.4271	2.4992	16.45	42.39	152.36	-22.842	4.2086e+05	0	1.2919e+07	0	15.883	8014.5	2.8083e+05	0	0	0	0	0	1.589e+06	6.5117e+05	2.1262	0.8713	7.5413	0.0056396	9.1554
178.73	2.4372	2.4044	16.458	42.457	152.37	-22.838	4.1892e+05	0	1.2919e+07	0	15.938	8004.4	2.8306e+05	0	0	0	0	0	1.5948e+06	6.5365e+05	2.1366	0.87572	7.57	0.0056399	9.1963
180.31	2.4621	2.1753	16.478	42.611	152.41	-22.828	4.1419e+05	0	1.2919e+07	0	16.072	7991.1	2.8878e+05	0	0	0	0	0	1.6139e+06	6.6166e+05	2.1659	0.88794	7.641	0.0057545	9.3094
183.41	2.512	1.738	16.517	42.874	152.48	-22.808	4.0483e+05	0	1.292e+07	0	16.32	8010.6	3.0127e+05	0	0	0	0	0	1.7158e+06	7.0045e+05	2.297	0.9377	7.7846	0.0061442	9.7737
186.86	2.568	1.2836	16.561	43.105	152.56	-22.786	3.9445e+05	0	1.292e+07	0	16.579	8101.8	3.17e+05	0	0	0	0	0	1.8741e+06	7.6322e+05	2.4806	1.0102	7.9484	0.0063343	10.392
189.33	2.6086	0.97868	16.592	43.231	152.62	-22.77	3.8701e+05	0	1.292e+07	0	16.764	8211.8	3.2958e+05	0	0	0	0	0	1.9877e+06	8.0995e+05	2.5958	1.0577	8.0687	0.0063211	10.772
189.97	2.6193	0.90218	16.601	43.258	152.64	-22.766	3.8508e+05	0	1.292e+07	0	16.815	8246.5	3.3304e+05	0	0	0	0	0	2.008e+06	8.1858e+05	2.6113	1.0645	8.1004	0.0063327	10.827
191.54	2.6454	0.71882	16.621	43.317	152.68	-22.755	3.8035e+05	0	1.292e+07	0	16.937	8342.2	3.4185e+05	0	0	0	0	0	2.0667e+06	8.4323e+05	2.6568	1.084	8.1786	0.0064951	10.983
194.65	2.6975	0.378	16.662	43.396	152.75	-22.734	3.7098e+05	0	1.292e+07	0	17.148	8577.4	3.6077e+05	0	0	0	0	0	2.2802e+06	9.3408e+05	2.8509	1.1678	8.3361	0.0070564	11.583
198.1	2.7557	0.041644	16.708	43.429	152.84	-22.71	3.606e+05	0	1.292e+07	0	17.366	8909.1	3.8414e+05	0	0	0	0	0	2.5732e+06	1.0617e+06	3.0974	1.278	8.5146	0.0073677	12.324
200.57	2.7977	-0.17135	16.741	43.421	152.9	-22.692	3.5316e+05	0	1.292e+07	0	17.522	9193	4.025e+05	0	0	0	0	0	2.786e+06	1.1575e+06	3.25	1.3503	8.6446	0.0073731	12.775
201.21	2.8087	-0.22292	16.749	43.415	152.92	-22.687	3.5123e+05	0	1.292e+07	0	17.566	9273.2	4.075e+05	0	0	0	0	0	2.8284e+06	1.1767e+06	3.2709	1.3608	8.6787	0.007385	12.839
202.32	2.8276	-0.3092	16.764	43.401	152.95	-22.679	3.4789e+05	0	1.292e+07	0	17.645	9417.9	4.1636e+05	0	0	0	0	0	2.8998e+06	1.2091e+06	3.3019	1.3768	8.7379	0.0074934	12.937
204.63	2.8673	-0.47461	16.796	43.355	153.01	-22.662	3.4092e+05	0	1.292e+07	0	17.786	9746.6	4.3584e+05	0	0	0	0	0	3.1322e+06	1.3164e+06	3.4462	1.4484	8.8627	0.0079582	13.346
207.53	2.9169	-0.64758	16.836	43.273	153.09	-22.641	3.3221e+05	0	1.292e+07	0	17.958	10206	4.6198e+05	0	0	0	0	0	3.4817e+06	1.4783e+06	3.6584	1.5533	9.0202	0.0084957	13.936
210.22	2.9632	-0.77186	16.873	43.174	153.16	-22.62	3.2408e+05	0	1.292e+07	0	18.112	10681	4.8809e+05	0	0	0	0	0	3.8441e+06	1.6555e+06	3.8595	1.6622	9.1681	0.008753	14.487
212	2.9936	-0.834	16.898	43.1	153.21	-22.606	3.1873e+05	0	1.292e+07	0	18.228	11017	5.0622e+05	0	0	0	0	0	4.0618e+06	1.761e+06	3.9535	1.7141	9.266	0.0088122	14.743
212.45	3.0013	-0.84746	16.904	43.08	153.22	-22.603	3.1738e+05	0	1.292e+07	0	18.26	11105	5.1089e+05	0	0	0	0	0	4.1076e+06	1.7829e+06	3.9667	1.7217	9.2907	0.0088354	14.78
213.55	3.0203	-0.87726	16.92	43.03	153.25	-22.594	3.1405e+05	0	1.292e+07	0	18.339	11326	5.2267e+05	0	0	0	0	0	4.2294e+06	1.8411e+06	4.0044	1.7432	9.3519	0.0090087	14.884
215.87	3.0598	-0.91923	16.953	42.919	153.32	-22.576	3.0707e+05	0	1.292e+07	0	18.5	11810	5.4814e+05	0	0	0	0	0	4.5918e+06	2.0167e+06	4.1695	1.8313	9.4801	0.0097184	15.304
218.76	3.1089	-0.92671	16.994	42.775	153.4	-22.553	2.9836e+05	0	1.292e+07	0	18.72	12446	5.8136e+05	0	0	0	0	0	5.1053e+06	2.2713e+06	4.399	1.9571	9.6397	0.010503	15.887
221.46	3.1541	-0.88604	17.034	42.641	153.48	-22.531	2.9024e+05	0	1.292e+07	0	18.941	13059	6.134e+05	0	0	0	0	0	5.6089e+06	2.5375e+06	4.6061	2.0839	9.7871	0.010858	16.404
223.24	3.1837	-0.8345	17.06	42.556	153.53	-22.516	2.8488e+05	0	1.2919e+07	0	19.109	13466	6.3491e+05	0	0	0	0	0	5.8972e+06	2.6888e+06	4.6963	2.1412	9.8832	0.010917	16.631
223.68	3.1911	-0.81893	17.066	42.535	153.54	-22.512	2.8354e+05	0	1.2919e+07	0	19.153	13569	6.4036e+05	0	0	0	0	0	5.9577e+06	2.7198e+06	4.7085	2.1496	9.9073	0.010944	16.664
224.79	3.2093	-0.7761	17.082	42.486	153.58	-22.503	2.802e+05	0	1.2919e+07	0	19.267	13822	6.5393e+05	0	0	0	0	0	6.115e+06	2.801e+06	4.7443	2.1731	9.9667	0.011142	16.757
227.11	3.2473	-0.66311	17.117	42.392	153.65	-22.483	2.7323e+05	0	1.2919e+07	0	19.53	14343	6.8239e+05	0	0	0	0	0	6.5458e+06	3.0304e+06	4.894	2.2657	10.09	0.011918	17.126
230	3.2939	-0.47242	17.16	42.297	153.73	-22.458	2.6451e+05	0	1.2919e+07	0	19.9	14960	7.1758e+05	0	0	0	0	0	7.1052e+06	3.3385e+06	5.0933	2.3932	10.24	0.012639	17.608
232.7	3.3366	-0.24672	17.201	42.241	153.82	-22.435	2.5639e+05	0	1.2919e+07	0	20.283	15476	7.4936e+05	0	0	0	0	0	7.5798e+06	3.6019e+06	5.2525	2.496	10.376	0.012765	17.997
234.48	3.3644	-0.075587	17.228	42.224	153.87	-22.419	2.5104e+05	0	1.2919e+07	0	20.528	15773	7.695e+05	0	0	0	0	0	7.8152e+06	3.7349e+06	5.3135	2.5393	10.463	0.012666	18.147
234.92	3.3714	-0.030364	17.235	42.222	153.89	-22.415	2.4969e+05	0	1.2919e+07	0	20.587	15841	7.7446e+05	0	0	0	0	0	7.8612e+06	3.7604e+06	5.3216	2.5456	10.485	0.012672	18.169
236.03	3.3886	0.085071	17.252	42.224	153.92	-22.405	2.4635e+05	0	1.2919e+07	0	20.736	16000	7.8649e+05	0	0	0	0	0	7.9799e+06	3.8278e+06	5.3486	2.5656	10.538	0.012818	18.237
238.34	3.4244	0.34476	17.287	42.253	153.99	-22.384	2.3938e+05	0	1.2919e+07	0	21.077	16270	8.1037e+05	0	0	0	0	0	8.2821e+06	4.0075e+06	5.4588	2.6414	10.648	0.0133	18.502
241.24	3.4686	0.70345	17.332	42.344	154.08	-22.358	2.3067e+05	0	1.2919e+07	0	21.489	16477	8.3723e+05	0	0	0	0	0	8.5812e+06	4.1923e+06	5.5849	2.7285	10.78	0.01338	18.806
243.93	3.5096	1.063	17.375	42.489	154.17	-22.333	2.2254e+05	0	1.2919e+07	0	21.818	16522	8.588e+05	0	0	0	0	0	8.7212e+06	4.2873e+06	5.6606	2.7827	10.899	0.012735	18.995
245.71	3.5367	1.3078	17.403	42.619	154.23	-22.316	2.1719e+05	0	1.2919e+07	0	21.986	16470	8.7107e+05	0	0	0	0	0	8.7231e+06	4.3001e+06	5.6798	2.7999	10.975	0.012232	19.049
246.16	3.5435	1.3697	17.41	42.656	154.24	-22.312	2.1584e+05	0	1.292e+07	0	22.025	16446	8.739e+05	0	0	0	0	0	8.7161e+06	4.2993e+06	5.6834	2.8033	10.994	0.012181	19.06
247.27	3.5605	1.5238	17.427	42.755	154.28	-22.301	2.1251e+05	0	1.292e+07	0	22.121	16371	8.8048e+05	0	0	0	0	0	8.7054e+06	4.3038e+06	5.7026	2.8193	11.041	0.01213	19.112
249.58	3.5962	1.8503	17.464	42.999	154.36	-22.279	2.0553e+05	0	1.292e+07	0	22.325	16129	8.9203e+05	0	0	0	0	0	8.7012e+06	4.334e+06	5.7851	2.8815	11.137	0.011673	19.313
252.48	3.6412	2.2628	17.511	43.375	154.45	-22.251	1.9682e+05	0	1.292e+07	0	22.519	15676	9.0211e+05	0	0	0	0	0	8.5852e+06	4.3104e+06	5.8733	2.9488	11.254	0.01014	19.532
255.17	3.6841	2.641	17.555	43.797	154.54	-22.224	1.887e+05	0	1.292e+07	0	22.628	15114	9.073e+05	0	0	0	0	0	8.3313e+06	4.2016e+06	5.9112	2.9811	11.36	0.0078348	19.637
256.95	3.7129	2.8817	17.584	44.114	154.6	-22.207	1.8334e+05	0	1.292e+07	0	22.675	14681	9.0864e+05	0	0	0	0	0	8.0953e+06	4.0887e+06	5.9132	2.9866	11.43	0.0065042	19.654
257.4	3.7203	2.9408	17.591	44.199	154.62	-22.202	1.82e+05	0	1.292e+07	0	22.687	14566	9.0874e+05	0	0	0	0	0	8.0333e+06	4.0592e+06	5.9145	2.9886	11.448	0.0063262	19.661
257.4	3.7203	2.9408	17.591	44.199	154.62	-22.202	1.82e+05	0	4.8485e+06	0	15.289	14566	9.0874e+05	0	0	0	0	0	3.6417e+06	1.5508e+06	0.54235	0.23095	11.448	0.0063262	19.661
257.99	3.7262	2.9822	17.601	44.313	154.64	-22.196	1.8134e+05	0	4.8485e+06	0	15.247	14380	9.0588e+05	0	0	0	0	0	3.5971e+06	1.5329e+06	0.54262	0.23124	11.459	0.0062162	19.671
259.04	3.7369	3.0533	17.618	44.52	154.68	-22.186	1.8018e+05	0	4.8486e+06	0	15.177	14048	9.006e+05	0	0	0	0	0	3.5203e+06	1.5029e+06	0.5436	0.23207	11.479	0.0058587	19.701
259.94	3.746	3.1111	17.633	44.7	154.71	-22.177	1.7919e+05	0	4.8486e+06	0	15.118	13765	8.9596e+05	0	0	0	0	0	3.4526e+06	1.4758e+06	0.54409	0.23256	11.496	0.005623	19.718
260.19	3.7485	3.1266	17.637	44.75	154.71	-22.174	1.7892e+05	0	4.8486e+06	0	15.102	13687	8.9466e+05	0	0	0	0	0	3.4334e+06	1.468e+06	0.54416	0.23266	11.501	0.0055848	19.721
260.78	3.7547	3.163	17.647	44.872	154.73	-22.168	1.7826e+05	0	4.8486e+06	0	15.065	13500	8.915e+05	0	0	0	0	0	3.3884e+06	1.4499e+06	0.54448	0.23298	11.512	0.0055029	19.732
261.83	3.7657	3.2252	17.664	45.093	154.77	-22.157	1.771e+05	0	4.8487e+06	0	15.005	13167	8.8573e+05	0	0	0	0	0	3.3119e+06	1.4199e+06	0.54563	0.23393	11.532	0.005234	19.766
262.73	3.7751	3.2755	17.679	45.284	154.8	-22.148	1.7611e+05	0	4.8487e+06	0	14.956	12885	8.8071e+05	0	0	0	0	0	3.2446e+06	1.3929e+06	0.54623	0.2345	11.55	0.0050545	19.786
262.97	3.7777	3.289	17.683	45.338	154.81	-22.146	1.7584e+05	0	4.8487e+06	0	14.942	12808	8.7931e+05	0	0	0	0	0	3.2256e+06	1.3851e+06	0.54631	0.2346	11.554	0.0050256	19.79
263.57	3.784	3.3204	17.693	45.467	154.83	-22.14	1.7519e+05	0	4.8487e+06	0	14.912	12622	8.7592e+05	0	0	0	0	0	3.1806e+06	1.3669e+06	0.54661	0.23491	11.566	0.0049652	19.801
264.62	3.7954	3.3739	17.71	45.7	154.87	-22.129	1.7402e+05	0	4.8488e+06	0	14.863	12294	8.698e+05	0	0	0	0	0	3.1037e+06	1.3363e+06	0.54763	0.23579	11.586	0.0047649	19.832
265.52	3.8052	3.4166	17.725	45.902	154.9	-22.12	1.7304e+05	0	4.8488e+06	0	14.824	12018	8.6451e+05	0	0	0	0	0	3.0366e+06	1.309e+06	0.54809	0.23627	11.604	0.0046291	19.849
265.76	3.8079	3.428	17.729	45.958	154.91	-22.117	1.7276e+05	0	4.8488e+06	0	14.814	11942	8.6304e+05	0	0	0	0	0	3.0177e+06	1.3012e+06	0.54815	0.23636	11.609	0.0046074	19.852
266.36	3.8144	3.4545	17.739	46.093	154.93	-22.111	1.7211e+05	0	4.8488e+06	0	14.791	11761	8.595e+05	0	0	0	0	0	2.9732e+06	1.283e+06	0.54837	0.23663	11.621	0.0045641	19.861
267.41	3.8262	3.4991	17.756	46.338	154.97	-22.1	1.7095e+05	0	4.8489e+06	0	14.755	11442	8.5313e+05	0	0	0	0	0	2.8966e+06	1.2519e+06	0.54913	0.23734	11.642	0.0044182	19.886
268.31	3.8363	3.5344	17.771	46.548	155	-22.091	1.6996e+05	0	4.8489e+06	0	14.729	11175	8.4768e+05	0	0	0	0	0	2.8303e+06	1.2246e+06	0.54939	0.23771	11.659	0.0043173	19.898
268.55	3.8391	3.5437	17.775	46.606	155.01	-22.088	1.6969e+05	0	4.8489e+06	0	14.722	11102	8.4617e+05	0	0	0	0	0	2.8119e+06	1.2169e+06	0.54941	0.23777	11.664	0.0043014	19.9
269.14	3.8458	3.5653	17.785	46.747	155.03	-22.082	1.6903e+05	0	4.8489e+06	0	14.708	10928	8.4254e+05	0	0	0	0	0	2.7684e+06	1.1989e+06	0.54953	0.23798	11.676	0.0042721	19.907
270.2	3.858	3.6012	17.803	47.001	155.06	-22.071	1.6787e+05	0	4.849e+06	0	14.687	10622	8.3605e+05	0	0	0	0	0	2.6929e+06	1.1678e+06	0.54995	0.23848	11.698	0.0041711	19.924
271.09	3.8684	3.6292	17.818	47.219	155.09	-22.061	1.6688e+05	0	4.849e+06	0	14.677	10390	8.3145e+05	0	0	0	0	0	2.6331e+06	1.1433e+06	0.54975	0.23871	11.73	0.0040996	19.93
271.34	3.8713	3.6366	17.822	47.28	155.1	-22.059	1.6661e+05	0	4.849e+06	0	14.675	10326	8.3018e+05	0	0	0	0	0	2.6166e+06	1.1365e+06	0.54967	0.23875	11.738	0.0040886	19.931
271.93	3.8783	3.6536	17.832	47.426	155.12	-22.053	1.6595e+05	0	4.849e+06	0	14.671	10174	8.271e+05	0	0	0	0	0	2.5773e+06	1.1204e+06	0.54949	0.23887	11.76	0.0040714	19.934
272.99	3.8909	3.6816	17.85	47.688	155.16	-22.041	1.6479e+05	0	4.8491e+06	0	14.668	9906.9	8.2159e+05	0	0	0	0	0	2.5079e+06	1.0917e+06	0.54912	0.23904	11.798	0.0040096	19.937
273.88	3.9016	3.7031	17.865	47.912	155.19	-22.032	1.638e+05	0	4.8491e+06	0	14.67	9683.4	8.1688e+05	0	0	0	0	0	2.4488e+06	1.0671e+06	0.54857	0.23905	11.83	0.0039638	19.935
274.13	3.9046	3.7086	17.869	47.975	155.2	-22.029	1.6353e+05	0	4.8491e+06	0	14.671	9622.3	8.1558e+05	0	0	0	0	0	2.4328e+06	1.0604e+06	0.54844	0.23906	11.839	0.0039572	19.935
274.72	3.9118	3.7214	17.879	48.125	155.22	-22.023	1.6288e+05	0	4.8491e+06	0	14.675	9476.7	8.1245e+05	0	0	0	0	0	2.3948e+06	1.0447e+06	0.54816	0.23912	11.861	0.003951	19.935
275.78	3.9248	3.7418	17.897	48.394	155.26	-22.012	1.6171e+05	0	4.8491e+06	0	14.687	9221.1	8.0686e+05	0	0	0	0	0	2.3276e+06	1.0166e+06	0.54754	0.23915	11.9	0.0039252	19.933
276.67	3.9359	3.757	17.912	48.624	155.29	-22.002	1.6073e+05	0	4.8492e+06	0	14.701	9007.9	8.0211e+05	0	0	0	0	0	2.2711e+06	9.9294e+05	0.5469	0.23911	11.934	0.0039035	19.929
276.92	3.9389	3.7608	17.916	48.687	155.3	-21.999	1.6045e+05	0	4.8492e+06	0	14.705	8949.7	8.008e+05	0	0	0	0	0	2.2558e+06	9.8654e+05	0.54675	0.23911	11.943	0.0039011	19.928
277.51	3.9464	3.7694	17.926	48.841	155.32	-21.993	1.598e+05	0	4.8492e+06	0	14.717	8811.3	7.9765e+05	0	0	0	0	0	2.2197e+06	9.7149e+05	0.54645	0.23916	11.966	0.0039058	19.928
278.57	3.9597	3.7827	17.944	49.115	155.36	-21.981	1.5864e+05	0	4.8492e+06	0	14.743	8568.8	7.9206e+05	0	0	0	0	0	2.1561e+06	9.4489e+05	0.54582	0.2392	12.006	0.0039163	19.927
279.46	3.9711	3.792	17.959	49.35	155.39	-21.972	1.5765e+05	0	4.8492e+06	0	14.768	8367.1	7.8732e+05	0	0	0	0	0	2.103e+06	9.2262e+05	0.54522	0.23919	12.041	0.0039198	19.924
279.71	3.9743	3.7942	17.964	49.415	155.4	-21.969	1.5738e+05	0	4.8492e+06	0	14.776	8312	7.8601e+05	0	0	0	0	0	2.0886e+06	9.1659e+05	0.54507	0.2392	12.051	0.0039217	19.923
280.3	3.982	3.799	17.974	49.571	155.43	-21.963	1.5672e+05	0	4.8493e+06	0	14.795	8181.4	7.8289e+05	0	0	0	0	0	2.0547e+06	9.0245e+05	0.54479	0.23927	12.074	0.0039383	19.924
281.35	3.9957	3.8057	17.992	49.85	155.46	-21.951	1.5556e+05	0	4.8493e+06	0	14.833	7952.9	7.7734e+05	0	0	0	0	0	1.9953e+06	8.7759e+05	0.54423	0.23937	12.116	0.0039892	19.924
282.25	4.0074	3.8095	18.007	50.087	155.5	-21.941	1.5457e+05	0	4.8493e+06	0	14.869	7763.2	7.7266e+05	0	0	0	0	0	1.9457e+06	8.5677e+05	0.54367	0.2394	12.151	0.0040209	19.922
282.5	4.0107	3.8102	18.011	50.153	155.51	-21.938	1.543e+05	0	4.8493e+06	0	14.88	7711.5	7.7137e+05	0	0	0	0	0	1.9322e+06	8.5112e+05	0.54353	0.23942	12.161	0.0040278	19.922
283.09	4.0186	3.8115	18.021	50.311	155.53	-21.932	1.5364e+05	0	4.8493e+06	0	14.906	7588.9	7.6829e+05	0	0	0	0	0	1.9005e+06	8.3786e+05	0.54324	0.23949	12.185	0.0040586	19.923
284.14	4.0327	3.8121	18.039	50.594	155.57	-21.92	1.5248e+05	0	4.8493e+06	0	14.955	7374.8	7.6284e+05	0	0	0	0	0	1.845e+06	8.1461e+05	0.54269	0.23961	12.228	0.0041575	19.924
285.04	4.0448	3.8109	18.055	50.834	155.6	-21.91	1.5149e+05	0	4.8494e+06	0	15.001	7197.6	7.5826e+05	0	0	0	0	0	1.7988e+06	7.9512e+05	0.54211	0.23963	12.264	0.0042236	19.922
285.28	4.0481	3.8103	18.059	50.9	155.61	-21.907	1.5122e+05	0	4.8494e+06	0	15.014	7149.2	7.5699e+05	0	0	0	0	0	1.7862e+06	7.8981e+05	0.54195	0.23964	12.275	0.0042366	19.922
285.28	4.0481	3.8103	18.059	50.9	155.61	-21.907	1.5122e+05	0	4.2028e+06	0	12.992	7149.2	7.5699e+05	0	0	0	0	0	1.7862e+06	7.8981e+05	0.54195	0.23964	12.275	0.0042366	19.922
286.24	4.059	3.8066	18.076	51.158	155.64	-21.897	1.503e+05	0	4.2028e+06	0	13.016	6969.1	7.5153e+05	0	0	0	0	0	1.7401e+06	7.7075e+05	0.54162	0.2399	12.318	0.0043963	19.928
288.31	4.0829	3.7933	18.111	51.716	155.72	-21.873	1.4833e+05	0	4.2029e+06	0	13.08	6607.9	7.4065e+05	0	0	0	0	0	1.6462e+06	7.3209e+05	0.54042	0.24033	12.426	0.0050413	19.935
291.07	4.1156	3.7645	18.159	52.462	155.82	-21.842	1.4569e+05	0	4.2029e+06	0	13.188	6151.9	7.2639e+05	0	0	0	0	0	1.5251e+06	6.8129e+05	0.53778	0.24023	12.574	0.0057763	19.92
293.98	4.1508	3.7212	18.21	53.246	155.93	-21.809	1.4291e+05	0	4.2029e+06	0	13.325	5703.9	7.1178e+05	0	0	0	0	0	1.407e+06	6.3171e+05	0.5351	0.24024	12.735	0.0061753	19.907
296.45	4.1815	3.6749	18.253	53.912	156.03	-21.78	1.4054e+05	0	4.203e+06	0	13.457	5347.7	6.997e+05	0	0	0	0	0	1.3134e+06	5.9228e+05	0.53277	0.24025	12.874	0.0062238	19.896
298.01	4.2012	3.6418	18.28	54.328	156.09	-21.762	1.3905e+05	0	4.203e+06	0	13.546	5135.6	6.9231e+05	0	0	0	0	0	1.2581e+06	5.6901e+05	0.53142	0.24034	12.964	0.0062167	19.893
298.39	4.2061	3.6332	18.287	54.43	156.1	-21.757	1.3868e+05	0	4.203e+06	0	13.569	5084.6	6.905e+05	0	0	0	0	0	1.245e+06	5.6349e+05	0.53113	0.2404	12.986	0.0062222	19.893
300.23	4.2296	3.5898	18.32	54.917	156.17	-21.736	1.3693e+05	0	4.203e+06	0	13.68	4848.8	6.8206e+05	0	0	0	0	0	1.1851e+06	5.3868e+05	0.53019	0.24099	13.093	0.0064333	19.906
303.85	4.2772	3.4938	18.384	55.87	156.31	-21.692	1.3346e+05	0	4.203e+06	0	13.917	4416.7	6.6605e+05	0	0	0	0	0	1.0736e+06	4.9168e+05	0.5273	0.24148	13.309	0.0069058	19.908
307.87	4.3315	3.3728	18.455	56.907	156.47	-21.644	1.2962e+05	0	4.2031e+06	0	14.212	3988.4	6.4952e+05	0	0	0	0	0	9.5621e+05	4.3985e+05	0.52007	0.23923	13.554	0.0066596	19.805
310.75	4.3714	3.2776	18.507	57.634	156.58	-21.608	1.2686e+05	0	4.2031e+06	0	14.436	3712.2	6.3853e+05	0	0	0	0	0	8.7996e+05	4.0578e+05	0.51419	0.23711	13.735	0.0062653	19.713
311.5	4.3819	3.2518	18.521	57.821	156.61	-21.599	1.2615e+05	0	4.2031e+06	0	14.495	3644.4	6.358e+05	0	0	0	0	0	8.6199e+05	3.9792e+05	0.51306	0.23684	13.782	0.006219	19.699
313.33	4.4079	3.1874	18.554	58.273	156.68	-21.576	1.2439e+05	0	4.2031e+06	0	14.638	3485.1	6.2932e+05	0	0	0	0	0	8.2014e+05	3.7968e+05	0.51047	0.23632	13.899	0.006245	19.671
316.96	4.4603	3.0545	18.619	59.149	156.83	-21.531	1.2093e+05	0	4.2031e+06	0	14.941	3195.9	6.1743e+05	0	0	0	0	0	7.4394e+05	3.4342e+05	0.50494	0.23309	14.133	0.0061921	19.523
320.98	4.52	2.9002	18.693	60.086	156.99	-21.479	1.1708e+05	0	4.2032e+06	0	15.295	2912.9	6.0573e+05	0	0	0	0	0	6.6846e+05	3.0513e+05	0.4978	0.22723	14.399	0.0056743	19.263
323.86	4.5637	2.7864	18.746	60.735	157.11	-21.442	1.1433e+05	0	4.2032e+06	0	15.549	2732.1	5.9834e+05	0	0	0	0	0	6.2119e+05	2.8145e+05	0.4932	0.22345	14.592	0.0052294	19.093
324.61	4.5752	2.7565	18.759	60.901	157.14	-21.432	1.1361e+05	0	4.2032e+06	0	15.613	2688	5.9656e+05	0	0	0	0	0	6.1067e+05	2.7641e+05	0.49281	0.22306	14.643	0.0051864	19.07
326.44	4.6036	2.683	18.793	61.3	157.22	-21.408	1.1186e+05	0	4.2032e+06	0	15.771	2584.5	5.9242e+05	0	0	0	0	0	5.8579e+05	2.6447e+05	0.49166	0.22198	14.768	0.0051894	19.01
330.07	4.6607	2.5361	18.861	62.065	157.37	-21.36	1.0839e+05	0	4.2032e+06	0	16.097	2397.8	5.8523e+05	0	0	0	0	0	5.3557e+05	2.3959e+05	0.4845	0.21675	15.018	0.0051211	18.757
334.09	4.7256	2.3715	18.936	62.872	157.54	-21.306	1.0454e+05	0	4.2032e+06	0	16.467	2216.6	5.7885e+05	0	0	0	0	0	4.8451e+05	2.14e+05	0.47415	0.20943	15.299	0.0047507	18.416
336.97	4.773	2.2531	18.99	63.424	157.67	-21.266	1.0179e+05	0	4.2032e+06	0	16.73	2101.8	5.7533e+05	0	0	0	0	0	4.5372e+05	1.9888e+05	0.46827	0.20525	15.503	0.0044455	18.215
337.72	4.7855	2.2224	19.004	63.564	157.7	-21.256	1.0107e+05	0	4.2032e+06	0	16.797	2073.9	5.7456e+05	0	0	0	0	0	4.4721e+05	1.9585e+05	0.46776	0.20485	15.557	0.0044235	18.19
340.5	4.8323	2.1089	19.057	64.07	157.82	-21.217	98410	0	4.2032e+06	0	17.051	1976.5	5.722e+05	0	0	0	0	0	4.2209e+05	1.8371e+05	0.46324	0.20163	15.756	0.0044809	18.029
345.46	4.9175	1.9082	19.152	64.917	158.04	-21.146	93668	0	4.2033e+06	0	17.526	1826.2	5.7008e+05	0	0	0	0	0	3.7485e+05	1.6025e+05	0.44526	0.19035	16.116	0.0042461	17.473
349.67	4.9917	1.7399	19.233	65.58	158.22	-21.086	89645	0	4.2033e+06	0	17.93	1719.5	5.7044e+05	0	0	0	0	0	3.4257e+05	1.4452e+05	0.43215	0.18231	16.425	0.0037195	17.065
350.83	5.0125	1.6941	19.256	65.754	158.28	-21.069	88535	0	4.2033e+06	0	18.04	1693.2	5.709e+05	0	0	0	0	0	3.3562e+05	1.4128e+05	0.42998	0.181	16.511	0.0036439	16.992
353.61	5.0629	1.5859	19.31	66.155	158.4	-21.027	85873	0	4.2033e+06	0	18.305	1634.9	5.7261e+05	0	0	0	0	0	3.2018e+05	1.3422e+05	0.42481	0.17808	16.718	0.0036062	16.813
358.57	5.1546	1.3979	19.407	66.814	158.63	-20.953	81131	0	4.2033e+06	0	18.802	1547.4	5.7794e+05	0	0	0	0	0	2.8927e+05	1.193e+05	0.40552	0.16724	17.09	0.0031647	16.227
362.77	5.2344	1.2435	19.49	67.317	158.83	-20.888	77108	0	4.2033e+06	0	19.226	1487.8	5.8484e+05	0	0	0	0	0	2.6926e+05	1.0995e+05	0.39258	0.16031	17.409	0.0025681	15.825
363.94	5.2567	1.202	19.514	67.447	158.88	-20.87	75998	0	4.2033e+06	0	19.343	1473.6	5.8713e+05	0	0	0	0	0	2.6524e+05	1.0818e+05	0.39045	0.15924	17.497	0.0024662	15.752
365.23	5.2817	1.1565	19.539	67.587	158.94	-20.85	74762	0	4.2033e+06	0	19.471	1458.8	5.8989e+05	0	0	0	0	0	2.6192e+05	1.0681e+05	0.38948	0.15882	17.596	0.0024416	15.711
367.93	5.3345	1.0636	19.594	67.865	159.07	-20.807	72180	0	4.2033e+06	0	19.747	1431.3	5.9636e+05	0	0	0	0	0	2.5349e+05	1.0306e+05	0.38416	0.15619	17.803	0.0023431	15.534
371.3	5.4017	0.95088	19.662	68.183	159.23	-20.753	68951	0	4.2033e+06	0	20.178	1403.4	6.0586e+05	0	0	0	0	0	2.3518e+05	82278	0.36351	0.12718	18.063	0.0021588	15.277
374.45	5.4657	0.84912	19.726	68.452	159.39	-20.701	65943	0	4.2033e+06	0	20.532	1383.4	6.1621e+05	0	0	0	0	0	2.2497e+05	75404	0.35277	0.11824	18.308	0.0019308	15.049
376.52	5.5084	0.78449	19.768	68.614	159.49	-20.667	63960	0	4.2033e+06	0	20.755	1373.2	6.2382e+05	0	0	0	0	0	2.2112e+05	74044	0.3493	0.11697	18.47	0.0018229	14.952
377.04	5.5192	0.76852	19.779	68.653	159.51	-20.659	63460	0	4.2033e+06	0	20.811	1371	6.2584e+05	0	0	0	0	0	2.2048e+05	73848	0.34884	0.11684	18.511	0.0018129	14.939
378.34	5.5462	0.72965	19.805	68.746	159.58	-20.637	62225	0	4.2033e+06	0	20.951	1366.2	6.31e+05	0	0	0	0	0	2.1882e+05	73322	0.34743	0.11642	18.612	0.0018131	14.899
381.04	5.603	0.651	19.861	68.928	159.71	-20.592	59642	0	4.2033e+06	0	21.252	1358.9	6.4262e+05	0	0	0	0	0	2.1395e+05	71538	0.34153	0.1142	18.824	0.0018118	14.731
384.41	5.6753	0.55755	19.931	69.128	159.88	-20.534	56414	0	4.2033e+06	0	21.638	1354.9	6.5876e+05	0	0	0	0	0	2.0806e+05	69306	0.3331	0.11096	19.092	0.0017666	14.491
387.56	5.7439	0.47546	19.997	69.29	160.04	-20.479	53406	0	4.2033e+06	0	22.007	1356.1	6.7548e+05	0	0	0	0	0	2.0372e+05	67669	0.32586	0.10824	19.342	0.0016727	14.285
389.63	5.7897	0.42412	20.041	69.384	160.15	-20.443	51422	0	4.2033e+06	0	22.253	1359.5	6.8742e+05	0	0	0	0	0	2.0233e+05	67210	0.32283	0.10724	19.508	0.0016241	14.199
390.15	5.8013	0.41157	20.052	69.406	160.18	-20.434	50923	0	4.2033e+06	0	22.315	1360.7	6.9055e+05	0	0	0	0	0	2.0223e+05	67207	0.3224	0.10714	19.55	0.001622	14.188
391.98	5.8423	0.36874	20.09	69.478	160.27	-20.401	49171	0	4.2033e+06	0	22.537	1365.7	7.0189e+05	0	0	0	0	0	2.014e+05	66950	0.31989	0.10634	19.697	0.0016528	14.117
395.61	5.9248	0.2892	20.167	69.601	160.46	-20.336	45703	0	4.2033e+06	0	22.992	1380.1	7.2614e+05	0	0	0	0	0	1.979e+05	65627	0.31104	0.10315	19.991	0.0017427	13.86
399.63	6.0181	0.20916	20.254	69.705	160.68	-20.262	41857	0	4.2033e+06	0	23.511	1402.8	7.5594e+05	0	0	0	0	0	1.9555e+05	64810	0.30238	0.10022	20.319	0.0017519	13.603
402.51	6.0863	0.15743	20.316	69.76	160.83	-20.208	39102	0	4.2033e+06	0	23.892	1423.4	7.7924e+05	0	0	0	0	0	1.9571e+05	64962	0.29826	0.099001	20.557	0.0017282	13.482
403.26	6.1042	0.14479	20.332	69.772	160.87	-20.194	38386	0	4.2033e+06	0	23.992	1429.3	7.8557e+05	0	0	0	0	0	1.9621e+05	65190	0.29778	0.098939	20.619	0.0017326	13.469
406.04	6.1714	0.10079	20.393	69.809	161.02	-20.141	35724	0	4.2033e+06	0	24.373	1453.3	8.1013e+05	0	0	0	0	0	1.9709e+05	65611	0.29419	0.097932	20.851	0.0018627	13.364
411	6.2938	0.033844	20.502	69.844	161.3	-20.045	30982	0	4.2033e+06	0	25.08	1503.8	8.5794e+05	0	0	0	0	0	1.9831e+05	66144	0.28605	0.095412	21.269	0.0021943	13.125
415.21	6.4005	-0.010945	20.595	69.849	161.53	-19.962	26960	0	4.2033e+06	0	25.7	1554.1	9.0274e+05	0	0	0	0	0	2.0356e+05	68348	0.28413	0.0954	21.63	0.0023778	13.071
416.37	6.4304	-0.021169	20.621	69.847	161.6	-19.939	25849	0	4.2033e+06	0	25.876	1569.1	9.158e+05	0	0	0	0	0	2.0543e+05	69129	0.28399	0.095566	21.731	0.0024408	13.069
416.37	6.4304	-0.021169	20.621	69.847	161.6	-19.939	25849	0	0	0	1.3425	1569.1	9.158e+05	0	0	0	0	0	2.0543e+05	69129	0.28399	0.095566	21.731	0.0024408	13.069
423.81	6.4274	-0.089446	20.787	69.801	162.02	-19.788	25849	0	0	0	1.4115	1578.1	9.1754e+05	0	0	0	0	0	2.1619e+05	73576	0.29716	0.10114	21.715	0.0023516	13.464
440.88	6.4189	-0.20936	21.16	69.503	162.99	-19.439	25849	0	0	0	1.9058	1642.7	9.3363e+05	0	0	0	0	0	2.8991e+05	1.063e+05	0.38281	0.14037	21.645	-0.0096051	15.945
466.53	6.3998	-0.26452	21.706	68.796	164.43	-18.905	25849	0	0	0	2.5329	1806.3	9.7303e+05	0	0	0	0	0	3.8173e+05	1.4971e+05	0.45841	0.17978	21.483	-0.073177	18.058
499.28	6.3698	-0.23592	22.372	67.863	166.25	-18.206	25849	0	0	0	2.817	2041.4	1.0245e+06	0	0	0	0	0	4.244e+05	1.6482e+05	0.45097	0.17514	21.257	-0.22443	17.853
537.22	6.3318	-0.14747	23.101	67.046	168.33	-17.378	25849	0	0	0	3.02	2260.8	1.065e+06	0	0	0	0	0	4.5486e+05	1.7388e+05	0.43642	0.16684	21.023	-0.39659	17.452
578.14	6.2906	-0.067602	23.837	66.582	170.53	-16.462	25849	0	0	0	2.9251	2379.7	1.0781e+06	0	0	0	0	0	4.4181e+05	1.6312e+05	0.40272	0.14869	20.826	-0.46985	16.506
619.66	6.25	-0.033501	24.533	66.362	172.73	-15.513	25849	0	0	0	2.9679	2421.4	1.0732e+06	0	0	0	0	0	4.4818e+05	1.6484e+05	0.40149	0.14767	20.664	-0.43541	16.469
659.38	6.2109	-0.024728	25.153	66.249	174.8	-14.587	25849	0	0	0	2.9128	2428.8	1.0611e+06	0	0	0	0	0	4.4036e+05	1.6022e+05	0.3933	0.14309	20.521	-0.33269	16.232
694.98	6.1768	-0.053353	25.671	66.109	176.63	-13.745	25849	0	0	0	2.9287	2448.8	1.0535e+06	0	0	0	0	0	4.4317e+05	1.6077e+05	0.39257	0.14241	20.39	-0.18912	16.21
724.4	6.1496	-0.10735	26.074	65.868	178.12	-13.041	25849	0	0	0	2.7087	2509	1.0568e+06	0	0	0	0	0	4.1222e+05	1.4371e+05	0.3564	0.12425	20.271	-0.071015	15.174
745.92	6.1324	-0.19524	26.354	65.527	179.2	-12.521	25849	0	0	0	2.6725	2614	1.0725e+06	0	0	0	0	0	4.0821e+05	1.3964e+05	0.33875	0.11588	20.172	-0.031637	14.666
758.31	6.1217	-0.22763	26.509	65.239	179.82	-12.22	25849	0	0	0	3.0059	2708.8	1.0878e+06	0	0	0	0	0	4.5777e+05	1.609e+05	0.36658	0.12885	20.101	-0.029255	15.463
761.25	6.1189	-0.23047	26.546	65.169	179.97	-12.149	25849	0	0	0	3.0845	2732.4	1.0915e+06	0	0	0	0	0	4.6938e+05	1.6597e+05	0.37263	0.13176	20.084	-0.029966	15.636
769.97	6.1101	-0.22782	26.652	64.954	180.4	-11.936	25849	0	0	0	3.3244	2805.1	1.1027e+06	0	0	0	0	0	5.0469e+05	1.8153e+05	0.39028	0.14037	20.029	-0.032249	16.14
789.89	6.0872	-0.1699	26.886	64.526	181.39	-11.449	25849	0	0	0	3.6373	2950	1.1221e+06	0	0	0	0	0	5.5058e+05	2.0072e+05	0.40486	0.1476	19.902	-0.045538	16.556
819.6	6.0533	-0.099229	27.214	64.121	182.85	-10.719	25849	0	0	0	3.4069	3080.2	1.1336e+06	0	0	0	0	0	5.1782e+05	1.805e+05	0.36467	0.12712	19.743	-0.070999	15.405
857.06	6.0136	-0.081324	27.593	63.773	184.66	-9.7926	25849	0	0	0	3.4332	3184.7	1.1372e+06	0	0	0	0	0	5.2237e+05	1.7976e+05	0.3558	0.12244	19.573	-0.11076	15.149
899.72	5.967	-0.060171	27.978	63.458	186.7	-8.7316	25849	0	0	0	3.5001	3270.4	1.1342e+06	0	0	0	0	0	5.3268e+05	1.8217e+05	0.35332	0.12083	19.385	-0.10688	15.077
944.68	5.9174	-0.05649	28.332	63.193	188.82	-7.609	25849	0	0	0	3.5916	3331.2	1.1253e+06	0	0	0	0	0	5.4656e+05	1.8684e+05	0.35591	0.12166	19.194	0.00046826	15.148
988.87	5.8672	-0.055078	28.634	62.939	190.87	-6.5031	25849	0	0	0	3.6601	3387	1.115e+06	0	0	0	0	0	5.5707e+05	1.8997e+05	0.35677	0.12166	19.002	0.19089	15.171
1029.3	5.8203	-0.061118	28.871	62.701	192.73	-5.4915	25849	0	0	0	3.794	3439.3	1.1052e+06	0	0	0	0	0	5.7714e+05	1.978e+05	0.36401	0.12476	18.824	0.4124	15.376
1063.2	5.7803	-0.073204	29.043	62.482	194.26	-4.6443	25849	0	0	0	3.667	3491.8	1.098e+06	0	0	0	0	0	5.5918e+05	1.8757e+05	0.34738	0.11652	18.671	0.56337	14.898
1088.2	5.7542	-0.16306	29.153	62.208	195.39	-4.019	25849	0	0	0	3.3696	3586.9	1.1026e+06	0	0	0	0	0	5.167e+05	1.6621e+05	0.31248	0.10052	18.557	0.60173	13.885
1102.7	5.7397	-0.22329	29.209	61.918	196.04	-3.6574	25849	0	0	0	3.6674	3706.7	1.1151e+06	0	0	0	0	0	5.617e+05	1.8387e+05	0.32871	0.1076	18.478	0.58635	14.357
1106.1	5.7359	-0.22903	29.222	61.842	196.19	-3.5712	25849	0	0	0	3.8106	3738.9	1.1184e+06	0	0	0	0	0	5.8298e+05	1.9286e+05	0.33822	0.11189	18.458	0.58493	14.632
1113.6	5.7271	-0.22921	29.249	61.67	196.53	-3.3858	25849	0	0	0	4.0923	3811.9	1.1257e+06	0	0	0	0	0	6.2474e+05	2.1048e+05	0.35551	0.11977	18.411	0.59422	15.129
1130.6	5.7041	-0.1707	29.307	61.323	197.29	-2.9608	25849	0	0	0	4.4829	3956.1	1.1374e+06	0	0	0	0	0	6.8232e+05	2.3422e+05	0.37413	0.12843	18.3	0.66743	15.658
1156.3	5.6698	-0.094741	29.383	61.003	198.42	-2.3239	25849	0	0	0	4.1786	4073.7	1.14e+06	0	0	0	0	0	6.3818e+05	2.1026e+05	0.33982	0.11196	18.157	0.80072	14.674
1189	5.6279	-0.098876	29.46	60.704	199.86	-1.5144	25849	0	0	0	4.1537	4171.6	1.1362e+06	0	0	0	0	0	6.2903e+05	2.2531e+05	0.32709	0.11716	17.992	0.93953	14.099
1227	5.5727	-0.10205	29.523	60.324	201.5	-0.58248	25849	0	0	0	4.3413	4295.1	1.1298e+06	0	0	0	0	0	6.516e+05	2.5149e+05	0.32908	0.12702	17.776	1.0573	13.999
1267.9	5.5097	-0.10287	29.56	59.921	203.26	0.4136	25849	0	0	0	4.4746	4420.5	1.1198e+06	0	0	0	0	0	6.7173e+05	2.5864e+05	0.32963	0.12692	17.535	1.1609	14.04
1309.4	5.4438	-0.097366	29.565	59.52	205.02	1.4134	25849	0	0	0	4.5966	4541.4	1.1074e+06	0	0	0	0	0	6.9018e+05	2.6494e+05	0.32966	0.12655	17.286	1.2794	14.067
1349.1	5.3795	-0.10229	29.541	59.152	206.69	2.3581	25849	0	0	0	4.7107	4647	1.0932e+06	0	0	0	0	0	7.0748e+05	2.7097e+05	0.33025	0.12649	17.046	1.4326	14.11
1384.7	5.3205	-0.10565	29.499	58.805	208.17	3.1944	25849	0	0	0	4.7835	4749.4	1.0805e+06	0	0	0	0	0	7.1885e+05	2.7396e+05	0.32832	0.12513	16.826	1.5604	14.079
1414.2	5.2734	-0.16317	29.447	58.468	209.38	3.8775	25849	0	0	0	4.4969	4867.7	1.0741e+06	0	0	0	0	0	6.7884e+05	2.5113e+05	0.30251	0.11191	16.646	1.577	13.318
1435.7	5.243	-0.29402	29.396	58.025	210.26	4.373	25849	0	0	0	4.2173	5086	1.085e+06	0	0	0	0	0	6.4011e+05	2.2961e+05	0.27301	0.097929	16.509	1.5309	12.407
1448.1	5.2255	-0.36532	29.362	57.649	210.77	4.6564	25849	0	0	0	4.7748	5294.6	1.0994e+06	0	0	0	0	0	7.2319e+05	2.6464e+05	0.29629	0.10842	16.419	1.483	13.149
1451	5.2207	-0.36617	29.354	57.55	210.89	4.7236	25849	0	0	0	4.9147	5350.8	1.1032e+06	0	0	0	0	0	7.4375e+05	2.7376e+05	0.30151	0.11098	16.395	1.4823	13.312
1459.7	5.206	-0.35805	29.33	57.26	211.24	4.922	25849	0	0	0	5.2889	5515.6	1.1136e+06	0	0	0	0	0	7.9877e+05	2.9785e+05	0.31414	0.11714	16.323	1.5245	13.706
1479.7	5.1686	-0.25366	29.274	56.7	212.05	5.3729	25849	0	0	0	5.6905	5825.8	1.1276e+06	0	0	0	0	0	8.5784e+05	3.2089e+05	0.31941	0.11948	16.155	1.7505	13.886
1509.4	5.1139	-0.1415	29.188	56.204	213.24	6.0377	25849	0	0	0	5.3103	6061.7	1.1255e+06	0	0	0	0	0	8.0352e+05	2.8878e+05	0.28754	0.10334	15.941	2.0983	12.92
1546.8	5.0494	-0.12867	29.065	55.768	214.73	6.8637	25849	0	0	0	5.3362	6233.2	1.112e+06	0	0	0	0	0	8.0824e+05	2.8747e+05	0.28128	0.10004	15.703	2.3346	12.738
1589.5	4.9745	-0.11722	28.908	55.309	216.41	7.7876	25849	0	0	0	5.4205	6396.3	1.0924e+06	0	0	0	0	0	8.2159e+05	2.8987e+05	0.27863	0.098305	15.431	2.501	12.675
1634.5	4.8949	-0.12861	28.723	54.838	218.16	8.7411	25849	0	0	0	5.5773	6556.3	1.07e+06	0	0	0	0	0	8.4576e+05	2.9709e+05	0.27982	0.098293	15.146	2.6935	12.739
1678.6	4.8147	-0.12968	28.524	54.351	219.87	9.6575	25849	0	0	0	5.6814	6726	1.0477e+06	0	0	0	0	0	8.622e+05	3.0054e+05	0.27807	0.096929	14.859	2.8899	12.706
1719	4.7401	-0.13548	28.33	53.904	221.4	10.477	25849	0	0	0	5.8824	6878.1	1.0261e+06	0	0	0	0	0	8.9276e+05	3.1082e+05	0.28156	0.098027	14.594	2.9788	12.846
1752.9	4.6772	-0.15527	28.151	53.52	222.68	11.15	25849	0	0	0	5.6196	7010.1	1.0079e+06	0	0	0	0	0	8.5545e+05	2.9014e+05	0.26471	0.08978	14.371	2.8326	12.302
1778	4.6372	-0.34689	27.997	53.051	223.61	11.639	25849	0	0	0	5.0579	7286	1.0096e+06	0	0	0	0	0	7.7524e+05	2.5047e+05	0.23081	0.07457	14.212	2.6195	11.147
1792.4	4.6152	-0.47227	27.901	52.556	224.15	11.92	25849	0	0	0	5.6569	7651	1.0245e+06	0	0	0	0	0	8.662e+05	2.8456e+05	0.24558	0.080678	14.108	2.4888	11.668
1795.9	4.6092	-0.4792	27.878	52.426	224.28	11.986	25849	0	0	0	5.9195	7748.8	1.0283e+06	0	0	0	0	0	9.0548e+05	3.001e+05	0.25348	0.084009	14.08	2.4803	11.945
1802.3	4.5975	-0.47567	27.837	52.178	224.52	12.109	25849	0	0	0	6.2774	7937.2	1.0354e+06	0	0	0	0	0	9.5886e+05	3.2141e+05	0.26205	0.087841	14.026	2.5075	12.24
1817.1	4.5672	-0.37077	27.746	51.669	225.07	12.391	25849	0	0	0	6.9083	8313.9	1.0454e+06	0	0	0	0	0	1.0525e+06	3.5757e+05	0.27461	0.093295	13.897	2.7043	12.649
1839.5	4.521	-0.20673	27.616	51.174	225.89	12.812	25849	0	0	0	6.5097	8629.4	1.0431e+06	0	0	0	0	0	9.947e+05	3.2424e+05	0.25004	0.081504	13.721	3.1206	11.787
1868.3	4.4668	-0.15996	27.45	50.781	226.94	13.346	25849	0	0	0	6.3006	8836.7	1.0298e+06	0	0	0	0	0	9.6462e+05	3.0687e+05	0.23679	0.07533	13.544	3.5448	11.298
1902.1	4.4039	-0.14565	27.264	50.38	228.17	13.961	25849	0	0	0	6.3588	9035.3	1.0114e+06	0	0	0	0	0	9.7438e+05	3.0643e+05	0.23393	0.073568	13.353	3.9037	11.17
1939.2	4.3349	-0.14723	27.068	49.971	229.49	14.622	25849	0	0	0	6.4634	9218.8	9.8911e+05	0	0	0	0	0	9.9116e+05	3.0885e+05	0.23322	0.072674	13.144	4.256	11.114
1977.8	4.2623	-0.14096	26.876	49.548	230.86	15.293	25849	0	0	0	6.5783	9401.2	9.6482e+05	0	0	0	0	0	1.0095e+06	3.1173e+05	0.23292	0.071927	12.924	4.6082	11.07
2015.9	4.1899	-0.1362	26.698	49.164	232.19	15.94	25849	0	0	0	6.691	9535.8	9.3819e+05	0	0	0	0	0	1.0273e+06	3.1491e+05	0.23369	0.071635	12.704	4.769	11.064
2051.6	4.1218	-0.14589	26.527	48.8	233.42	16.534	25849	0	0	0	6.7169	9662	9.1318e+05	0	0	0	0	0	1.0322e+06	3.1308e+05	0.23175	0.070289	12.498	4.6838	10.965
2083.1	4.0618	-0.16632	26.363	48.453	234.5	17.046	25849	0	0	0	6.8144	9803.2	8.9257e+05	0	0	0	0	0	1.0479e+06	3.1574e+05	0.23188	0.069865	12.316	4.367	10.942
2108.9	4.0144	-0.25001	26.207	48.098	235.37	17.457	25849	0	0	0	6.3045	10014	8.8067e+05	0	0	0	0	0	9.7261e+05	2.8413e+05	0.21069	0.06155	12.172	3.9391	10.16
2127.5	3.985	-0.48072	26.069	47.64	236	17.751	25849	0	0	0	5.9138	10454	8.8636e+05	0	0	0	0	0	9.1575e+05	2.61e+05	0.19001	0.054156	12.083	3.6528	9.3777
2138.2	3.9676	-0.57946	25.989	47.234	236.36	17.918	25849	0	0	0	6.8684	10909	8.9736e+05	0	0	0	0	0	1.062e+06	3.087e+05	0.21118	0.061385	12.03	3.5362	10.156
2140.8	3.9629	-0.57466	25.971	47.134	236.44	17.957	25849	0	0	0	7.098	11021	8.9977e+05	0	0	0	0	0	1.0968e+06	3.2064e+05	0.21588	0.063108	12.016	3.5333	10.323
2147.2	3.9504	-0.54473	25.928	46.884	236.66	18.056	25849	0	0	0	7.5428	11317	9.0588e+05	0	0	0	0	0	1.1643e+06	3.4309e+05	0.22318	0.065763	11.986	3.5857	10.58
2162	3.919	-0.36853	25.84	46.415	237.15	18.283	25849	0	0	0	7.9799	11876	9.129e+05	0	0	0	0	0	1.2304e+06	3.6229e+05	0.22473	0.066173	11.919	3.9188	10.625
2184.3	3.8727	-0.18067	25.723	46.024	237.89	18.621	25849	0	0	0	7.3523	12240	9.0451e+05	0	0	0	0	0	1.1354e+06	3.2353e+05	0.20121	0.057338	11.802	4.5765	9.7544
2213.2	3.8174	-0.13891	25.597	45.728	238.83	19.049	25849	0	0	0	7.2708	12389	8.8356e+05	0	0	0	0	0	1.1233e+06	3.1682e+05	0.19669	0.055473	11.652	5.2924	9.5613
2247	3.7523	-0.11435	25.489	45.45	239.92	19.542	25849	0	0	0	7.2603	12441	8.5473e+05	0	0	0	0	0	1.1222e+06	3.1389e+05	0.19567	0.05473	11.47	5.9033	9.495
2284.1	3.6817	-0.1493	25.407	45.143	241.1	20.072	25849	0	0	0	7.3247	12499	8.2401e+05	0	0	0	0	0	1.1329e+06	3.147e+05	0.19661	0.054615	11.272	6.3313	9.4997
2322.7	3.6078	-0.17709	25.353	44.734	242.31	20.61	25849	0	0	0	7.4318	12708	7.97e+05	0	0	0	0	0	1.1503e+06	3.1686e+05	0.19636	0.054089	11.07	6.5318	9.4589
2360.8	3.534	-0.17679	25.321	44.308	243.49	21.13	25849	0	0	0	7.641	12943	7.7101e+05	0	0	0	0	0	1.1831e+06	3.2394e+05	0.19828	0.054292	10.868	6.4764	9.4997
2396.5	3.4639	-0.14575	25.289	43.955	244.57	21.606	25849	0	0	0	7.6574	13068	7.4351e+05	0	0	0	0	0	1.1862e+06	3.2173e+05	0.1969	0.053406	10.672	6.1332	9.4176
2428	3.4022	-0.1471	25.235	43.684	245.51	22.019	25849	0	0	0	7.7489	13098	7.1745e+05	0	0	0	0	0	1.2007e+06	3.2411e+05	0.19886	0.053679	10.498	5.5361	9.4639
2453.7	3.3529	-0.20808	25.153	43.435	246.27	22.35	25849	0	0	0	7.2406	13178	6.9842e+05	0	0	0	0	0	1.1241e+06	2.9691e+05	0.18503	0.048874	10.359	4.8477	8.921
2472.4	3.322	-0.49178	25.052	43.081	246.82	22.586	25849	0	0	0	6.6602	13604	6.9631e+05	0	0	0	0	0	1.0371e+06	2.6906e+05	0.16536	0.042902	10.284	4.3719	8.1356
2483.1	3.3043	-0.62581	24.99	42.72	247.13	22.72	25849	0	0	0	7.7283	14170	7.0288e+05	0	0	0	0	0	1.2026e+06	3.1607e+05	0.1841	0.048384	10.249	4.1959	8.8665
2485.7	3.2994	-0.61727	24.978	42.631	247.2	22.752	25849	0	0	0	8.0293	14309	7.042e+05	0	0	0	0	0	1.2489e+06	3.2964e+05	0.18932	0.049971	10.238	4.1868	9.0668
2492.1	3.2866	-0.5707	24.949	42.41	247.39	22.831	25849	0	0	0	8.4577	14655	7.0701e+05	0	0	0	0	0	1.3145e+06	3.4891e+05	0.19457	0.051644	10.211	4.2296	9.2589
2506.9	3.2554	-0.36902	24.898	42.012	247.81	23.013	25849	0	0	0	8.6664	15224	7.0662e+05	0	0	0	0	0	1.3461e+06	3.5493e+05	0.1918	0.050571	10.136	4.5217	9.1436
2529.2	3.2096	-0.19262	24.835	41.68	248.45	23.285	25849	0	0	0	8.1179	15524	6.9314e+05	0	0	0	0	0	1.2614e+06	3.2647e+05	0.17626	0.045619	10.011	4.9555	8.5199
2558	3.1527	-0.1161	24.772	41.433	249.26	23.628	25849	0	0	0	8.2119	15525	6.6819e+05	0	0	0	0	0	1.276e+06	3.2831e+05	0.17829	0.045873	9.8473	5.0584	8.5173
2591.9	3.0847	-0.0010295	24.673	41.33	250.2	24.022	25849	0	0	0	8.1789	15086	6.2989e+05	0	0	0	0	0	1.2706e+06	3.2501e+05	0.1827	0.046733	9.6404	3.9097	8.5801
2629	3.0113	-0.0032696	24.36	41.355	251.21	24.442	25849	0	0	0	8.0217	14324	5.8423e+05	0	0	0	0	0	1.2466e+06	3.1712e+05	0.18877	0.048023	9.4097	0.80896	8.6915
2667.6	2.9378	-0.18492	23.662	41.194	252.24	24.86	25849	0	0	0	7.8554	13956	5.4818e+05	0	0	0	0	0	1.2225e+06	3.0835e+05	0.19002	0.047927	9.1881	-3.3808	8.6251
2705.7	2.8656	-0.33331	22.561	40.649	253.24	25.248	25849	0	0	0	8.3923	14375	5.2866e+05	0	0	0	0	0	1.3071e+06	3.2867e+05	0.19724	0.049598	8.9892	-6.5523	8.7897
2741.4	2.7933	-0.17148	21.27	40.18	254.17	25.586	25849	0	0	0	8.6362	14631	5.0614e+05	0	0	0	0	0	1.3445e+06	3.3577e+05	0.19933	0.04978	8.7853	-7.5466	8.7627
2772.9	2.7304	-0.15291	20.094	39.97	254.97	25.86	25849	0	0	0	8.3431	14419	4.7954e+05	0	0	0	0	0	1.2996e+06	3.2119e+05	0.1955	0.048319	8.5975	-7.263	8.5354
2798.6	2.6816	-0.30526	19.185	39.708	255.63	26.069	25849	0	0	0	7.8947	14455	4.6272e+05	0	0	0	0	0	1.2317e+06	3.0005e+05	0.18484	0.045027	8.4562	-6.5172	8.0954
2817.3	2.6506	-0.70517	18.585	39.299	256.1	26.214	25849	0	0	0	7.1415	15006	4.6034e+05	0	0	0	0	0	1.1172e+06	2.7056e+05	0.1615	0.039111	8.3778	-5.9732	7.2241
2828	2.6335	-0.93318	18.251	38.88	256.36	26.293	25849	0	0	0	8.2875	15764	4.6559e+05	0	0	0	0	0	1.2969e+06	3.1403e+05	0.17847	0.043213	8.3432	-5.8035	7.8193
2830.6	2.6287	-0.92443	18.165	38.773	256.43	26.312	25849	0	0	0	8.7161	15960	4.6675e+05	0	0	0	0	0	1.3635e+06	3.3063e+05	0.18533	0.044938	8.3332	-5.8047	8.0589
2837	2.6162	-0.85935	17.943	38.509	256.59	26.359	25849	0	0	0	9.2341	16444	4.6915e+05	0	0	0	0	0	1.4436e+06	3.5118e+05	0.19043	0.046326	8.3058	-5.8986	8.224
2851.8	2.5855	-0.59037	17.402	38.022	256.95	26.463	25849	0	0	0	9.3745	17279	4.6944e+05	0	0	0	0	0	1.4645e+06	3.5347e+05	0.18385	0.044374	8.2313	-6.3802	7.963
2874.1	2.5403	-0.36657	16.549	37.567	257.5	26.613	25849	0	0	0	8.8257	17867	4.6039e+05	0	0	0	0	0	1.378e+06	3.3114e+05	0.1673	0.040203	8.1083	-7.0217	7.3275
2902.9	2.4834	-0.27932	15.421	37.162	258.19	26.791	25849	0	0	0	8.8505	18158	4.4306e+05	0	0	0	0	0	1.3817e+06	3.3041e+05	0.16507	0.039472	7.9452	-7.0465	7.1879
2936.7	2.416	-0.16577	14.144	36.841	259	26.98	25849	0	0	0	8.8427	18046	4.1746e+05	0	0	0	0	0	1.3802e+06	3.2815e+05	0.16591	0.039445	7.7438	-5.7348	7.1435
2973.9	2.3419	-0.08415	13.007	36.655	259.86	27.165	25849	0	0	0	8.8365	17444	3.8506e+05	0	0	0	0	0	1.3792e+06	3.2588e+05	0.17151	0.040524	7.5145	-2.9733	7.2513
3012.5	2.2662	-0.1343	12.227	36.515	260.73	27.338	25849	0	0	0	8.6222	16689	3.5209e+05	0	0	0	0	0	1.3465e+06	3.1613e+05	0.17502	0.04109	7.2774	-0.27051	7.2835
3050.5	2.1933	-0.30801	11.748	36.179	261.57	27.496	25849	0	0	0	8.7898	16459	3.2701e+05	0	0	0	0	0	1.3741e+06	3.2076e+05	0.18109	0.042273	7.0573	0.89072	7.4041
3086.2	2.1241	-0.31127	11.38	35.749	262.33	27.634	25849	0	0	0	8.9221	16496	3.0654e+05	0	0	0	0	0	1.3951e+06	3.2393e+05	0.18346	0.042597	6.8517	0.91019	7.4072
3117.8	2.063	-0.32541	11.042	35.387	262.98	27.748	25849	0	0	0	8.9881	16458	2.8839e+05	0	0	0	0	0	1.4058e+06	3.2489e+05	0.18529	0.042821	6.6686	0.57795	7.4011
3143.5	2.0136	-0.39401	10.738	35.076	263.51	27.837	25849	0	0	0	8.5505	16457	2.7443e+05	0	0	0	0	0	1.3382e+06	3.0802e+05	0.17638	0.0406	6.5211	0.36863	7.0695
3162.2	1.9821	-0.92759	10.509	34.682	263.88	27.899	25849	0	0	0	7.5527	16957	2.6969e+05	0	0	0	0	0	1.184e+06	2.7904e+05	0.15146	0.035696	6.4339	0.30242	6.2471
3172.9	1.9649	-1.261	10.376	34.264	264.09	27.933	25849	0	0	0	8.8249	17794	2.7139e+05	0	0	0	0	0	1.3855e+06	3.1998e+05	0.1689	0.039007	6.3941	0.313	6.7911
3175.4	1.9603	-1.2429	10.346	34.156	264.14	27.941	25849	0	0	0	9.351	18013	2.7173e+05	0	0	0	0	0	1.468e+06	3.3676e+05	0.17678	0.040553	6.383	0.31845	7.0376
3181.9	1.9477	-1.1197	10.269	33.895	264.26	27.961	25849	0	0	0	9.9676	18532	2.7202e+05	0	0	0	0	0	1.5637e+06	3.5849e+05	0.18303	0.041961	6.3521	0.33992	7.2221
3196.6	1.917	-0.67675	10.101	33.45	264.55	28.006	25849	0	0	0	9.9587	19262	2.6841e+05	0	0	0	0	0	1.56e+06	3.5721e+05	0.17568	0.040228	6.2685	0.4409	6.9666
3219	1.8715	-0.40331	9.8649	33.08	264.97	28.072	25849	0	0	0	9.194	19472	2.5691e+05	0	0	0	0	0	1.438e+06	3.3412e+05	0.1602	0.037221	6.1334	0.68704	6.4399
3247.8	1.8142	-0.37497	9.6132	32.723	265.5	28.152	25849	0	0	0	9.2458	19374	2.4043e+05	0	0	0	0	0	1.4462e+06	3.3491e+05	0.16192	0.037499	5.9585	1.088	6.4209
3281.6	1.7463	-0.29805	9.4054	32.365	266.1	28.241	25849	0	0	0	9.2525	19011	2.2025e+05	0	0	0	0	0	1.4469e+06	3.3447e+05	0.1651	0.038164	5.748	1.5308	6.3452
3318.8	1.6719	-0.3151	9.2757	32.047	266.74	28.333	25849	0	0	0	9.1995	18343	1.9787e+05	0	0	0	0	0	1.439e+06	3.3143e+05	0.17017	0.039194	5.5139	1.8681	6.3124
3357.3	1.596	-0.47328	9.2172	31.608	267.37	28.424	25849	0	0	0	9.2223	17890	1.7766e+05	0	0	0	0	0	1.4437e+06	3.3147e+05	0.17505	0.040191	5.2695	2.0217	6.2713
3395.4	1.5201	-0.42231	9.2117	31.131	267.97	28.509	25849	0	0	0	9.4394	17468	1.5888e+05	0	0	0	0	0	1.4777e+06	3.3711e+05	0.18351	0.041862	5.0243	1.9628	6.3206
3431.1	1.4505	-0.65276	9.1946	30.679	268.5	28.585	25849	0	0	0	9.0019	17056	1.4261e+05	0	0	0	0	0	1.4103e+06	3.2362e+05	0.17936	0.041158	4.799	1.7018	6.0888
3462.6	1.3905	-0.85721	9.1424	30.046	268.95	28.648	25849	0	0	0	9.6582	17288	1.3165e+05	0	0	0	0	0	1.5145e+06	3.4451e+05	0.19003	0.043227	4.6067	1.3707	6.2201
3488.4	1.3394	-0.73355	9.0688	29.587	269.31	28.698	25849	0	0	0	8.9386	17227	1.2171e+05	0	0	0	0	0	1.3998e+06	3.2653e+05	0.17626	0.041116	4.4419	1.0546	5.8281
3507.1	1.3076	-1.8655	8.9678	29.084	269.56	28.733	25849	0	0	0	7.3937	17753	1.1762e+05	0	0	0	0	0	1.1588e+06	3.0055e+05	0.14159	0.036724	4.3412	0.87469	5.0118
3517.8	1.2911	-2.6614	8.9037	28.518	269.7	28.752	25849	0	0	0	8.5483	18907	1.1826e+05	0	0	0	0	0	1.3448e+06	3.355e+05	0.15429	0.038493	4.292	0.82048	5.2736
3520.3	1.2869	-2.7213	8.8896	28.367	269.73	28.757	25849	0	0	0	9.3803	19233	1.1848e+05	0	0	0	0	0	1.477e+06	3.558e+05	0.16658	0.040129	4.2794	0.81885	5.5375
3524.2	1.2799	-2.6811	8.8707	28.13	269.78	28.764	25849	0	0	0	10.07	19743	1.1872e+05	0	0	0	0	0	1.5856e+06	3.747e+05	0.17422	0.041169	4.2585	0.8215	5.6951
3533.3	1.2616	-2.1155	8.8355	27.642	269.89	28.78	25849	0	0	0	11.314	20706	1.1803e+05	0	0	0	0	0	1.779e+06	4.0909e+05	0.18638	0.042858	4.202	0.84343	5.9319
3547.1	1.2306	-1.2244	8.7896	27.153	270.07	28.803	25849	0	0	0	10.328	21274	1.137e+05	0	0	0	0	0	1.6157e+06	3.9446e+05	0.16474	0.040221	4.1034	0.89709	5.4248
3565.4	1.1904	-1.0293	8.7306	26.741	270.29	28.833	25849	0	0	0	9.5546	21235	1.0611e+05	0	0	0	0	0	1.4894e+06	3.8541e+05	0.15215	0.039371	3.9728	0.97611	5.0907
3587.6	1.1396	-1.1079	8.6793	26.257	270.55	28.868	25849	0	0	0	9.5737	21005	96516	0	0	0	0	0	1.4853e+06	4.1691e+05	0.15339	0.043055	3.8076	1.0576	4.9275
3613	1.0766	-1.3217	8.6495	25.675	270.84	28.906	25849	0	0	0	9.5025	20551	84960	0	0	0	0	0	1.4658e+06	4.5127e+05	0.15472	0.047632	3.6017	1.1059	4.7241
3640.8	1.0033	-1.8622	8.6413	24.883	271.13	28.945	25849	0	0	0	9.3998	20235	72951	0	0	0	0	0	1.4417e+06	4.9006e+05	0.15455	0.052535	3.3624	1.0975	4.4699
3670.1	0.92085	-2.6317	8.6501	23.786	271.42	28.983	25849	0	0	0	9.4801	20298	61292	0	0	0	0	0	1.4459e+06	5.4074e+05	0.15452	0.057787	3.0939	1.0201	4.2098
3700.2	0.83037	-3.5083	8.6649	22.377	271.68	29.019	25849	0	0	0	9.5883	20678	50043	0	0	0	0	0	1.4519e+06	6.0159e+05	0.15231	0.063111	2.7988	0.87702	3.9051
3730	0.73299	-4.3137	8.6691	20.79	271.92	29.05	25849	0	0	0	9.8133	20809	38874	0	0	0	0	0	1.4751e+06	6.6567e+05	0.15377	0.069393	2.4796	0.68892	3.6718
3758.6	0.63325	-5.0713	8.6465	19.185	272.12	29.077	25849	0	0	0	9.9314	20071	28288	0	0	0	0	0	1.4874e+06	7.0741e+05	0.16075	0.076455	2.1461	0.48157	3.5463
3785.3	0.53974	-5.2253	8.5841	17.76	272.27	29.098	25849	0	0	0	10.36	18256	19444	0	0	0	0	0	1.5651e+06	6.9938e+05	0.18596	0.083099	1.8292	0.27991	3.5628
3809.2	0.45998	-4.359	8.4793	16.747	272.39	29.113	25849	0	0	0	10.485	15554	12931	0	0	0	0	0	1.5991e+06	6.3718e+05	0.22301	0.08886	1.5589	0.1161	3.6808
3829.5	0.39821	-3.6547	8.3402	16.15	272.48	29.125	25849	0	0	0	10.126	12810	8731.5	0	0	0	0	0	1.5574e+06	5.5782e+05	0.26374	0.094462	1.3495	0.0096447	3.9151
3845.6	0.35639	-4.3246	8.201	15.74	272.54	29.133	25849	0	0	0	9.3286	10944	6428.6	0	0	0	0	0	1.4478e+06	4.9281e+05	0.28698	0.097679	1.2078	-0.040733	4.0023
3857.2	0.33161	-5.2928	8.0905	15.406	272.58	29.138	25849	0	0	0	9.8735	9989	5298.4	0	0	0	0	0	1.5466e+06	4.8037e+05	0.33586	0.10432	1.1238	-0.056094	4.4655
3863.7	0.3175	-4.3338	8.0248	15.22	272.61	29.14	25849	0	0	0	11.767	9429.3	4708.7	0	0	0	0	0	1.8472e+06	4.9865e+05	0.42495	0.11471	1.076	-0.05679	5.4325
3865.2	0.31378	-3.7286	8.0086	15.186	272.61	29.141	25849	0	0	0	11.719	9258.3	4554.3	0	0	0	0	0	1.8383e+06	4.8768e+05	0.4307	0.11426	1.0634	-0.056806	5.4812
