-0.012085474
0.058831792
0.133574208
0.212088064
0.294443537
0.380630447
0.47063828
0.564455595
0.662071061
0.763471936
0.868645958
0.977581432
1.090007578
1.206132965
1.325967198
1.449512229
1.449512229
1.449512229
1.449512229
1.449512229
1.449512229
1.449512229
1.449512229
1.449512229
1.449512229
1.449512229
1.449512229
1.449512229
1.449512229
1.449512229
1.449512229
-0.017936119
0.064713169
0.148684599
0.233778569
0.319901053
0.407296703
0.495986312
0.585999887
0.677376784
0.77016369
0.864414736
0.960189983
1.057553938
1.15657658
1.257330282
1.359890051
1.359890051
1.359890051
1.359890051
1.359890051
1.359890051
1.359890051
1.359890051
1.359890051
1.359890051
1.359890051
1.359890051
1.359890051
1.359890051
1.359890051
1.359890051
-0.018513605
0.057620002
0.135985543
0.216569944
0.299369804
0.384389171
0.471641219
0.561146459
0.652678144
0.746162625
0.841823127
0.93969567
1.039825294
1.140763078
1.242352403
1.345811869
1.345811869
1.345811869
1.345811869
1.345811869
1.345811869
1.345811869
1.345811869
1.345811869
1.345811869
1.345811869
1.345811869
1.345811869
1.345811869
1.345811869
1.345811869
-0.048316751
0.012428698
0.073153855
0.133843911
0.194318007
0.254716114
0.315038658
0.375290028
0.435475053
0.495601998
0.555681023
0.615724926
0.675747488
0.735651219
0.795408611
0.854922104
0.854922104
0.854922104
0.854922104
0.854922104
0.854922104
0.854922104
0.854922104
0.854922104
0.854922104
0.854922104
0.854922104
0.854922104
0.854922104
0.854922104
0.854922104
-0.043286466
-0.012059969
0.022537754
0.060433281
0.101689464
0.146311011
0.194290746
0.245656209
0.300359849
0.358419425
0.419804726
0.484553801
0.552669985
0.624201789
0.699077214
0.777276944
0.858820729
0.943738241
1.032033096
1.123710118
1.218802638
1.218802638
1.218802638
1.218802638
1.218802638
1.218802638
1.218802638
1.218802638
1.218802638
1.218802638
1.218802638
-0.033502814
-0.004945453
0.024288862
0.054072453
0.084494067
0.115541482
0.147189248
0.179479
0.212379969
0.245885564
0.280019404
0.314786559
0.350182866
0.386214246
0.422885706
0.460202564
0.498170875
0.536798238
0.576092672
0.616063471
0.656720883
0.656720883
0.656720883
0.656720883
0.656720883
0.656720883
0.656720883
0.656720883
0.656720883
0.656720883
0.656720883
-0.029895615
-0.002765761
0.022402998
0.046227682
0.069309719
0.092173046
0.115198137
0.138736493
0.163091674
0.188521042
0.215237748
0.243413429
0.27318423
0.304653279
0.337895851
0.372964569
0.409892967
0.448701675
0.489402065
0.53200131
0.57650728
0.57650728
0.57650728
0.57650728
0.57650728
0.57650728
0.57650728
0.57650728
0.57650728
0.57650728
0.57650728
-0.022910426
-0.005128836
0.013615649
0.033278105
0.053920135
0.075573158
0.098206291
0.121823939
0.146433756
0.172041011
0.198654317
0.226275491
0.254880196
0.284500634
0.315148741
0.346836916
0.379579928
0.413393828
0.448296075
0.484306109
0.521288011
0.521288011
0.521288011
0.521288011
0.521288011
0.521288011
0.521288011
0.521288011
0.521288011
0.521288011
0.521288011
-0.023763361
-0.00958799
0.006840413
0.025286743
0.045647889
0.067841607
0.091724958
0.117648728
0.144713546
0.17280227
0.201872808
0.23195561
0.263150207
0.29562332
0.329583904
0.365188545
0.401675193
0.439598017
0.479026968
0.519692279
0.561927812
0.561927812
0.561927812
0.561927812
0.561927812
0.561927812
0.561927812
0.561927812
0.561927812
0.561927812
0.561927812
-0.017539361
-0.003629813
0.01084571
0.026668021
0.044357626
0.064233599
0.086040118
0.110318889
0.136046656
0.163113996
0.191383435
0.220812941
0.251419063
0.283283339
0.316511142
0.351115176
0.386199009
0.421193155
0.4578271
0.495163877
0.533031115
0.533031115
0.533031115
0.533031115
0.533031115
0.533031115
0.533031115
0.533031115
0.533031115
0.533031115
0.533031115
-0.019106598
-0.012196202
0.010005224
0.025496297
0.04250923
0.062224085
0.084048159
0.108308737
0.134069148
0.161177461
0.189510759
0.219006345
0.249681667
0.281595394
0.314870006
0.349658617
0.384569027
0.419430424
0.4559992
0.493265848
0.531031644
0.531031644
0.531031644
0.531031644
0.531031644
0.531031644
0.531031644
0.531031644
0.531031644
0.531031644
0.531031644
-0.016878249
-0.004329284
0.009602765
0.02474105
0.041376116
0.061006098
0.082793868
0.106988135
0.132701733
0.1597839
0.188086446
0.217551013
0.248180977
0.280026734
0.313213572
0.347714459
0.382645582
0.41706145
0.4533608
0.490381683
0.52784318
0.52784318
0.52784318
0.52784318
0.52784318
0.52784318
0.52784318
0.52784318
0.52784318
0.52784318
0.52784318  
