time	v	gamma	zeta	alt	lon	lat	q	heating_rate	L	D	M	Alpha	eta	
s	m/s	rad	rad	m	rad	rad	pa	W/m^2	N	N	Mach	rad	rad															
0	6800	-0.0175	2.0944	71000	0	1.0961	0.57657	1484.6	9.9892e+05	2.3269e+05	82436	23.153	0.25722	-0.53933
4.2465	6798.8	-0.018418	2.0978	70482	-0.0049344	1.1	0.57796	1600.4	1.0368e+06	2.5265e+05	89670	23.07	0.25843	-0.54972
14.109	6795.1	-0.020278	2.1059	69181	-0.016649	1.1089	0.58096	1927.7	1.1366e+06	3.1813e+05	1.1453e+05	22.866	0.26617	-0.5244
29.257	6786.3	-0.021819	2.1187	67001	-0.035369	1.1226	0.57818	2613.4	1.3199e+06	4.8381e+05	1.8176e+05	22.526	0.28791	-0.48191
49.228	6762.1	-0.020327	2.1347	64096	-0.061434	1.1405	0.56005	3857.1	1.5918e+06	8.152e+05	3.2195e+05	22.052	0.31533	-0.52084
73.415	6712	-0.012931	2.152	61328	-0.0951	1.1617	0.55185	5474	1.8676e+06	1.1636e+06	4.5802e+05	21.535	0.31646	-0.62316
101.08	6641.4	-0.0043869	2.1676	59795	-0.13634	1.1856	0.45459	6527.5	1.9957e+06	1.216e+06	4.5165e+05	21.122	0.28883	-0.8694
131.39	6579.6	-0.0014577	2.1885	59312	-0.18508	1.2112	0.60308	6811.7	2e+06	8.891e+05	2.929e+05	20.868	0.22744	-0.87266
163.42	6532.1	-0.0018832	2.2212	58972	-0.24198	1.2375	0.7344	7009.1	1.9988e+06	8.6193e+05	2.7924e+05	20.677	0.21846	-0.87266
196.2	6478	-0.0018707	2.2595	58560	-0.30729	1.2635	0.84969	7260.9	2e+06	9.4167e+05	3.067e+05	20.458	0.22638	-0.87266
228.72	6424.6	-0.0018851	2.306	58177	-0.38056	1.2882	1.033	7493.6	1.9977e+06	9.2305e+05	2.9601e+05	20.247	0.2186	-0.87266
260.01	6372.3	-0.0022707	2.3595	57758	-0.46072	1.3107	1.2142	7767.3	2e+06	9.7602e+05	3.1266e+05	20.035	0.22149	-0.87266
289.11	6320.4	-0.0018175	2.4182	57359	-0.54535	1.3303	1.3957	8030.1	1.9998e+06	1.0678e+06	3.4503e+05	19.828	0.22999	-0.87266
315.14	6267.4	-0.00025611	2.4778	57178	-0.63045	1.3466	1.5727	8075.7	1.9711e+06	1.1615e+06	3.8256e+05	19.642	0.24231	-0.87266
337.3	6222.5	0.00079054	2.5364	57230	-0.71067	1.3594	1.8152	7908.7	1.9221e+06	1.054e+06	3.3819e+05	19.507	0.23025	-0.87266
354.93	6190.8	0.00018931	2.5896	57296	-0.78007	1.3687	2.0165	7765.1	1.8847e+06	9.8402e+05	3.1097e+05	19.414	0.22261	-0.87266
367.48	6170.2	-0.00072497	2.6313	57276	-0.8327	1.3748	2.1815	7732.5	1.8679e+06	8.9595e+05	2.7714e+05	19.348	0.2097	-0.87265
374.59	6159.7	-0.0016525	2.6565	57227	-0.86369	1.378	2.2626	7753.1	1.8639e+06	8.7842e+05	2.7052e+05	19.309	0.20653	-0.87262
376.26	6157.1	-0.0018299	2.6625	57208	-0.87114	1.3788	2.2832	7765.1	1.8638e+06	8.7148e+05	2.6793e+05	19.299	0.2052	-0.87158
379.71	6152.1	-0.0022807	2.6751	57164	-0.88658	1.3803	2.3216	7794.4	1.8641e+06	8.6401e+05	2.6499e+05	19.279	0.20349	-0.87264
387.72	6140.8	-0.0034235	2.7054	57024	-0.92331	1.3836	2.4104	7901.4	1.8698e+06	8.4834e+05	2.5853e+05	19.228	0.19917	-0.87264
400.08	6123.5	-0.0052598	2.7542	56695	-0.98214	1.3884	2.5254	8182.9	1.8919e+06	8.6506e+05	2.6231e+05	19.14	0.19711	-0.87264
416.49	6098.7	-0.0070214	2.8219	56066	-1.064	1.3938	2.5957	8767.6	1.9421e+06	1.0405e+06	3.2075e+05	18.997	0.21295	-0.87265
436.53	6056.9	-0.0059103	2.9055	55237	-1.1691	1.399	2.5798	9565.4	2.0001e+06	1.3953e+06	4.5283e+05	18.782	0.24444	-0.87266
459.73	5994.5	-0.0013078	3.0026	54716	-1.2956	1.403	2.5953	9978.6	2e+06	1.5425e+06	5.0943e+05	18.536	0.25392	-0.87265
485.49	5921.3	0.0040889	3.1122	54937	-1.4391	1.405	2.5909	9480.1	1.9009e+06	1.53e+06	5.1145e+05	18.331	0.26132	-0.87266
513.2	5846.6	0.0073933	3.2312	55939	-1.5924	1.4042	2.588	8183.7	1.7207e+06	1.265e+06	4.1497e+05	18.199	0.25385	-0.87266
542.16	5794.1	0.0033223	3.3575	56962	-1.7468	1.4002	2.5825	7088.5	1.5721e+06	8.2959e+05	2.4926e+05	18.137	0.21079	-0.87266
571.67	5761.6	-0.0070141	3.4829	56684	-1.8938	1.3928	2.3832	7253.2	1.5721e+06	6.9834e+05	2.2447e+05	18.008	0.18194	-0.87266
600.99	5715.9	-0.015102	3.5904	54724	-2.0264	1.3826	1.8988	9063.6	1.7289e+06	1.1138e+06	4.0745e+05	17.675	0.21154	-0.87266
629.41	5640.2	-0.013592	3.6705	52275	-2.1412	1.3707	1.4284	11811	1.9204e+06	1.6217e+06	6.0219e+05	17.216	0.22907	-0.83633
656.23	5548.3	-0.0069277	3.7269	50734	-2.2379	1.3582	1.1135	13715	2.0009e+06	1.7459e+06	6.3208e+05	16.823	0.21785	-0.87266
680.79	5471.3	-0.0038236	3.7702	50064	-2.3175	1.3461	1.0021	14514	2.0002e+06	1.4811e+06	5.1078e+05	16.59	0.1868	-0.87266
702.47	5414.6	-0.0043712	3.806	49597	-2.3817	1.335	0.88223	15076	1.9955e+06	1.3957e+06	4.7214e+05	16.418	0.17463	-0.87266
720.75	5365.8	-0.0047837	3.8312	49138	-2.4319	1.3254	0.73639	15689	1.9982e+06	1.5002e+06	5.0744e+05	16.27	0.17867	-0.87265
735.18	5326	-0.0047447	3.8481	48773	-2.4691	1.3176	0.66203	16188	1.999e+06	1.4912e+06	4.9952e+05	16.149	0.17416	-0.87265
745.41	5298	-0.0048671	3.8588	48511	-2.4944	1.3121	0.60114	16556	1.9998e+06	1.5302e+06	5.1123e+05	16.064	0.17462	-0.87264
751.17	5281.8	-0.0048043	3.8643	48364	-2.5083	1.3089	0.57921	16764	1.9998e+06	1.5193e+06	5.0586e+05	16.015	0.1722	-0.87066
752.53	5278.1	-0.0048343	3.8656	48329	-2.5115	1.3082	0.57229	16814	1.9999e+06	1.5272e+06	5.0839e+05	16.004	0.17248	-0.86813
755.97	5268.6	-0.0048337	3.8687	48241	-2.5196	1.3063	0.55407	16939	1.9999e+06	1.5329e+06	5.096e+05	15.975	0.17204	-0.87215
763.98	5246.3	-0.0048907	3.8755	48037	-2.5381	1.3019	0.5212	17236	1.9999e+06	1.5331e+06	5.077e+05	15.908	0.16996	-0.87265
776.35	5211.8	-0.0049432	3.8848	47718	-2.5658	1.2951	0.46693	17709	1.9999e+06	1.5703e+06	5.179e+05	15.803	0.16963	-0.87265
792.75	5165	-0.0048162	3.8949	47303	-2.6009	1.2861	0.41203	18328	1.9973e+06	1.5902e+06	5.2067e+05	15.661	0.16707	-0.87266
812.8	5109.2	-0.004959	3.9053	46802	-2.6416	1.275	0.37277	19145	1.9964e+06	1.5577e+06	5.038e+05	15.508	0.15972	-0.85336
835.99	5045.2	-0.0049239	3.9143	46214	-2.6858	1.2622	0.32354	20235	2.0001e+06	1.6124e+06	5.1724e+05	15.36	0.15742	-0.85584
861.76	4974.1	-0.0049089	3.9201	45587	-2.7321	1.248	0.29618	21448	2.0001e+06	1.6195e+06	5.1523e+05	15.194	0.15146	-0.85762
889.46	4897.7	-0.0048753	3.9224	44904	-2.7788	1.233	0.29651	22870	2.0008e+06	1.6846e+06	5.3156e+05	15.014	0.1488	-0.84422
918.42	4813	-0.0025541	3.9198	44355	-2.8248	1.2175	0.31723	23847	1.9713e+06	1.7427e+06	5.447e+05	14.797	0.14794	-0.81274
947.93	4726.9	0.00078382	3.9151	44240	-2.8691	1.202	0.31346	23378	1.8809e+06	1.7064e+06	5.2745e+05	14.542	0.14779	-0.77362
977.26	4646.3	0.0029313	3.9109	44526	-2.9109	1.187	0.28569	21697	1.7493e+06	1.5991e+06	4.8871e+05	14.272	0.14881	-0.73119
1005.7	4576.9	0.0018013	3.9096	44887	-2.9495	1.1727	0.25077	20019	1.6292e+06	1.4307e+06	4.3198e+05	14.032	0.14549	-0.69019
1032.5	4518.7	-0.0015528	3.91	44911	-2.9842	1.1594	0.24125	19447	1.5642e+06	1.3927e+06	4.1737e+05	13.852	0.14528	-0.65681
1057.1	4465.1	-0.0035913	3.9096	44619	-3.0147	1.1474	0.24495	19780	1.5394e+06	1.4479e+06	4.3187e+05	13.709	0.14722	-0.63007
1078.7	4417.9	-0.0047256	3.9084	44222	-3.0407	1.137	0.25084	20473	1.5324e+06	1.4829e+06	4.3991e+05	13.592	0.14575	-0.60934
1097	4378.9	-0.0056734	3.907	43807	-3.062	1.1282	0.25368	21325	1.5358e+06	1.4989e+06	4.4216e+05	13.502	0.14233	-0.59175
1111.4	4347.6	-0.0061495	3.9053	43438	-3.0785	1.1214	0.2561	22147	1.5423e+06	1.509e+06	4.4323e+05	13.432	0.13892	-0.57963
1121.7	4324.8	-0.0060839	3.9036	43171	-3.0899	1.1166	0.26673	22763	1.5468e+06	1.5447e+06	4.5287e+05	13.381	0.13834	-0.5705
1127.4	4311.6	-0.0057353	3.9025	43027	-3.0963	1.1139	0.27553	23092	1.5482e+06	1.5732e+06	4.6059e+05	13.351	0.13867	-0.56152
1128.8	4308.4	-0.0056195	3.9022	42995	-3.0978	1.1133	0.27782	23164	1.5483e+06	1.5795e+06	4.6227e+05	13.343	0.13873	-0.56063
1131.4	4302.4	-0.0053736	3.9017	42935	-3.1007	1.1121	0.28131	23297	1.5482e+06	1.5877e+06	4.6442e+05	13.329	0.13864	-0.56039
1137.5	4288.2	-0.0047448	3.9002	42807	-3.1074	1.1093	0.2851	23568	1.5467e+06	1.5955e+06	4.6619e+05	13.294	0.13784	-0.55677
1146.9	4266	-0.0036321	3.8979	42645	-3.1176	1.105	0.29261	23872	1.5402e+06	1.6149e+06	4.7077e+05	13.237	0.13759	-0.54599
1159.5	4235.9	-0.0018804	3.8947	42506	-3.1311	1.0992	0.30306	24011	1.5225e+06	1.6402e+06	4.7636e+05	13.153	0.13836	-0.53299
1175	4198.8	0.00016053	3.8908	42458	-3.1474	1.0922	0.3092	23753	1.4872e+06	1.6524e+06	4.7759e+05	13.042	0.13995	-0.52007
1193.2	4156.5	0.001653	3.8866	42541	-3.1661	1.0842	0.29161	23004	1.4334e+06	1.6015e+06	4.6019e+05	12.904	0.13964	-0.50879
1213.6	4111.6	0.0013787	3.8827	42683	-3.1868	1.0752	0.26117	22055	1.3726e+06	1.4997e+06	4.287e+05	12.755	0.1367	-0.50072
1236	4062.9	0.00068454	3.878	42782	-3.2088	1.0656	0.2552	21234	1.3144e+06	1.4738e+06	4.1836e+05	12.597	0.1384	-0.491
1259.9	4012.3	-0.00065987	3.8731	42811	-3.2317	1.0554	0.24896	20623	1.2625e+06	1.4561e+06	4.1061e+05	12.438	0.13978	-0.47285
1284.9	3963.4	-0.0040935	3.8692	42582	-3.255	1.0451	0.25569	20794	1.2362e+06	1.5109e+06	4.247e+05	12.302	0.14243	-0.44626
1310.4	3910.6	-0.0047561	3.8642	42095	-3.2782	1.0346	0.28108	21706	1.2288e+06	1.607e+06	4.5001e+05	12.17	0.1441	-0.41739
1336.1	3852.1	-0.00086646	3.8575	41817	-3.3009	1.0243	0.28264	21926	1.1975e+06	1.6129e+06	4.4827e+05	12.007	0.14293	-0.3941
1361.4	3796.9	0.0022953	3.8514	41940	-3.3228	1.0144	0.2607	20924	1.1356e+06	1.5406e+06	4.2496e+05	11.826	0.14252	-0.38058
1385.9	3748.6	0.0015318	3.8467	42168	-3.3434	1.005	0.24391	19739	1.0744e+06	1.4732e+06	4.0415e+05	11.661	0.14355	-0.37245
1409.1	3706.4	-0.0022031	3.8429	42160	-3.3625	0.99621	0.23389	19318	1.0385e+06	1.4366e+06	3.9177e+05	11.531	0.14277	-0.36339
1430.5	3667.1	-0.0056307	3.8392	41843	-3.3798	0.98822	0.23427	19794	1.0285e+06	1.4657e+06	3.9776e+05	11.428	0.14201	-0.35206
1449.9	3628.4	-0.0065271	3.8351	41409	-3.3951	0.98113	0.24431	20635	1.0276e+06	1.5258e+06	4.1237e+05	11.335	0.14159	-0.33982
1466.8	3593.9	-0.0061767	3.8311	41026	-3.4083	0.97504	0.25667	21400	1.0261e+06	1.5783e+06	4.2489e+05	11.25	0.14106	-0.32845
1480.9	3564.3	-0.0054415	3.8277	40738	-3.4191	0.97003	0.26675	21954	1.0219e+06	1.6148e+06	4.332e+05	11.176	0.14056	-0.3194
1491.9	3541.1	-0.0050015	3.825	40538	-3.4275	0.96615	0.27076	22313	1.0165e+06	1.6304e+06	4.3589e+05	11.115	0.13966	-0.31324
1499.7	3524.8	-0.0047457	3.8232	40405	-3.4333	0.96345	0.27429	22541	1.0121e+06	1.6437e+06	4.3867e+05	11.072	0.1393	-0.30797
1504	3515.7	-0.0045967	3.8222	40335	-3.4366	0.96193	0.27719	22657	1.0093e+06	1.654e+06	4.4098e+05	11.048	0.13936	-0.30451
1505.1	3513.5	-0.0045445	3.8219	40318	-3.4373	0.96158	0.27795	22684	1.0086e+06	1.6562e+06	4.4146e+05	11.042	0.13936	-0.30421
1507.7	3508	-0.0044238	3.8213	40278	-3.4393	0.96068	0.27918	22747	1.0068e+06	1.6596e+06	4.4212e+05	11.027	0.13923	-0.30377
1513.7	3495	-0.0040308	3.8198	40189	-3.4438	0.95859	0.28308	22875	1.0019e+06	1.6714e+06	4.4464e+05	10.992	0.1393	-0.30093
1523.2	3474.6	-0.0030499	3.8174	40076	-3.4507	0.95537	0.28575	22989	9.9244e+05	1.6805e+06	4.4603e+05	10.934	0.13917	-0.29519
1535.8	3446.5	-0.0011047	3.8139	39991	-3.4599	0.95111	0.2833	22902	9.7422e+05	1.6736e+06	4.4274e+05	10.851	0.13889	-0.2892
1551.3	3411.5	0.0016282	3.8096	40020	-3.4711	0.94594	0.27598	22344	9.4231e+05	1.6504e+06	4.3474e+05	10.739	0.13977	-0.28324
1569.4	3372.1	0.0029145	3.805	40193	-3.484	0.93998	0.25132	21283	8.9804e+05	1.5684e+06	4.1085e+05	10.605	0.13911	-0.2762
1589.9	3331.4	0.00031931	3.801	40334	-3.4984	0.93337	0.2331	20347	8.5653e+05	1.4996e+06	3.9072e+05	10.469	0.13872	-0.26666
1612.3	3289.8	-0.0044447	3.7972	40186	-3.5137	0.92627	0.22236	20278	8.3331e+05	1.4701e+06	3.8111e+05	10.347	0.13648	-0.25292
1636.2	3244.2	-0.0070704	3.793	39709	-3.5298	0.91883	0.23089	21154	8.2709e+05	1.5592e+06	4.0241e+05	10.23	0.13801	-0.23561
1661.1	3192.4	-0.0051768	3.7879	39204	-3.5462	0.91122	0.25676	22074	8.1744e+05	1.6616e+06	4.2686e+05	10.095	0.14003	-0.21913
1686.7	3139.9	-0.0043466	3.7831	38842	-3.5627	0.9036	0.2443	22539	7.9843e+05	1.6292e+06	4.1573e+05	9.9499	0.1347	-0.20707
1712.3	3086.7	-0.0032112	3.7784	38531	-3.5789	0.89612	0.24763	22816	7.7564e+05	1.6458e+06	4.1766e+05	9.7983	0.13322	-0.19828
1737.7	3032.7	-0.00063941	3.7734	38423	-3.5945	0.88892	0.24153	22382	7.4093e+05	1.6237e+06	4.0963e+05	9.6327	0.1325	-0.1896
1762.1	2983.1	-0.0017197	3.7695	38368	-3.6092	0.88211	0.23695	21836	7.0754e+05	1.6198e+06	4.0656e+05	9.4783	0.13373	-0.17914
1785.3	2934.7	-0.0011294	3.7656	38257	-3.6229	0.87581	0.25	21488	6.7872e+05	1.6764e+06	4.1888e+05	9.3304	0.1382	-0.16783
1806.8	2888.2	0.0013609	3.7619	38274	-3.6353	0.87009	0.24224	20759	6.4562e+05	1.6502e+06	4.1032e+05	9.1816	0.13913	-0.15732
1826.2	2846.8	0.0021587	3.7589	38389	-3.6463	0.86504	0.22984	19823	6.1249e+05	1.6011e+06	3.9648e+05	9.0441	0.13984	-0.14862
1843	2812.9	-7.7944e-05	3.7569	38455	-3.6557	0.86071	0.21682	19167	5.8769e+05	1.535e+06	3.7858e+05	8.9333	0.13798	-0.1415
1857.1	2785.9	-0.0036951	3.7555	38383	-3.6634	0.85715	0.21091	19002	5.7369e+05	1.5092e+06	3.7121e+05	8.8511	0.1364	-0.13594
1868.2	2765.4	-0.0066525	3.7546	38227	-3.6694	0.85439	0.20778	19166	5.6747e+05	1.5109e+06	3.7091e+05	8.7935	0.13512	-0.13199
1875.9	2750.7	-0.0083656	3.7539	38068	-3.6736	0.85246	0.20662	19422	5.6506e+05	1.5271e+06	3.744e+05	8.7548	0.13453	-0.12866
1880.3	2742.4	-0.0091095	3.7535	37966	-3.6759	0.85138	0.20672	19604	5.6422e+05	1.5412e+06	3.7761e+05	8.7336	0.13436	-0.12676
1881.3	2740.5	-0.0092569	3.7534	37941	-3.6765	0.85113	0.20691	19651	5.6406e+05	1.5454e+06	3.7856e+05	8.7286	0.13436	-0.12658
1884.2	2735	-0.0096102	3.7531	37869	-3.678	0.85043	0.20762	19786	5.6369e+05	1.5567e+06	3.8117e+05	8.7148	0.1343	-0.12611
1890.8	2722.1	-0.010135	3.7524	37695	-3.6815	0.8488	0.20884	20120	5.6291e+05	1.5743e+06	3.8506e+05	8.6821	0.13346	-0.12365
1901.1	2701.7	-0.010449	3.7514	37416	-3.6869	0.8463	0.2116	20674	5.6188e+05	1.5995e+06	3.9057e+05	8.6309	0.13186	-0.11944
1914.8	2674.2	-0.010238	3.75	37047	-3.6941	0.843	0.21811	21427	5.6016e+05	1.6377e+06	3.9898e+05	8.5613	0.13007	-0.1149
1931.6	2639.7	-0.0088948	3.7482	36624	-3.7027	0.83899	0.23298	22268	5.5604e+05	1.698e+06	4.1249e+05	8.4714	0.12919	-0.10974
1951.3	2597.9	-0.0052142	3.746	36262	-3.7126	0.8344	0.24408	22799	5.4455e+05	1.7304e+06	4.1886e+05	8.3551	0.1279	-0.1037
1973.3	2550.2	-5.5652e-05	3.7435	36121	-3.7236	0.82935	0.23511	22452	5.2021e+05	1.6883e+06	4.0683e+05	8.2082	0.12597	-0.097008
1997.3	2499.5	0.0027782	3.7413	36238	-3.7352	0.82398	0.21818	21184	4.8493e+05	1.589e+06	3.8099e+05	8.0395	0.12462	-0.089658
2022.8	2449.7	-0.00046429	3.7395	36340	-3.7472	0.81841	0.21101	20032	4.5251e+05	1.518e+06	3.6225e+05	7.8747	0.12459	-0.08192
2049.2	2400.9	-0.0060673	3.7383	36138	-3.7594	0.81275	0.20578	19849	4.3225e+05	1.511e+06	3.5905e+05	7.7271	0.12411	-0.074537
2076.1	2352.6	-0.010331	3.7372	35604	-3.7715	0.80714	0.20475	20694	4.2334e+05	1.6108e+06	3.8141e+05	7.5952	0.1255	-0.06867
2102.8	2299.9	-0.0062829	3.7357	35041	-3.7832	0.80168	0.24791	21586	4.1275e+05	1.7887e+06	4.22e+05	7.4498	0.13098	-0.064251
2128.8	2242.9	0.0031296	3.7337	34962	-3.7943	0.79649	0.24364	20782	3.8466e+05	1.7529e+06	4.1155e+05	7.2683	0.13166	-0.059565
2153.6	2189	0.0068707	3.7322	35277	-3.8045	0.79169	0.22655	18848	3.4852e+05	1.6682e+06	3.8977e+05	7.0806	0.13559	-0.05377
2176.7	2141.5	0.0039086	3.7314	35578	-3.8138	0.78732	0.21395	17218	3.1845e+05	1.5661e+06	3.6436e+05	6.9147	0.13748	-0.047558
2197.6	2102.7	-0.0039204	3.7312	35596	-3.8221	0.78345	0.20988	16552	3.0074e+05	1.5034e+06	3.4862e+05	6.7886	0.13648	-0.041896
2215.9	2070.1	-0.011589	3.7313	35311	-3.8291	0.78012	0.20407	16768	2.9318e+05	1.4973e+06	3.4632e+05	6.6948	0.134	-0.037275
2231.2	2044.6	-0.018255	3.7317	34853	-3.8349	0.77738	0.19366	17567	2.9254e+05	1.5423e+06	3.5612e+05	6.6301	0.13179	-0.033933
2243.2	2024.8	-0.022309	3.732	34359	-3.8394	0.77524	0.1895	18615	2.952e+05	1.6224e+06	3.7417e+05	6.5853	0.13074	-0.031925
2251.7	2010	-0.023851	3.7322	33967	-3.8425	0.77375	0.19809	19512	2.977e+05	1.7015e+06	3.9208e+05	6.5522	0.13059	-0.030405
2256.5	2001.1	-0.023801	3.7324	33739	-3.8442	0.77291	0.20941	20051	2.9907e+05	1.7518e+06	4.0347e+05	6.5323	0.13067	-0.029576
2257.6	1999	-0.023719	3.7324	33686	-3.8447	0.77272	0.21257	20176	2.9935e+05	1.7634e+06	4.0611e+05	6.5275	0.13068	-0.029481
2260.2	1994	-0.023327	3.7324	33564	-3.8456	0.77226	0.22035	20466	2.9995e+05	1.7894e+06	4.1197e+05	6.5159	0.13064	-0.029274
2266.3	1981.8	-0.021577	3.7325	33293	-3.8478	0.77121	0.24215	21107	3.0081e+05	1.8509e+06	4.2582e+05	6.4867	0.13078	-0.02828
2275.7	1961.6	-0.016557	3.7327	32938	-3.8512	0.76959	0.27506	21881	2.999e+05	1.9266e+06	4.4266e+05	6.4342	0.13087	-0.026749
2288.3	1932.4	-0.0069479	3.7327	32651	-3.8556	0.76744	0.29854	22233	2.9314e+05	1.9669e+06	4.5098e+05	6.3494	0.13085	-0.025341
2303.8	1894.7	0.0050466	3.7328	32639	-3.861	0.76485	0.28298	21416	2.7631e+05	1.9073e+06	4.3598e+05	6.226	0.13079	-0.024017
2322	1852.4	0.011662	3.7328	32959	-3.8672	0.76187	0.23943	19447	2.514e+05	1.7511e+06	3.9882e+05	6.0752	0.13102	-0.02236
2342.4	1809.7	0.0072294	3.7331	33349	-3.874	0.7586	0.21626	17444	2.27e+05	1.5842e+06	3.594e+05	5.9214	0.12988	-0.020305
2364.8	1768.2	-0.0051718	3.7335	33401	-3.8813	0.75509	0.20934	16517	2.1062e+05	1.524e+06	3.4456e+05	5.7838	0.12887	-0.01782
2388.7	1725.6	-0.015164	3.7341	32969	-3.8888	0.75143	0.19407	16852	2.0238e+05	1.6158e+06	3.6419e+05	5.6592	0.13039	-0.015132
2413.7	1680.1	-0.017994	3.7349	32250	-3.8965	0.7477	0.20584	17927	1.9759e+05	1.7497e+06	3.9322e+05	5.534	0.1299	-0.01278
2439.2	1628.7	-0.0094555	3.7357	31632	-3.9041	0.74398	0.24334	18563	1.8867e+05	1.8605e+06	4.1668e+05	5.3774	0.1298	-0.010967
2464.9	1571.8	0.0045778	3.7364	31558	-3.9115	0.74035	0.23466	17488	1.7026e+05	1.7904e+06	3.9948e+05	5.1904	0.12878	-0.0093281
2490.2	1518.1	0.0062464	3.7372	31823	-3.9185	0.7369	0.21518	15659	1.5002e+05	1.6618e+06	3.6945e+05	5.01	0.12935	-0.0075437
2514.7	1470.3	-0.0018012	3.738	31917	-3.9251	0.73366	0.20616	14479	1.351e+05	1.6125e+06	3.5724e+05	4.8513	0.13143	-0.0055575
2537.9	1427.7	-0.010391	3.7389	31712	-3.9311	0.73068	0.1974	14090	1.2548e+05	1.6439e+06	3.6307e+05	4.7128	0.13371	-0.0035711
2559.3	1388.3	-0.013732	3.7398	31345	-3.9365	0.72799	0.19994	14097	1.1851e+05	1.7243e+06	3.7971e+05	4.5864	0.1363	-0.0018302
2578.7	1351.6	-0.012698	3.7409	31000	-3.9412	0.72562	0.21005	14093	1.1215e+05	1.7782e+06	3.9064e+05	4.4684	0.1375	-0.00043127
2595.6	1318.5	-0.0099545	3.742	30746	-3.9451	0.72361	0.21319	13949	1.0606e+05	1.783e+06	3.9101e+05	4.3616	0.13716	0.00064948
2609.7	1290.4	-0.0075612	3.7429	30589	-3.9484	0.72196	0.2113	13689	1.0053e+05	1.7646e+06	3.8643e+05	4.2702	0.13664	0.0013438
2620.7	1268.5	-0.0064208	3.7437	30493	-3.9509	0.72069	0.20744	13426	96112	1.7368e+06	3.7999e+05	4.1984	0.13597	0.0017483
2628.5	1253.1	-0.0063911	3.7443	30432	-3.9526	0.71981	0.20489	13226	93043	1.7187e+06	3.7577e+05	4.1482	0.1357	0.0020483
2632.8	1244.6	-0.0066213	3.7446	30397	-3.9535	0.71932	0.20363	13118	91371	1.7103e+06	3.7376e+05	4.1202	0.13562	0.0022017
2633.8	1242.6	-0.0067177	3.7446	30389	-3.9537	0.71921	0.20332	13092	90981	1.7083e+06	3.7329e+05	4.1136	0.13561	0.0022187
2636.5	1237.5	-0.0070018	3.7448	30367	-3.9543	0.71891	0.20246	13030	90011	1.7028e+06	3.72e+05	4.0971	0.13552	0.0022785
2642.5	1225.9	-0.008045	3.7453	30311	-3.9556	0.71824	0.20012	12897	87828	1.6869e+06	3.6836e+05	4.059	0.1351	0.0025134
2652	1208.2	-0.010584	3.7459	30204	-3.9576	0.71721	0.19685	12737	84723	1.6738e+06	3.6523e+05	4.0015	0.13477	0.0027232
2664.5	1184.5	-0.013863	3.7467	30017	-3.9602	0.71585	0.19974	12601	80911	1.6934e+06	3.7837e+05	3.9244	0.13519	0.0027231
2680.1	1154.1	-0.015914	3.7476	29739	-3.9634	0.71421	0.20827	12491	76383	1.7335e+06	3.985e+05	3.8263	0.13613	0.0026812
2698.2	1116.4	-0.013876	3.7485	29426	-3.9671	0.71234	0.22501	12271	70718	1.7766e+06	4.2176e+05	3.7037	0.13764	0.0028045
2718.7	1070.8	-0.0096752	3.7495	29174	-3.971	0.7103	0.23521	11742	63519	1.7634e+06	4.3406e+05	3.5547	0.13816	0.003036
2741.1	1019.6	-0.0091045	3.7505	28975	-3.9752	0.70817	0.23885	10982	55556	1.7267e+06	4.4068e+05	3.3861	0.13939	0.0031691
2765	964.31	-0.012744	3.7517	28730	-3.9794	0.706	0.24112	10203	47764	1.7004e+06	4.4967e+05	3.2041	0.14181	0.0031187
2789.9	906.35	-0.019038	3.7529	28373	-3.9836	0.70386	0.24221	9530.3	40653	1.6864e+06	4.61e+05	3.014	0.14461	0.003025
2815.5	846.52	-0.027351	3.7538	27864	-3.9877	0.70179	0.24187	9004	34353	1.6826e+06	4.7427e+05	2.8182	0.14704	0.0030541
2841.1	788.45	-0.038972	3.7547	27172	-3.9915	0.69985	0.23738	8705.8	29200	1.6753e+06	4.8535e+05	2.6289	0.1468	0.0032026
2866.4	731.95	-0.050633	3.7554	26304	-3.995	0.69805	0.23463	8602.1	24922	1.6961e+06	5.0362e+05	2.4453	0.14616	0.0033337
2890.9	674.5	-0.052609	3.7562	25401	-3.9981	0.69643	0.24837	8424.2	20858	1.7587e+06	5.3373e+05	2.2579	0.14977	0.0033933
2914.1	616.23	-0.046739	3.7571	24652	-4.0009	0.69501	0.26184	7919.5	16804	1.7665e+06	5.4706e+05	2.0664	0.15499	0.0034808
2935.6	561.65	-0.044401	3.758	24078	-4.0032	0.69381	0.24984	7207.2	13255	1.7281e+06	5.2181e+05	1.8858	0.15511	0.003575
2955	516.61	-0.053181	3.7588	23574	-4.0052	0.6928	0.22493	6607.6	10693	1.6778e+06	4.8748e+05	1.7365	0.15255	0.0035205
2971.8	482.2	-0.070588	3.7596	23053	-4.0067	0.69199	0.20008	6257.2	9034.4	1.6307e+06	4.6077e+05	1.6228	0.14876	0.003375
2985.9	457.83	-0.090299	3.7602	22518	-4.008	0.69135	0.17817	6146.1	8050.8	1.6101e+06	4.4609e+05	1.5427	0.1447	0.0031663
2996.9	441.18	-0.10699	3.7607	22023	-4.0089	0.69087	0.15813	6179	7482	1.6245e+06	4.4414e+05	1.4882	0.14213	0.003027
3004.7	430.37	-0.11572	3.7611	21641	-4.0095	0.69054	0.14563	6252.6	7153.3	1.6579e+06	4.4959e+05	1.4531	0.1413	0.0030016
3009.1	424.39	-0.11926	3.7613	21420	-4.0098	0.69035	0.14083	6300.7	6977.4	1.6811e+06	4.539e+05	1.4336	0.14104	0.0030196
3010.1	422.99	-0.1199	3.7613	21367	-4.0099	0.69031	0.14009	6312.7	6937.1	1.6873e+06	4.5512e+05	1.429	0.14103	0.0030226
3011.9	420.59	-0.1208	3.7614	21277	-4.01	0.69024	0.13918	6332.6	6867.3	1.6973e+06	4.5705e+05	1.4212	0.14096	0.0030294
3016	414.95	-0.12197	3.7616	21066	-4.0103	0.69007	0.13853	6377.6	6703.7	1.7179e+06	4.6068e+05	1.4028	0.14062	0.0030492
3022.4	406.05	-0.12169	3.762	20742	-4.0108	0.68981	0.14066	6435.6	6441.2	1.745e+06	4.649e+05	1.3738	0.13995	0.0030132
3031	393.75	-0.11793	3.7624	20323	-4.0114	0.68947	0.14796	6476.6	6066.9	1.7753e+06	4.6904e+05	1.3334	0.13926	0.0028166
3041.7	377.55	-0.10935	3.7629	19845	-4.0122	0.68907	0.15844	6430	5546.1	1.7967e+06	4.6966e+05	1.2795	0.13897	0.0024474
3054.4	357.33	-0.097324	3.7633	19354	-4.0131	0.68861	0.16468	6223.2	4874.1	1.7895e+06	4.6156e+05	1.211	0.1392	0.0020507
3068.9	333.65	-0.0895	3.7637	18881	-4.014	0.68811	0.15914	5845.7	4104.4	1.7367e+06	4.4128e+05	1.1307	0.13947	0.0017709
3085	310.19	-0.10011	3.7641	18388	-4.015	0.6876	0.13731	5461.1	3416.4	1.6577e+06	4.0499e+05	1.0512	0.13958	0.0016213
3102.6	291.19	-0.13066	3.7647	17771	-4.0161	0.68708	0.1049	5304.3	2957.7	1.628e+06	3.8009e+05	0.98684	0.13946	0.0014976
3121.3	278.19	-0.16255	3.7653	16968	-4.0172	0.68655	0.060989	5495.1	2741.4	1.6726e+06	3.7783e+05	0.94279	0.13737	0.0013341
3141	268.32	-0.16725	3.766	16060	-4.0183	0.68602	0.047408	5899.2	2637.8	1.733e+06	3.8002e+05	0.90935	0.13218	0.0011702
3161.5	257.62	-0.15988	3.7669	15187	-4.0194	0.68549	0.048059	6240	2495.6	1.7182e+06	3.6704e+05	0.87307	0.12486	0.0010712
3182.4	246.95	-0.15498	3.7678	14348	-4.0205	0.68497	0.051687	6545.4	2343.7	1.7442e+06	3.6603e+05	0.83692	0.12195	0.0011233
3203.5	233.71	-0.13758	3.7688	13587	-4.0216	0.68447	0.065168	6609.7	2103.6	1.7467e+06	3.5983e+05	0.79205	0.12196	0.0012748
3224.5	220.14	-0.13787	3.7699	12914	-4.0226	0.68401	0.059504	6521	1848.4	1.7053e+06	3.4445e+05	0.74607	0.12177	0.0013181
3245.2	209.4	-0.14796	3.771	12256	-4.0236	0.68358	0.046861	6545.2	1671.3	1.7049e+06	3.3879e+05	0.70966	0.12209	0.0011864
3265.3	201.18	-0.15423	3.7723	11616	-4.0245	0.68318	0.037396	6682.5	1555.6	1.7169e+06	3.3701e+05	0.6818	0.12121	0.0010852
3284.5	193.25	-0.15195	3.7738	11024	-4.0253	0.68281	0.037737	6770.9	1441.9	1.7141e+06	3.3244e+05	0.65499	0.12025	0.0011322
3302.7	186.71	-0.16064	3.7753	10485	-4.0261	0.68248	0.038564	6771.1	1343.7	1.6781e+06	3.2155e+05	0.62792	0.11867	0.0012125
3319.6	183.69	-0.17285	3.7767	9955.1	-4.0268	0.68219	0.015759	7001.5	1321.4	1.7125e+06	3.2594e+05	0.61299	0.11769	0.0011379
3334.9	181.09	-0.16726	3.7779	9475	-4.0274	0.68192	0.017683	7218.9	1303.2	1.7339e+06	3.2821e+05	0.60016	0.11621	0.00073882
3348.5	178.03	-0.16408	3.7785	9071.4	-4.0279	0.68169	0.022308	7326.9	1267.8	1.7107e+06	3.221e+05	0.58661	0.11385	0.00010455
3360.3	175.89	-0.16828	3.7787	8728.6	-4.0283	0.68149	0.022909	7452.2	1247.2	1.6992e+06	3.1876e+05	0.57675	0.11191	-0.00038651
3369.9	174.58	-0.17132	3.7787	8440.3	-4.0287	0.68133	0.017685	7598.6	1240.4	1.7064e+06	3.1929e+05	0.57018	0.11069	-0.00046656
3377.5	173.56	-0.16928	3.7788	8217.6	-4.0289	0.68121	0.015004	7710.2	1234.5	1.7169e+06	3.2058e+05	0.56509	0.11006	-0.00021753
3382.7	172.8	-0.1676	3.7789	8063.9	-4.0291	0.68112	0.014495	7782.3	1229.2	1.726e+06	3.2173e+05	0.56142	0.10979	6.0814e-05
3385.7	172.31	-0.1654	3.779	7979.1	-4.0292	0.68107	0.016279	7815.3	1224.6	1.7306e+06	3.2224e+05	0.55917	0.1097	0.00018292
3386.4	172.18	-0.16489	3.779	7959.3	-4.0292	0.68106	0.016757	7822	1223.3	1.7315e+06	3.2233e+05	0.55861	0.10969	0.00019588
3388.1	171.84	-0.1636	3.7791	7909.5	-4.0293	0.68103	0.017933	7836.6	1219.5	1.7322e+06	3.2222e+05	0.55713	0.10959	0.00023949
3392.3	171	-0.16152	3.7792	7794.5	-4.0294	0.68096	0.019719	7864.3	1209.3	1.7292e+06	3.2116e+05	0.5535	0.10922	0.00044218
3398.7	169.55	-0.15972	3.7796	7618.2	-4.0296	0.68086	0.021186	7892.2	1190.6	1.726e+06	3.1965e+05	0.54751	0.10889	0.00073887
3407.3	167.58	-0.15863	3.7803	7385.2	-4.0299	0.68072	0.021598	7920.2	1164.5	1.7258e+06	3.1832e+05	0.53944	0.10875	0.00090095
3418	165.29	-0.15793	3.7811	7100.1	-4.0303	0.68055	0.02122	7961.7	1135.1	1.73e+06	3.1754e+05	0.53004	0.10872	0.00067966
3430.7	162.45	-0.15615	3.7819	6772	-4.0307	0.68036	0.02225	7982.9	1096.9	1.7254e+06	3.1485e+05	0.51864	0.10852	0.0001471
3445.2	159.7	-0.15967	3.7823	6403.9	-4.0313	0.68014	0.020266	8041.4	1063	1.7147e+06	3.1122e+05	0.50737	0.10764	-0.00036227
3461.3	157.28	-0.16309	3.7825	5991.8	-4.0319	0.67991	0.016323	8167.2	1038.3	1.7165e+06	3.1003e+05	0.497	0.10668	-0.00052987
3478.8	154.8	-0.16211	3.7826	5548	-4.0325	0.67965	0.013589	8308.9	1013.7	1.7283e+06	3.1052e+05	0.48636	0.10608	-0.00041702
3497.6	152.22	-0.16013	3.783	5086.2	-4.0332	0.67939	0.014301	8448.5	987.47	1.7333e+06	3.0974e+05	0.47541	0.10523	-0.00025479
3517.3	149.32	-0.15792	3.7836	4616.7	-4.034	0.67912	0.015556	8552.6	955.21	1.7333e+06	3.0801e+05	0.46361	0.10452	-0.00018287
3537.7	146.17	-0.15534	3.7843	4147.3	-4.0347	0.67885	0.017015	8615.4	917.67	1.7366e+06	3.0657e+05	0.45116	0.10437	-9.8221e-05
3558.6	142.86	-0.1548	3.7852	3683.9	-4.0355	0.67857	0.016699	8641.3	876.91	1.7304e+06	3.0349e+05	0.43843	0.10413	1.258e-05
3579.7	139.98	-0.15484	3.7861	3224	-4.0363	0.67831	0.015288	8703.4	844.08	1.7385e+06	3.0285e+05	0.42718	0.10419	2.7549e-05
3600.8	136.76	-0.15156	3.7869	2782.8	-4.0371	0.67804	0.017416	8693.8	804.3	1.7328e+06	2.9964e+05	0.41513	0.10431	-0.00012592
3621.4	134.31	-0.15793	3.7873	2354.2	-4.0378	0.67779	0.011477	8759.6	777.99	1.7285e+06	2.9773e+05	0.40562	0.10371	-0.00034816
3641.6	132.11	-0.15009	3.7876	1940.5	-4.0386	0.67755	0.018607	8835.7	755.3	1.7513e+06	2.9958e+05	0.39701	0.10429	-0.0003215
3660.8	128.73	-0.15025	3.7882	1575.3	-4.0392	0.67733	0.022489	8700.7	710.68	1.7105e+06	2.9084e+05	0.38518	0.10391	0.00013038
3679	128.27	-0.16335	3.7894	1206.3	-4.0398	0.67712	0.007491	8960.4	715.94	1.7509e+06	2.9754e+05	0.38216	0.10349	0.00076378
3695.8	124.63	-0.12452	3.7913	896.13	-4.0404	0.67692	0.048553	8721.7	665.91	1.7879e+06	2.9977e+05	0.37	0.10748	0.00087359
3711.2	119.68	-0.14623	3.7926	664.88	-4.0409	0.67675	0.065714	8227.1	595.23	1.6289e+06	2.709e+05	0.35437	0.10518	-5.4656e-05
3724.8	122.37	-0.1875	3.7924	379.09	-4.0413	0.67661	0.031047	8842.2	645.78	1.7726e+06	2.9589e+05	0.36114	0.10597	-0.0016428
3736.5	118.92	-0.085851	3.7906	169.62	-4.0416	0.67647	0.18465	8522.5	597.97	2.0299e+06	3.3345e+05	0.35015	0.12042	-0.0026879
3746.2	104.25	0.020264	3.7885	139.84	-4.0419	0.67637	0.19764	6568.3	400.78	1.8575e+06	3.0361e+05	0.30685	0.13668	-0.002508
3753.7	91.168	0.00095086	3.7874	155.79	-4.042	0.6763	0.18162	5015.2	266.02	1.5708e+06	2.5805e+05	0.26838	0.14696	-0.0014964
3759	86.066	-0.08566	3.7873	138.31	-4.0421	0.67626	0.18469	4477.1	223.35	1.4414e+06	2.3674e+05	0.25331	0.14983	-0.0004925
3761.9	85.614	-0.14488	3.7875	109.07	-4.0422	0.67624	0.17529	4442.7	220.11	1.4363e+06	2.3601e+05	0.2519	0.15026	-5.3043e-05
3762.6	85.738	-0.15838	3.7876	100.13	-4.0422	0.67623	0.17179	4459.4	221.17	1.4415e+06	2.3689e+05	0.25224	0.15024	0
