time	v	gamma	zeta	alt	lon	lat	q	heating_rate	L	D	M	Alpha	eta	
s	m/s	rad	rad	m	rad	rad	pa	W/m^2	N	N	Mach	rad	rad															
0	3862.4	0.041	3.2529	43196	-1.5253	0.5071	8.1061	18091	1.0936e+06	1.2434e+07	1.2133e+07	11.949	0.69811	0
1.443	3779.8	0.060027	3.2533	43475	-1.5263	0.507	7.4354	16653	1.0038e+06	1.1466e+07	1.1163e+07	11.676	0.69813	-0.0014134
4.7232	3617	0.097592	3.2539	44436	-1.5284	0.50679	5.875	13317	8.2016e+05	9.2005e+06	8.9173e+06	11.116	0.69813	-0.0069204
9.5639	3436.4	0.1378	3.2545	46459	-1.5314	0.5065	3.8955	9077.1	6.0966e+05	6.2972e+06	6.0707e+06	10.449	0.69813	-0.010972
15.572	3287.1	0.16654	3.2558	49547	-1.535	0.50615	2.2947	5592.2	4.3687e+05	3.8916e+06	3.7374e+06	9.967	0.69813	0.013404
22.262	3181.1	0.17994	3.2576	53298	-1.5387	0.50577	1.3174	3329.6	3.1518e+05	2.322e+06	2.2276e+06	9.7623	0.69813	0.0042367
29.09	3111.5	0.18097	3.2587	57168	-1.5424	0.50538	0.85377	1992.7	2.3302e+05	1.3899e+06	1.3333e+06	9.7508	0.69813	-0.018713
35.505	3067.5	0.17474	3.2598	60682	-1.5459	0.50503	0.72374	1242.9	1.7874e+05	8.6639e+05	8.3134e+05	9.8051	0.69813	0.0049447
40.985	3040.3	0.16587	3.2609	63521	-1.5488	0.50472	0.72152	841.86	1.4444e+05	5.8638e+05	5.6288e+05	9.881	0.69813	0.023001
45.088	3024.3	0.15781	3.2618	65527	-1.551	0.5045	0.74027	635.73	1.2416e+05	4.4249e+05	4.2491e+05	9.9479	0.69812	0.028666
47.482	3016.2	0.15268	3.2623	66645	-1.5522	0.50436	0.7529	542.35	1.1406e+05	3.7728e+05	3.6231e+05	9.9897	0.69802	0.025585
48.055	3014.4	0.15142	3.2624	66907	-1.5525	0.50433	0.75592	522.43	1.118e+05	3.6183e+05	3.4554e+05	9.9998	0.69471	0.025766
49.269	3010.7	0.14869	3.2627	67454	-1.5532	0.50426	0.76229	482.95	1.0723e+05	3.3588e+05	3.2263e+05	10.022	0.69803	0.024951
52.045	3002.9	0.14224	3.2632	68664	-1.5546	0.50411	0.776	405.22	97699	2.8177e+05	2.7079e+05	10.072	0.6981	0.018206
56.184	2992.7	0.1322	3.264	70361	-1.5568	0.50388	0.79384	315.55	85617	2.1931e+05	2.109e+05	10.147	0.69811	0.0036792
61.404	2981.9	0.11894	3.2649	72315	-1.5595	0.50358	0.81205	234.14	73207	1.6266e+05	1.5651e+05	10.216	0.6981	0.013203
67.349	2971.9	0.10328	3.2661	74278	-1.5626	0.50324	0.82819	172.19	62346	1.1957e+05	1.151e+05	10.277	0.69806	0.15023
73.613	2963.3	0.086274	3.2676	76038	-1.5658	0.50289	0.84298	130.12	53877	90320	86971	10.335	0.698	0.42967
79.77	2956.6	0.069162	3.2691	77453	-1.569	0.50253	0.85551	103.53	47833	71826	69176	10.383	0.69788	0.73794
85.401	2951.7	0.05323	3.2706	78471	-1.5719	0.5022	0.86503	87.659	43866	60797	58561	10.419	0.69778	1.0248
90.121	2948.4	0.039708	3.2719	79118	-1.5744	0.50192	0.87071	78.785	41492	54604	52566	10.441	0.69734	1.2246
93.609	2946.5	0.029651	3.2728	79474	-1.5762	0.50171	0.87259	74.256	40228	51474	49574	10.453	0.69753	1.3006
95.628	2945.5	0.023815	3.2734	79633	-1.5772	0.50159	0.87286	72.312	39672	49592	47102	10.458	0.68935	1.314
96.109	2945.3	0.022423	3.2735	79666	-1.5775	0.50156	0.8729	71.917	39558	49307	46813	10.459	0.68913	1.3163
97.145	2944.9	0.019426	3.2738	79730	-1.578	0.5015	0.87308	71.152	39335	48961	46711	10.461	0.69193	1.3256
99.524	2944.1	0.012538	3.2744	79842	-1.5792	0.50136	0.87391	69.824	38944	48401	46621	10.464	0.69757	1.3653
103.1	2943.1	0.0021695	3.2753	79919	-1.5811	0.50114	0.87438	68.902	38660	47714	45902	10.465	0.69682	1.3927
107.66	2942.4	-0.011073	3.2765	79859	-1.5834	0.50086	0.87403	69.545	38820	48214	46447	10.459	0.69767	1.3876
112.95	2942.3	-0.026411	3.2779	79568	-1.5862	0.50054	0.87371	72.923	39749	50553	48684	10.443	0.69754	1.387
118.65	2942.9	-0.042945	3.2794	78986	-1.5891	0.50018	0.87345	80.181	41698	55608	53557	10.415	0.69773	1.3931
124.44	2944.3	-0.059698	3.281	78113	-1.5921	0.49982	0.87287	92.393	44804	64092	61705	10.374	0.69771	1.3931
129.97	2946.2	-0.075684	3.2827	77010	-1.5949	0.49946	0.87207	110.31	49022	76556	73687	10.324	0.69781	1.3938
134.93	2948.3	-0.08997	3.2843	75800	-1.5975	0.49914	0.87105	133.7	54048	92813	89290	10.271	0.69776	1.3941
139.03	2950.2	-0.10173	3.2857	74643	-1.5996	0.49888	0.86989	160.35	59270	1.1135e+05	1.0708e+05	10.22	0.69778	1.3937
142.03	2951.7	-0.11031	3.2868	73707	-1.6011	0.49868	0.8689	185.48	63809	1.2879e+05	1.2376e+05	10.179	0.69752	1.3939
143.75	2952.5	-0.11524	3.2875	73134	-1.602	0.49857	0.86751	202.64	66732	1.4019e+05	1.3402e+05	10.154	0.69458	1.3824
144.16	2952.7	-0.11641	3.2877	72994	-1.6022	0.49854	0.86731	207.04	67463	1.4308e+05	1.3656e+05	10.148	0.69368	1.3818
145.61	2953.4	-0.12051	3.2883	72490	-1.6029	0.49844	0.8676	223.65	70150	1.5542e+05	1.4937e+05	10.126	0.69788	1.3947
148.89	2954.8	-0.12982	3.2898	71280	-1.6046	0.49823	0.86637	268.76	76974	1.8683e+05	1.7951e+05	10.073	0.69793	1.3951
153.73	2956.3	-0.14348	3.2924	69331	-1.6071	0.4979	0.86509	357.15	88830	2.4855e+05	2.3867e+05	9.9579	0.69808	1.3958
159.74	2956.8	-0.16025	3.2964	66643	-1.6102	0.49748	0.86713	521.32	1.0735e+05	3.6344e+05	3.4871e+05	9.7927	0.69812	1.3961
166.43	2953.5	-0.1786	3.3026	63309	-1.6136	0.49701	0.88662	817.19	1.341e+05	5.7094e+05	5.4721e+05	9.5865	0.69813	1.3962
173.25	2942.6	-0.1968	3.312	59551	-1.617	0.4965	0.96541	1321.8	1.6926e+05	9.2581e+05	8.862e+05	9.3452	0.69813	1.3962
179.67	2920.1	-0.21316	3.3255	55721	-1.6202	0.496	1.1743	2096.6	2.0985e+05	1.4725e+06	1.4075e+06	9.0787	0.69813	1.3962
185.15	2885.8	-0.22628	3.3428	52250	-1.6229	0.49554	1.5393	3100.7	2.4909e+05	2.1839e+06	2.0846e+06	8.8072	0.69813	1.3962
189.25	2846.4	-0.23535	3.361	49558	-1.6249	0.49516	1.9921	4186.9	2.814e+05	2.9542e+06	2.8173e+06	8.6306	0.69813	1.3962
191.65	2815.9	-0.24023	3.3745	47961	-1.626	0.49494	2.3564	5012.7	3.0118e+05	3.5402e+06	3.3743e+06	8.5382	0.6981	1.3961
192.22	2807.6	-0.24134	3.3782	47577	-1.6263	0.49488	2.4504	5230.8	3.0581e+05	3.6927e+06	3.5161e+06	8.513	0.69758	1.3935
193.25	2791.6	-0.24329	3.3852	46881	-1.6268	0.49477	2.6464	5653.2	3.1421e+05	3.9954e+06	3.807e+06	8.4697	0.69812	1.3961
195.63	2748.6	-0.24743	3.4036	45280	-1.6279	0.49453	3.1909	6834.5	3.3468e+05	4.8334e+06	4.6041e+06	8.4094	0.69813	1.3963
199.21	2664.8	-0.25252	3.4396	42884	-1.6295	0.49412	4.212	9002.7	3.6048e+05	6.3767e+06	6.0694e+06	8.2577	0.69813	1.3963
203.77	2516.4	-0.2565	3.504	39900	-1.6314	0.49355	5.8326	12375	3.7581e+05	8.7945e+06	8.358e+06	7.927	0.69813	1.3963
209.06	2277.6	-0.25654	3.614	36672	-1.6334	0.49278	7.8398	16458	3.5326e+05	1.1768e+07	1.1167e+07	7.3074	0.69813	1.3963
214.76	1949.2	-0.25092	3.7829	33634	-1.6352	0.49183	9.3163	19343	2.7833e+05	1.3959e+07	1.3214e+07	6.3669	0.69813	1.3962
220.54	1585.4	-0.24127	4.0074	31140	-1.6364	0.49078	9.3101	18977	1.8052e+05	1.3977e+07	1.3181e+07	5.2401	0.69813	1.3961
226.08	1264.8	-0.23432	4.2522	29290	-1.6372	0.48979	8.0347	16088	1.0459e+05	1.212e+07	1.1386e+07	4.1974	0.69813	1.396
231.04	1023.7	-0.22793	4.4915	27989	-1.6375	0.48898	6.9405	12913	60743	1.0921e+07	9.5137e+06	3.4072	0.69813	1.3396
235.14	857.83	-0.20336	4.6997	27155	-1.6376	0.4884	5.7908	10333	37816	9.4594e+06	7.9604e+06	2.8604	0.69809	1.1727
238.14	755.14	-0.16504	4.841	26709	-1.6376	0.48803	4.8773	8589.5	26548	8.1693e+06	6.8773e+06	2.5205	0.69799	1.0148
239.86	702.38	-0.13712	4.9156	26519	-1.6375	0.48784	4.3693	7656.5	21606	7.4266e+06	6.2566e+06	2.3454	0.69796	0.93689
240.27	690.61	-0.13009	4.9324	26481	-1.6375	0.48779	4.2399	7446.7	20583	7.2359e+06	6.0836e+06	2.3063	0.69656	0.92466
241.17	665.77	-0.11497	4.9683	26407	-1.6375	0.4877	4.0183	7001.8	18514	6.8848e+06	5.8112e+06	2.2237	0.69801	0.90068
243.23	612.86	-0.079212	5.0447	26279	-1.6374	0.48751	3.4695	6054.2	14528	6.0687e+06	5.1431e+06	2.0475	0.6979	0.80261
246.34	543.33	-0.022991	5.1405	26186	-1.6373	0.48725	2.741	4828.6	10136	4.9613e+06	4.2484e+06	1.8156	0.6978	0.65033
250.36	469.89	0.042092	5.2287	26206	-1.6372	0.48696	1.9891	3600.2	6499	3.78e+06	3.275e+06	1.5701	0.6978	0.46407
255.07	401.97	0.096541	5.2907	26352	-1.637	0.48669	1.3688	2574.6	3990.5	2.7143e+06	2.3824e+06	1.3427	0.69735	0.29338
260.24	348.2	0.10366	5.3228	26555	-1.6368	0.48644	0.88069	1871	2534.3	1.6516e+06	1.5194e+06	1.1626	0.6972	0.15966
265.62	310.89	0.054023	5.3343	26701	-1.6366	0.48622	0.71498	1457.7	1773.2	1.1861e+06	1.0917e+06	1.0377	0.69506	0.074203
270.93	284.7	-0.02507	5.3384	26728	-1.6364	0.48602	0.64689	1217.3	1353	9.7874e+05	8.8154e+05	0.95023	0.6962	0.023614
275.9	268.49	-0.11871	5.3385	26632	-1.6363	0.48585	0.60576	1099.1	1140	8.7656e+05	7.7771e+05	0.8963	0.69627	0.0014305
280.29	259.28	-0.20802	5.3381	26444	-1.6362	0.4857	0.57167	1055.7	1040.1	8.371e+05	7.3489e+05	0.86592	0.69526	-0.0079644
283.88	255.36	-0.28288	5.3371	26220	-1.6361	0.48559	0.54056	1060.9	1010.6	8.2937e+05	7.1123e+05	0.85325	0.68438	-0.0085757
286.48	254.08	-0.33535	5.3367	26018	-1.636	0.48551	0.51549	1084.3	1011.2	8.3904e+05	7.0849e+05	0.84936	0.67635	-0.0088377
287.97	254	-0.36478	5.3362	25888	-1.636	0.48546	0.49849	1106	1020.7	8.5222e+05	7.1442e+05	0.84935	0.6726	-0.0079239
288.33	253.99	-0.37148	5.3362	25856	-1.636	0.48545	0.49385	1111.7	1023.2	8.5684e+05	7.1864e+05	0.84939	0.67287	-0.0080907
289.36	254.11	-0.39093	5.336	25758	-1.6359	0.48542	0.47845	1130	1032.6	8.7388e+05	7.3586e+05	0.84997	0.67523	-0.0078584
291.74	254.61	-0.43294	5.3355	25516	-1.6359	0.48535	0.43771	1178.8	1058.9	9.2336e+05	7.9431e+05	0.85209	0.68626	-0.0064224
295.32	255.61	-0.48856	5.335	25110	-1.6358	0.48525	0.37368	1267	1106.6	1.0043e+06	8.8086e+05	0.85622	0.69633	-0.0026391
299.88	257.1	-0.54638	5.3348	24530	-1.6357	0.48512	0.29105	1405.5	1179.6	1.1149e+06	9.7918e+05	0.86236	0.6961	0.0038365
305.17	258.28	-0.5945	5.3354	23792	-1.6356	0.48497	0.18926	1595.2	1268.5	1.2651e+06	1.1111e+06	0.86776	0.69517	0.010469
310.87	257.34	-0.62419	5.337	22948	-1.6355	0.48482	0.097384	1812.5	1342.1	1.4372e+06	1.262e+06	0.86627	0.6953	0.013208
316.65	253.28	-0.63357	5.3388	22076	-1.6353	0.48467	0.10136	2019.2	1371.1	1.5964e+06	1.3943e+06	0.85428	0.69426	0.01028
322.19	246.14	-0.62869	5.3398	21259	-1.6352	0.48453	0.16697	2175.3	1342.1	1.6885e+06	1.5096e+06	0.83177	0.69608	0.0036923
327.15	237.13	-0.62002	5.3397	20558	-1.6351	0.4844	0.20711	2261.2	1267.6	1.7009e+06	1.5781e+06	0.80261	0.69707	-0.0025979
331.25	228.84	-0.61455	5.3388	20005	-1.635	0.4843	0.20456	2303.2	1189.3	1.6665e+06	1.5703e+06	0.77553	0.68906	-0.0062137
334.25	223.08	-0.61316	5.3379	19615	-1.635	0.48423	0.18787	2327.6	1134.7	1.6314e+06	1.5365e+06	0.75601	0.67931	-0.0075624
335.97	219.95	-0.61331	5.3374	19395	-1.6349	0.48419	0.18391	2342.6	1105.9	1.617e+06	1.5287e+06	0.74541	0.67604	-0.0078628
336.38	219.21	-0.61342	5.3372	19343	-1.6349	0.48419	0.18501	2346	1099	1.6146e+06	1.531e+06	0.7429	0.67607	-0.0078909
338.12	215.93	-0.61405	5.3367	19125	-1.6349	0.48415	0.2011	2356.2	1067.9	1.6074e+06	1.5643e+06	0.7318	0.68082	-0.0080995
342.06	207.4	-0.61743	5.3352	18644	-1.6348	0.48406	0.23694	2344.9	980.88	1.5619e+06	1.6386e+06	0.70289	0.69476	-0.0088228
347.78	194.59	-0.63295	5.3331	17972	-1.6347	0.48394	0.22667	2294.7	851.43	1.4457e+06	1.6183e+06	0.65947	0.69623	-0.0090085
354.73	181.73	-0.66891	5.3306	17182	-1.6346	0.48381	0.20135	2267	735.57	1.3424e+06	1.5886e+06	0.61588	0.69361	-0.0080592
362.24	170.37	-0.71298	5.3281	16341	-1.6345	0.48368	0.17086	2275.2	645.62	1.3158e+06	1.6024e+06	0.5774	0.69556	-0.007718
369.56	160.96	-0.74786	5.3254	15532	-1.6344	0.48356	0.13634	2306.8	578.55	1.3302e+06	1.6101e+06	0.54548	0.69471	-0.0089974
375.97	154.75	-0.76859	5.3226	14836	-1.6344	0.48347	0.078882	2379.7	542.09	1.358e+06	1.5389e+06	0.52444	0.67718	-0.009527
380.86	152.93	-0.77567	5.3205	14312	-1.6343	0.4834	0.011809	2524.4	544.98	1.4143e+06	1.4282e+06	0.51829	0.64586	-0.0078135
383.74	152.89	-0.77412	5.3195	14003	-1.6343	0.48336	0.022786	2648.9	557.97	1.471e+06	1.4104e+06	0.51815	0.63192	-0.00634
384.44	152.87	-0.773	5.3192	13929	-1.6343	0.48335	0.030161	2679.1	560.96	1.4866e+06	1.4187e+06	0.51807	0.63072	-0.0061446
384.98	152.82	-0.77189	5.3191	13871	-1.6343	0.48334	0.037129	2701.9	562.98	1.4992e+06	1.4304e+06	0.51791	0.63066	-0.0060799
386.24	152.57	-0.76863	5.3186	13738	-1.6342	0.48332	0.053568	2750.7	566.15	1.5262e+06	1.456e+06	0.51707	0.63066	-0.0057433
388.17	151.83	-0.76208	5.318	13533	-1.6342	0.4833	0.07682	2813.2	566.89	1.561e+06	1.4913e+06	0.51457	0.63108	-0.0050296
390.72	150.32	-0.75157	5.3173	13269	-1.6342	0.48326	0.096118	2875.1	561.45	1.5934e+06	1.5141e+06	0.50945	0.62983	-0.0039387
393.81	148.11	-0.73755	5.3167	12956	-1.6342	0.48322	0.10243	2931.9	549.99	1.6174e+06	1.5066e+06	0.50194	0.62423	-0.0026526
397.35	145.65	-0.72135	5.3161	12611	-1.6341	0.48317	0.092583	2994.4	537.07	1.6351e+06	1.4588e+06	0.49361	0.61164	-0.0013331
401.22	143.69	-0.70353	5.3158	12245	-1.6341	0.48311	0.080489	3087.4	530.42	1.6618e+06	1.3875e+06	0.48697	0.59356	-0.0001107
405.31	142.28	-0.68338	5.3156	11871	-1.634	0.48305	0.080803	3210.9	530.1	1.6993e+06	1.3352e+06	0.48219	0.57497	0.0010188
409.49	141.14	-0.66054	5.3158	11501	-1.634	0.48299	0.087612	3349.3	532.56	1.7452e+06	1.2921e+06	0.47834	0.55826	0.0020891
413.65	139.78	-0.63518	5.3162	11149	-1.6339	0.48293	0.099777	3472.4	531.6	1.7898e+06	1.2835e+06	0.47371	0.54804	0.0029638
417.64	137.77	-0.61018	5.3167	10826	-1.6339	0.48288	0.10244	3531.3	520.42	1.8084e+06	1.2726e+06	0.46569	0.5424	0.0034776
421.36	135.57	-0.58927	5.3173	10539	-1.6339	0.48282	0.095066	3545.4	504.47	1.8051e+06	1.2489e+06	0.45629	0.53755	0.0036022
424.68	133.55	-0.57374	5.3178	10293	-1.6338	0.48277	0.081611	3548.2	489.37	1.7936e+06	1.2139e+06	0.44787	0.53133	0.0033955
427.51	132.09	-0.56305	5.3182	10091	-1.6338	0.48273	0.064588	3560.1	479.33	1.7823e+06	1.1704e+06	0.44169	0.5228	0.0029771
429.77	131.21	-0.55609	5.3184	9933.9	-1.6338	0.4827	0.05042	3581.9	474.23	1.774e+06	1.1339e+06	0.43774	0.51391	0.0024978
431.37	130.76	-0.5518	5.3186	9823.4	-1.6337	0.48268	0.042411	3606.1	472.47	1.7718e+06	1.1094e+06	0.43553	0.50736	0.0021293
432.28	130.55	-0.54948	5.3186	9761.4	-1.6337	0.48267	0.041047	3621.9	471.93	1.7738e+06	1.1012e+06	0.43443	0.50473	0.0019725
432.49	130.5	-0.54893	5.3186	9746.8	-1.6337	0.48266	0.041492	3625.9	471.84	1.775e+06	1.1009e+06	0.43418	0.50444	0.0019536
433.03	130.37	-0.54751	5.3186	9709.9	-1.6337	0.48265	0.041938	3635.4	471.53	1.7775e+06	1.0988e+06	0.43353	0.50343	0.00188
434.29	130.13	-0.54429	5.3187	9624.8	-1.6337	0.48264	0.035407	3659.8	471.29	1.7758e+06	1.0753e+06	0.43219	0.4972	0.0013868
436.23	130.15	-0.54027	5.3186	9494.9	-1.6337	0.48261	0.029459	3719.5	475.26	1.758e+06	9.9884e+05	0.43144	0.47691	-0.00018852
438.78	131.46	-0.53793	5.3181	9323.9	-1.6337	0.48257	0.085641	3874.8	495.16	1.7256e+06	8.635e+05	0.43473	0.43551	-0.0039096
441.87	135.13	-0.53819	5.3165	9113.2	-1.6336	0.48253	0.1538	4200.1	545.47	1.7083e+06	7.2716e+05	0.44553	0.38169	-0.010625
445.4	141.51	-0.53967	5.313	8862.7	-1.6336	0.48247	0.21338	4747.1	637.42	1.7014e+06	6.108e+05	0.46491	0.32051	-0.019905
449.27	150.62	-0.5426	5.3073	8571.9	-1.6335	0.48241	0.26785	5568.3	784.56	1.6752e+06	5.0821e+05	0.49283	0.25379	-0.028845
453.36	162.37	-0.55271	5.3005	8239.5	-1.6335	0.48234	0.32833	6730.7	1006.1	1.5656e+06	4.1681e+05	0.52881	0.18271	-0.032986
457.55	176.7	-0.58027	5.2946	7860.1	-1.6334	0.48226	0.41501	8333.6	1331.5	1.3284e+06	3.4787e+05	0.57248	0.11094	-0.029863
461.7	193.18	-0.63416	5.2911	7423.4	-1.6334	0.48218	0.53297	10478	1792.4	9.7397e+05	3.3349e+05	0.62216	0.048085	-0.021547
465.7	210.38	-0.69525	5.2894	6925	-1.6333	0.48209	0.49824	13158	2392.5	1.0462e+06	4.1774e+05	0.67304	0.035097	-0.012113
469.41	224.86	-0.7037	5.2884	6399.8	-1.6332	0.48201	0.38611	15950	3019.2	1.8867e+06	6.1993e+05	0.71435	0.069744	-0.0046118
472.74	233.65	-0.65094	5.2879	5919.1	-1.6332	0.48193	0.57578	18170	3486	2.6829e+06	8.3863e+05	0.73763	0.095916	-0.00057149
475.57	236.84	-0.57053	5.2878	5535.3	-1.6331	0.48186	0.83752	19476	3710.9	3.3677e+06	1.032e+06	0.74398	0.11868	0.00050481
477.82	235.74	-0.47998	5.2878	5267.3	-1.6331	0.4818	1.0974	19869	3712.4	3.9672e+06	1.2018e+06	0.73798	0.14329	0.00032618
479.42	232.82	-0.40373	5.2877	5106.4	-1.6331	0.48176	1.1848	19721	3605.3	4.1789e+06	1.2638e+06	0.72734	0.155	7.6368e-05
480.33	230.58	-0.35929	5.2877	5028.2	-1.633	0.48173	1.1749	19509	3515.5	4.1758e+06	1.2549e+06	0.71963	0.15733	6.3228e-06
480.55	230.01	-0.34891	5.2877	5011	-1.633	0.48173	1.1664	19448	3492.2	4.1623e+06	1.2484e+06	0.71768	0.1574	0
