0.527653
1.041225
1.553846
2.065044
2.574353
3.081304
3.585430
4.086268
4.583353
5.076224
5.564422
6.047491
6.524974
6.996422
7.461386
7.919421
8.370087
8.812942
9.247556
9.673498
10.090343
0.528628
1.043509
1.557437
2.069939
2.580546
3.088790
3.594203
4.096319
4.594674
5.088803
5.578248
6.062551
6.541256
7.013910
7.480062
7.939270
8.391088
8.835077
9.270805
9.697839
10.115752
0.532639
1.052967
1.572332
2.090258
2.606272
3.119898
3.630665
4.138101
4.641737
5.141105
5.635741
6.125182
6.608965
7.086637
7.557740
8.021825
8.478444
8.927153
9.367514
9.799089
10.221451
0.539744
1.070026
1.599329
2.127170
2.653063
3.176527
3.697078
4.214239
4.727530
5.236475
5.740598
6.239429
6.732499
7.219342
7.699494
8.172496
8.637893
9.095230
9.544063
9.983944
10.414438
0.550614
1.097389
1.643161
2.187429
2.729695
3.269461
3.806230
4.339509
4.868801
5.393618
5.913470
6.427870
6.936335
7.438384
7.933539
8.421327
8.901278
9.372926
9.835808
10.286310
10.718630
0.671443
1.275340
1.879236
2.483133
3.087030
3.690927
4.294823
4.898720
5.502617
6.106514
6.710411
7.314307
7.918204
8.522100
9.125998
9.729895
10.333791
10.937689
11.541585
12.145481
12.738568
0.792661
1.454115
2.116903
2.781635
3.448927
4.119401
4.793689
5.472430
6.156275
6.845891
7.541958
8.245173
8.956256
9.675941
10.404996
11.144205
11.894385
12.656386
13.431092
14.219420
15.017137
0.761609
1.399625
2.038925
2.680098
3.323738
3.970444
4.620825
5.275499
5.935094
6.600253
7.271630
7.949901
8.635755
9.329906
10.033090
10.746064
11.469619
12.204571
12.951775
13.712113
14.486519
0.733760
1.349627
1.966733
2.585645
3.206938
3.831189
4.458986
5.090925
5.727613
6.369670
7.017730
7.672441
8.334472
9.004509
9.683264
10.371469
11.069884
11.779301
12.500542
13.234460
13.981954
0.707935
1.302011
1.897280
2.494292
3.093599
3.695762
4.301344
4.910923
5.525084
6.144423
6.769552
7.401097
8.039704
8.686034
9.340774
10.004631
10.678335
11.362654
12.058377
12.766331
13.487379
0.683471
1.256341
1.830363
2.406067
2.983985
3.564658
4.148629
4.736454
5.328698
5.925937
6.528760
7.137772
7.753594
8.376864
9.008245
9.648419
10.298092
10.957999
11.628906
12.311609
13.006938
0.660391
1.212902
1.766526
2.321772
2.879156
3.439196
4.002420
4.569362
5.140567
5.716591
6.298002
6.885383
7.479333
8.080469
8.689429
9.306871
9.933475
10.569953
11.217041
11.875506
12.546155
0.637030
1.170036
1.704114
2.239758
2.777464
3.317733
3.861072
4.407999
4.959038
5.514726
6.075611
6.642255
7.215237
7.795151
8.382612
8.978256
9.582740
10.196748
10.820992
11.456213
12.103186
0.610880
1.124382
1.638915
2.154954
2.672976
3.193465
3.716910
4.243809
4.774665
5.309999
5.850336
6.396218
6.948204
7.506865
8.072795
8.646603
9.228924
9.820419
10.421771
11.033694
11.656936
0.587437
1.082854
1.579264
2.077125
2.576898
3.079049
3.584049
4.092380
4.604528
5.120994
5.642284
6.168923
6.701448
7.240411
7.786385
8.339958
8.901742
9.472373
10.052513
10.642848
11.244102
0.566079
1.044625
1.524129
2.005034
2.487784
2.972830
3.460627
3.951639
4.446339
4.945206
5.448734
5.957426
6.471802
6.992396
7.519760
8.054464
8.597096
9.148274
9.708635
10.278843
10.859595
0.546422
1.009944
1.474393
1.940196
2.407785
2.877596
3.350070
3.825656
4.304812
4.788003
5.275706
5.768411
6.266618
6.770846
7.281630
7.799520
8.325089
8.858932
9.401667
9.953938
10.516419
0.525830
0.970071
1.415202
1.861633
2.309777
2.760054
3.212885
3.668701
4.127940
4.591049
5.058485
5.530715
6.008223
6.491503
6.981070
7.477450
7.981192
8.492867
9.013068
9.542412
10.081544
0.505833
0.930140
1.355301
1.781707
2.209753
2.639838
3.072367
3.507751
3.946408
4.388765
4.835258
5.286335
5.742457
6.204096
6.671744
7.145905
7.627102
8.115881
8.612808
9.118473
9.633494
0.487568
0.894043
1.301338
1.709828
2.119893
2.531914
2.946279
3.363383
3.783624
4.207413
4.635168
5.067318
5.504303
5.946579
6.394613
6.848891
7.309913
7.778203
8.254302
8.738778
9.232220
0.470698
0.861117
1.252325
1.644685
2.038558
2.434313
2.832322
3.232963
3.636621
4.043688
4.454568
4.869671
5.289423
5.714257
6.144627
6.580996
7.023846
7.473680
7.931020
8.396408
8.870412
0.1652984
0.4043226
0.6080156
0.8249179
1.0583602
1.3071709
1.5598013
1.8558645
2.1620724
2.4632038
2.788208
3.1387287
3.4875616
3.8478726
4.2484883
4.6514726
5.0627575
5.4586989
5.937923
6.3867606
6.8365223
0.0967179
0.2939434
0.4836003
0.6900193
0.8916528
1.119743
1.364353
1.6367304
1.9364467
2.2285194
2.5365491
2.8767429
3.2188015
3.5771251
3.9589558
4.3549187
4.7608143
5.1805492
5.6127238
6.0556729
6.5050084
0.0747612
0.2313956
0.4100978
0.6086217
0.8345814
1.0485935
1.2883599
1.5515307
1.8056018
2.1199616
2.4321111
2.7517974
3.1078894
3.4604229
3.8583109
4.2462981
4.6532342
5.078379
5.5137352
6.05
6.720028
0.055625
0.2033931
0.3894725
0.5729387
0.7716935
0.9820139
1.2133816
1.4703595
1.7580189
2.0429145
2.3484303
2.6749995
3.0180031
3.3775768
3.754436
4.1463998
4.5540827
5.0783547
5.6203643
6.1951421
6.9
0.0531161
0.1716876
0.3285042
0.4964903
0.6486328
0.8507369
1.0934752
1.36
1.6879916
1.9733336
2.2794521
2.6042623
2.9455666
3.3054563
3.6842625
4.0678273
4.4853147
4.9027143
5.3363722
5.7821878
6.2390135
0.046657
0.1738976
0.3318687
0.5238294
0.7076548
0.93
1.15
1.3733987
1.6373392
1.9216868
2.2244641
2.5490118
2.8915174
3.2351506
3.5954542
4.0190592
4.4228241
4.8450244
5.2778403
5.7225212
6.1757558
0.0392794
0.1783506
0.3231036
0.4928173
0.6745505
0.8810556
1.0923752
1.332985
1.5975887
1.8822497
2.1813516
2.503306
2.8647767
3.2014963
3.5752129
3.9662604
4.3652545
4.7840399
5.2140211
5.6559655
6.1048131
0.0326991
0.1676287
0.309375
0.4680046
0.6479627
0.8462245
1.0627329
1.3
1.563036
1.8439702
2.141063
2.45996
2.7964356
3.1504573
3.5191803
3.9
4.3019294
4.7119987
5.1371126
5.5731405
6.018789
0.0291294
0.1412279
0.2804895
0.444399
0.6232455
0.8203339
1.0328437
1.2681957
1.5249055
1.8012428
2.0941644
2.3834366
2.70728062
3.0885491
3.4532868
3.8361572
4.2276447
4.6337892
5.0550682
5.488937
5.9323448
0.0269801
0.1579846
0.2942165
0.4251252
0.597553
0.7910081
1.0038945
1.201137
1.4813479
1.7550773
2.0449362
2.3552569
2.6851349
3.0333472
3.3952091
3.7770173
4.1696041
4.5715339
4.9944325
5.4274153
5.8718142
0.0106995
0.1105018
0.2628165
0.420507
0.5828063
0.775981
0.981804
1.2077319
1.427804
1.7
2
2.3016817
2.6629203
3.011857
3.35
3.7554544
4.15
4.5539706
4.9784226
5.4136857
5.8600187
0.0166249
0.1327255
0.2481587
0.3880418
0.5572053
0.7474281
0.9584378
1.1827226
1.4341686
1.7074596
2.0015798
2.3113813
2.6444207
2.9957254
3.3610276
3.7453128
4.1471192
4.5549303
4.9803794
5.4211929
5.8719709
0.0134768
0.1222013
0.2394034
0.3754396
0.5440962
0.7344813
0.9444965
1.1692491
1.4211759
1.6955354
1.9891353
2.2988872
2.6302576
2.9809318
3.3476004
3.7300641
4.130618
4.5388514
4.9643639
5.4034126
5.8528402
0.0040095
0.11351
0.2383894
0.376209
0.5288386
0.718605
0.9266837
1.1486772
1.399901
1.6723656
1.9648554
2.2727185
2.6030419
2.9534249
3.3183182
3.699728
4.097864
4.5029778
4.9247265
5.3613657
5.8067341