    time                      altitude                  longitude                 latitude                  mach                      alpha                     pMax                     duration                   dYC
    [s]                       [km]                      [deg]                     [deg]                     [-]                       [deg]                     [Pa]                     [s]                        [km]
   1445.9000000000001        46.511000000000003       -177.21000000000001        67.501999999999995        12.699000000000000        10.335000000000001        27.419712261526950       0.91117092318682602        115.61502551619013     
   1472.3000000000000        46.185000000000002       -178.72999999999999        66.722999999999999        12.523999999999999        9.9791000000000007        28.028185758582950       0.91212533429159925        113.70293506086483     
   1491.9000000000001        45.822000000000003       -179.81999999999999        66.158000000000001        12.414999999999999        8.9591999999999992        28.076356710111089       0.89214965119652367        111.94299828855580     
   1503.2000000000000        45.502000000000002       -180.44000000000000        65.834999999999994        12.366000000000000        9.1186000000000007        28.914435754697386       0.89914508011765593        110.51156729733493     
   1505.9000000000001        45.411000000000001       -180.58000000000001        65.757999999999996        12.353999999999999        9.3277999999999999        29.303055103163043       0.90554191141078266        110.12248614733087     
   1511.7000000000000        45.220999999999997       -180.88999999999999        65.593000000000004        12.324999999999999        9.6370000000000005        29.715152558386784       0.90623839533791839        109.33324993365883     
   1525.0000000000000        44.853000000000002       -181.59999999999999        65.216999999999999        12.244999999999999        9.7626000000000008        30.544293615889263       0.90797222712889192        107.89782020568845     
   1545.0000000000000        44.491000000000000       -182.63999999999999        64.661000000000001        12.116000000000000        9.1311000000000000        31.090929621190664       0.90074508239313944        106.64938434785552     
   1570.5000000000000        44.137999999999998       -183.93000000000001        63.966999999999999        11.952000000000000        9.0734999999999992        31.971822437985459       0.90284048102232295        105.50136090076515     
   1600.0999999999999        43.808999999999997       -185.38999999999999        63.183000000000000        11.753000000000000        8.9612999999999996        32.841683495690546       0.90514034630427020        104.48363367099786     
   1632.0000000000000        43.527000000000001       -186.91000000000000        62.363000000000000        11.536000000000000        8.9982000000000006        33.638226885958012       0.90771553404807626        103.64516791795998     
   1664.4000000000001        43.255000000000003       -188.41000000000000        61.560000000000002        11.314000000000000        8.9407999999999994        34.310423252578275       0.90696591400985360        102.84767763027665     
   1695.4000000000001        43.014000000000003       -189.81000000000000        60.817999999999998        11.103999999999999        8.9497999999999998        35.058839387117793       0.90980641207117807        102.09597396898496     
   1723.2000000000000        42.776000000000003       -191.03000000000000        60.173999999999999        10.920000000000000        8.7886000000000006        35.884438598619354       0.91419781298849057        101.37614958526645     
   1746.0999999999999        42.537999999999997       -192.02000000000001        59.656999999999996        10.776000000000000        8.4910999999999994        36.659330858072330       0.91681419039438961        100.67876731525710     
   1762.9000000000001        42.238000000000000       -192.72999999999999        59.284999999999997        10.686999999999999        7.7877000000000001        37.960096501622509       0.92733334389923250        99.833183765203472     
   1772.5000000000000        41.981000000000002       -193.13000000000000        59.073999999999998        10.644000000000000        8.2039000000000009        38.581595721072276       0.92361722659059764        99.132370136759846     
   1774.8000000000000        41.908999999999999       -193.22999999999999        59.024000000000001        10.632000000000000        8.3719000000000001        38.588756993489994       0.91854214155987113        98.939197941438110     
   1780.5999999999999        41.740000000000002       -193.47000000000000        58.898000000000003        10.601000000000001        8.6727000000000007        39.117550907991969       0.91873547627120256        98.490647931216145     
   1794.0000000000000        41.439000000000000       -194.02000000000001        58.612000000000002        10.518000000000001        8.6173999999999999        40.167327247382346       0.92113258474349613        97.705865894609786     
   1814.0000000000000        41.174999999999997       -194.83000000000001        58.191000000000003        10.388999999999999        8.1155000000000008        42.022504960187604       0.94385069538748856        97.028227233186115     
   1839.5000000000000        40.935000000000002       -195.84000000000000        57.665999999999997        10.224000000000000        8.1331000000000007        43.149915566934339       0.95100058819942668        96.419022695678649     
   1869.0999999999999        40.706000000000003       -196.99000000000001        57.078000000000003        10.029000000000000        8.0822000000000003        44.654506463518238       0.96653317151299933        95.842859459246725     
   1901.0000000000000        40.499000000000002       -198.19999999999999        56.465000000000003        9.8192000000000004        8.1323000000000008        45.849832565807858       0.97633299646719762        95.324898198802273     
   1933.4000000000001        40.304000000000002       -199.38999999999999        55.866999999999997        9.6069999999999993        8.0393000000000008        47.406214887045593       0.99407163477518412        94.840082155382774     
   1964.4000000000001        40.107999999999997       -200.50000000000000        55.313000000000002        9.4070999999999998        8.1091999999999995        48.663735775934057        1.0047842122417880        94.358634556045729     
   1992.0999999999999        39.908999999999999       -201.47000000000000        54.832999999999998        9.2302999999999997        7.9893000000000001        50.309392377735271        1.0225465209939728        93.891347246581404     
   2015.0999999999999        39.716999999999999       -202.25000000000000        54.445999999999998        9.0883000000000003        7.9356999999999998        51.616667290430634        1.0331947380484574        93.485027549403540     
   2031.9000000000001        39.487000000000002       -202.81999999999999        54.167999999999999        8.9959000000000007        7.0823999999999998        53.516175586057201        1.0517094829054869        93.013212146335121     
   2041.5000000000000        39.258000000000003       -203.13999999999999        54.009999999999998        8.9520999999999997        7.7080000000000002        54.482411737820634        1.0512546320095730        92.554703375532327     
   2043.8000000000000        39.189999999999998       -203.21000000000001        53.972000000000001        8.9397000000000002        7.8743999999999996        54.512714035150026        1.0461333459764073        92.419382717896596     
   2049.5999999999999        39.039000000000001       -203.40000000000001        53.878000000000000        8.9074000000000009        8.1388999999999996        54.742314226696713        1.0379366045898668        92.119288844608846     
   2062.9000000000001        38.786999999999999       -203.83000000000001        53.664000000000001        8.8239999999999998        7.9692999999999996        56.517657051801578        1.0502797158598223        91.613903536492259     
   2082.9000000000001        38.576000000000001       -204.47000000000000        53.347000000000001        8.6967999999999996        7.5049000000000001        58.396323426861009        1.0671716044135624        91.180639647540218     
   2108.5000000000000        38.363999999999997       -205.27000000000001        52.953000000000003        8.5349000000000004        7.5727000000000002        59.766590597855178        1.0740609951348703        90.741117172838614     
   2138.0999999999999        38.152000000000001       -206.16000000000000        52.508000000000003        8.3453999999999997        7.5223000000000004        61.378819076915427        1.0848860244272986        90.297300052636757     
   2170.0000000000000        37.936999999999998       -207.09999999999999        52.043999999999997        8.1410999999999998        7.6489000000000003        62.539062008687758        1.0870279753600103        89.844597569060056     
   2202.4000000000001        37.722999999999999       -208.03000000000000        51.588000000000001        7.9336000000000002        7.6307000000000000        64.591080978368495        1.1041882840581738        89.392118575839490     
   2233.4000000000001        37.505000000000003       -208.88000000000000        51.164999999999999        7.7369000000000003        7.7694000000000001        66.602925339972344        1.1194987672277612        88.896692956416672     
   2261.0999999999999        37.286000000000001       -209.62000000000000        50.796999999999997        7.5618999999999996        7.6897000000000002        69.956938126727565        1.1560954535647943        88.396544883667033     
   2284.0999999999999        37.064000000000000       -210.21000000000001        50.499000000000002        7.4221000000000004        7.6298000000000004        71.743952496255048        1.1653922950815327        87.899203721517466     
   2300.8000000000002        36.786999999999999       -210.63999999999999        50.283999999999999        7.3319000000000001        6.8305999999999996        62.588591280290572       0.99497477924569733        87.302554801087723     
   2310.5000000000000        36.517000000000003       -210.88000000000000        50.161999999999999        7.2893999999999997        7.3299000000000003        71.752059089202987        1.1168325018801306        86.736074578325770     
   2312.8000000000002        36.438000000000002       -210.94000000000000        50.133000000000003        7.2777000000000003        7.5068999999999999        74.153397235620147        1.1471104875224309        86.571049771536124     
   2317.1999999999998        36.298000000000002       -211.03999999999999        50.078000000000003        7.2548000000000004        7.7416000000000000        76.839258258641294        1.1757444692710053        86.278537557665615     
   2327.1999999999998        36.029000000000003       -211.28999999999999        49.951999999999998        7.1947999999999999        7.8048000000000002        78.715403391880244        1.1794900939658166        85.713724315438540     
   2342.5999999999999        35.773000000000003       -211.66000000000000        49.762000000000000        7.0979999999999999        7.3164999999999996        72.305773260163377        1.0621994740007930        85.166341569823089     
   2362.5000000000000        35.545999999999999       -212.13000000000000        49.518999999999998        6.9736000000000002        7.1786000000000003        71.376630716576116        1.0304432967203265        84.669727696940086     
   2386.0999999999999        35.305999999999997       -212.66000000000000        49.235999999999997        6.8250999999999999        7.1798000000000002        71.177219315749440        1.0088813894023090        84.138374161355131     
   2412.3000000000002        35.069000000000003       -213.24000000000001        48.924999999999997        6.6584000000000003        7.2297000000000002        71.175484381428348       0.99081722969926855        83.604853592441884     
   2440.0999999999999        34.822000000000003       -213.81999999999999        48.600000000000001        6.4817999999999998        7.2778999999999998        70.891530324052368       0.96875021806157746        83.044371450900783     
   2468.1999999999998        34.575000000000003       -214.38999999999999        48.274999999999999        6.3026999999999997        7.3959999999999999        71.342191786315738       0.95724241967906343        82.478582081823390     
   2495.4000000000001        34.341999999999999       -214.90000000000001        47.965000000000003        6.1283000000000003        7.4535999999999998        70.878000301682903       0.93478548120869498        81.953315541785088     
   2520.4000000000001        34.125999999999998       -215.36000000000001        47.680999999999997        5.9687999999999999        7.4767999999999999        70.096889387914331       0.90987579383079142        81.493394755924101     
   2542.3000000000002        33.880000000000003       -215.74000000000001        47.436999999999998        5.8346999999999998        7.2461000000000002        66.762541113076836       0.85087358757288833        80.986502563938686     
   2560.0000000000000        33.582000000000001       -216.03999999999999        47.240000000000002        5.7350000000000003        6.8670999999999998        63.180153616960069       0.78732882921786518        80.399918295962578     
   2572.8000000000002        33.225000000000001       -216.24000000000001        47.100000000000001        5.6753000000000000        6.2210999999999999        58.524200515578237       0.70968920386590240        79.650720496510530     
   2580.0999999999999        32.936000000000000       -216.36000000000001        47.020000000000003        5.6454000000000004        6.7945000000000002        64.795401262368458       0.76844425562011209        79.033834395777504     
   2581.8000000000002        32.859999999999999       -216.38999999999999        47.000999999999998        5.6369999999999996        6.8799999999999999        65.921449213845079       0.77722634867339269        78.871399497680898     
   2586.0999999999999        32.677999999999997       -216.46000000000001        46.954000000000001        5.6153000000000004        7.0410000000000004        68.258137745803737       0.79353256263792660        78.481620044814164     
   2596.1999999999998        32.313000000000002       -216.61000000000001        46.844000000000001        5.5579000000000001        7.0728000000000000        69.914447499162080       0.79008581661267563        77.702098126110883     
   2611.5000000000000        31.960999999999999       -216.84000000000000        46.680000000000000        5.4592999999999998        6.6238000000000001        66.274697125577561       0.72872668747329394        76.907551914459233     
   2631.4000000000001        31.686000000000000       -217.13999999999999        46.469000000000001        5.3239999999999998        6.3483000000000001        63.780209067723291       0.68649032077719641        76.245275599259742     
   2655.0000000000000        31.423999999999999       -217.47000000000000        46.222999999999999        5.1641000000000004        6.3287000000000004        63.394685588274079       0.66851492574278448        75.585160577469253     
   2681.3000000000002        31.146999999999998       -217.81999999999999        45.956000000000003        4.9878999999999998        6.2853000000000003        62.741965578210753       0.64746712327089351        74.869609744277369     
   2709.0999999999999        30.824000000000002       -218.16999999999999        45.683000000000000        4.8026000000000000        6.3434999999999997        63.003160042382795       0.63383395820977606        74.062120107776835     
   2737.1999999999998        30.475000000000001       -218.52000000000001        45.420000000000002        4.6162000000000001        6.3318000000000003        62.889691015919134       0.61542042215101167        73.218265374709375     
   2764.3000000000002        30.091999999999999       -218.84000000000000        45.180000000000000        4.4371000000000000        6.3688000000000002        63.421300241946142       0.60183544126613753        72.292380594053398     
   2789.4000000000001        29.704999999999998       -219.13999999999999        44.970999999999997        4.2740999999999998        6.2670000000000003        63.140590056188309       0.58064262429218216        71.352113784671673     
   2811.3000000000002        29.282000000000000       -219.38999999999999        44.798999999999999        4.1368000000000000        6.1562999999999999        63.521386239957870       0.56400954106972223        70.351600744680212     
   2829.0000000000000        28.800999999999998       -219.59000000000000        44.665999999999997        4.0353000000000003        5.4267000000000003        60.830335168713610       0.51838333478600895        69.297010424035818     
   2841.8000000000002        28.175000000000001       -219.72999999999999        44.572000000000003        3.9775999999999998        4.9142999999999999        60.870934102389931       0.49094105844465813        68.018251846770923     
   2849.0000000000000        27.666000000000000       -219.81000000000000        44.520000000000003        3.9456000000000002        5.4173999999999998        66.636576565562478       0.51339716771668442        66.988719512222971     
   2850.8000000000002        27.539000000000001       -219.83000000000001        44.508000000000003        3.9367999999999999        5.4888000000000003        67.719130406427126       0.51575556972597436        66.728968382293161     
   2854.1999999999998        27.289999999999999       -219.87000000000000        44.484000000000002        3.9184000000000001        5.6364000000000001        69.978572855114450       0.52098280365093075        66.216026248753650     
   2862.0999999999999        26.760999999999999       -219.96000000000001        44.427999999999997        3.8679999999999999        5.7256000000000000        73.657023305858999       0.52227633874932289        65.173525358034794     
