time	v	gamma	zeta	alt	lon	lat	q	heating_rate	L	D	M	Alpha	eta	
s	m/s	rad	rad	m	rad	rad	pa	W/m^2	N	N	Mach	rad	rad															
0	3955.8	0.0884	1.4895	48484	2.4046	0.7186	3.9959	9261.3	8.2178e+05	6.3639e+06	6.2121e+06	11.995	0.69813	0
1.4457	3912.6	0.096679	1.4894	49010	2.4047	0.71948	3.6309	8478.4	7.6879e+05	5.8307e+06	5.6856e+06	11.864	0.69813	0.008235
4.6761	3828.6	0.11207	1.4892	50316	2.4049	0.72141	2.8914	6884.3	6.6261e+05	4.7419e+06	4.6143e+06	11.609	0.69813	0.0095278
9.2904	3733.8	0.12748	1.4888	52409	2.4052	0.7241	2.0724	5094.9	5.4147e+05	3.5138e+06	3.4137e+06	11.405	0.69813	0.0062812
14.732	3651	0.13773	1.4882	55076	2.4056	0.72718	1.3893	3544.1	4.313e+05	2.4457e+06	2.3742e+06	11.311	0.69813	0.0040997
20.344	3589.6	0.14148	1.4876	57912	2.4059	0.7303	0.94389	2418.1	3.4408e+05	1.6688e+06	1.6198e+06	11.295	0.69813	0.0069232
25.449	3548.7	0.14053	1.487	60477	2.4062	0.73309	0.72847	1707.8	2.8246e+05	1.1784e+06	1.1441e+06	11.33	0.69813	0.0086007
29.433	3524	0.13768	1.4866	62432	2.4065	0.73526	0.65483	1306.4	2.4353e+05	9.011e+05	8.7522e+05	11.379	0.69813	0.0081744
31.815	3511.5	0.13529	1.4863	63572	2.4066	0.73654	0.63742	1115.5	2.234e+05	7.6924e+05	7.4737e+05	11.416	0.69812	0.0083027
32.391	3508.8	0.13465	1.4862	63844	2.4066	0.73685	0.63538	1074	2.1885e+05	7.406e+05	7.1958e+05	11.425	0.69812	0.0057507
35.582	3494.7	0.13069	1.4859	65323	2.4068	0.73857	0.63395	872.77	1.9567e+05	6.0164e+05	5.8485e+05	11.481	0.69813	0.013551
42.255	3471.2	0.12067	1.4851	68240	2.4073	0.74213	0.65901	574.92	1.5663e+05	3.96e+05	3.8535e+05	11.612	0.69813	0.010119
50.595	3450	0.10591	1.4841	71507	2.4078	0.74657	0.69667	354.11	1.2139e+05	2.4366e+05	2.3742e+05	11.774	0.69813	0.026419
58.368	3435.4	0.090779	1.483	74136	2.4083	0.75068	0.72445	235.18	98073	1.6173e+05	1.5771e+05	11.872	0.69812	-0.12152
63.492	3427.8	0.080307	1.4821	75639	2.4086	0.75339	0.74356	185.35	86672	1.2741e+05	1.243e+05	11.932	0.69811	-0.44199
64.781	3426.1	0.077612	1.4818	75988	2.4087	0.75407	0.74722	175.31	84206	1.205e+05	1.1757e+05	11.946	0.69809	-0.49183
71.659	3418.2	0.062945	1.4802	77642	2.4091	0.7577	0.76701	134.28	73345	92262	90070	12.016	0.69812	-0.853
83.909	3408.1	0.035821	1.4772	79709	2.41	0.76415	0.78838	95.622	61521	65683	64154	12.105	0.69812	-1.3957
94.303	3402.9	0.01235	1.4748	80562	2.4107	0.7696	0.78786	82.902	57104	56939	55622	12.14	0.6981	-1.3961
97.172	3401.9	0.0058858	1.4742	80651	2.4109	0.77111	0.78362	81.652	56638	56074	54770	12.142	0.69802	-1.2452
104.05	3400.4	-0.0096187	1.4726	80607	2.4114	0.77472	0.78757	82.162	56761	56432	55126	12.133	0.69811	-1.3961
116.3	3399.8	-0.037305	1.4696	79630	2.4123	0.78114	0.78711	96.385	61457	66214	64660	12.071	0.69812	-1.3962
126.69	3401.1	-0.060716	1.4668	77898	2.4131	0.78658	0.78634	127.59	70766	87688	85576	11.971	0.69811	-1.3962
129.56	3401.7	-0.067169	1.466	77275	2.4133	0.78809	0.78601	141	74414	96912	94544	11.936	0.69806	-1.396
136.44	3403.1	-0.08258	1.4637	75524	2.4138	0.79169	0.78514	186	85542	1.2793e+05	1.2472e+05	11.839	0.69812	-1.3962
148.69	3404.4	-0.10979	1.4586	71518	2.4148	0.79809	0.78509	344.24	1.1647e+05	2.371e+05	2.3073e+05	11.619	0.69813	-1.3962
159.08	3400.5	-0.13246	1.452	67243	2.4157	0.8035	0.80074	634.46	1.5775e+05	4.3784e+05	4.2501e+05	11.304	0.69813	-1.3962
161.95	3397.8	-0.13862	1.4495	65925	2.416	0.80499	0.81407	759.99	1.7237e+05	5.2474e+05	5.0889e+05	11.204	0.69805	-1.396
163.4	3396	-0.1417	1.4481	65239	2.4161	0.80574	0.82382	833.71	1.8034e+05	5.7588e+05	5.583e+05	11.151	0.69812	-1.3962
166.63	3390.8	-0.14851	1.4446	63654	2.4164	0.80742	0.85566	1028.8	1.997e+05	7.112e+05	6.8882e+05	11.029	0.69813	-1.3962
171.24	3379.5	-0.15804	1.4382	61268	2.4169	0.80979	0.93787	1398.5	2.3125e+05	9.6786e+05	9.3597e+05	10.839	0.69813	-1.3963
176.68	3358.2	-0.16888	1.4281	58284	2.4174	0.81258	1.125	2020.1	2.7434e+05	1.4002e+06	1.3513e+06	10.589	0.69813	-1.3963
182.3	3322.7	-0.17944	1.4132	55033	2.4181	0.81542	1.4736	2950.7	3.2442e+05	2.049e+06	1.9728e+06	10.292	0.69813	-1.3963
187.4	3273.4	-0.18825	1.394	51953	2.4187	0.81796	1.9729	4131.5	3.7231e+05	2.8749e+06	2.7611e+06	9.9749	0.69813	-1.3963
191.39	3219.4	-0.1944	1.3737	49492	2.4192	0.81991	2.5441	5401.4	4.1141e+05	3.7669e+06	3.6137e+06	9.7616	0.69813	-1.3963
193.77	3178.3	-0.19766	1.3585	48007	2.4196	0.82105	2.9817	6349.7	4.3449e+05	4.434e+06	4.2508e+06	9.6372	0.69813	-1.3963
194.34	3167.3	-0.19839	1.3544	47648	2.4197	0.82132	3.0974	6598.3	4.3976e+05	4.609e+06	4.4177e+06	9.6037	0.6981	-1.3962
195.16	3150.8	-0.1994	1.3483	47137	2.4198	0.82171	3.2691	6964.9	4.4699e+05	4.8678e+06	4.6646e+06	9.5537	0.69813	-1.3963
197.03	3108.9	-0.20149	1.3329	45970	2.4201	0.82258	3.7302	7946.7	4.6455e+05	5.5584e+06	5.3243e+06	9.4774	0.69813	-1.3963
199.82	3034.5	-0.204	1.3055	44243	2.4206	0.82385	4.5287	9629.8	4.8661e+05	6.7456e+06	6.4567e+06	9.3352	0.69813	-1.3963
203.34	2917.1	-0.2059	1.2615	42110	2.4212	0.82538	5.6921	12053	5.021e+05	8.4658e+06	8.0923e+06	9.0777	0.69813	-1.3963
207.35	2747.6	-0.20603	1.1957	39784	2.4221	0.82701	7.129	15007	4.9555e+05	1.0586e+07	1.0097e+07	8.6607	0.69813	-1.3963
211.57	2527.7	-0.20354	1.1048	37513	2.4231	0.82857	8.5293	17833	4.5527e+05	1.2655e+07	1.2034e+07	8.0705	0.69813	-1.3963
215.72	2277.9	-0.19858	0.99212	35518	2.4242	0.82989	9.4731	19662	3.8624e+05	1.4053e+07	1.3336e+07	7.3578	0.69813	-1.3963
219.52	2033.8	-0.1925	0.86958	33927	2.4253	0.8309	9.7487	20104	3.0956e+05	1.4471e+07	1.3708e+07	6.6314	0.69813	-1.3963
222.7	1829	-0.18703	0.75488	32768	2.4263	0.83159	9.5272	19550	2.4558e+05	1.4159e+07	1.3391e+07	6.0055	0.69813	-1.3963
225.05	1682.4	-0.18321	0.66449	32008	2.427	0.832	9.1883	18693	2.0234e+05	1.3674e+07	1.291e+07	5.5499	0.69813	-1.3963
226.41	1600.5	-0.18123	0.61039	31603	2.4274	0.8322	8.8931	18005	1.7927e+05	1.3248e+07	1.2495e+07	5.2845	0.69812	-1.3963
226.73	1581.4	-0.18079	0.59738	31510	2.4275	0.83225	8.8166	17832	1.7407e+05	1.3138e+07	1.2388e+07	5.2225	0.69809	-1.3962
227.34	1546.4	-0.18003	0.57305	31341	2.4277	0.83233	8.6714	17501	1.6471e+05	1.2927e+07	1.2184e+07	5.1087	0.69813	-1.3963
228.73	1468.1	-0.17853	0.5166	30968	2.4281	0.83249	8.3155	16709	1.4468e+05	1.241e+07	1.1686e+07	4.854	0.69813	-1.3963
230.83	1356.2	-0.17699	0.43011	30444	2.4287	0.8327	7.7418	15461	1.1829e+05	1.1575e+07	1.0885e+07	4.4891	0.69813	-1.3963
233.53	1224.4	-0.17679	0.3186	29831	2.4294	0.8329	6.987	13861	90832	1.0473e+07	9.8332e+06	4.0585	0.69813	-1.3963
236.71	1086	-0.17869	0.18381	29184	2.4302	0.83304	6.402	12059	66254	9.8397e+06	8.7775e+06	3.605	0.69813	-1.3963
240.19	952.69	-0.18312	0.026951	28546	2.431	0.8331	5.7402	10249	46697	9.039e+06	7.6618e+06	3.1668	0.69813	-1.3963
243.82	832.81	-0.1919	-0.1399	27946	2.4318	0.83307	5.0213	8603.1	32474	7.9553e+06	6.6957e+06	2.7721	0.69813	-1.3963
247.4	730.67	-0.20604	-0.30427	27396	2.4324	0.83298	4.3615	7218.7	22748	6.9341e+06	5.8411e+06	2.4351	0.69813	-1.3963
250.75	647.9	-0.22488	-0.4571	26904	2.4329	0.83285	3.8078	6131.9	16386	6.0723e+06	5.1312e+06	2.1616	0.69813	-1.3963
253.71	587.53	-0.24694	-0.58715	26479	2.4332	0.83271	3.1371	5391.5	12574	5.1377e+06	4.0987e+06	1.962	0.66668	-1.3963
256.13	550.61	-0.26942	-0.68483	26129	2.4335	0.83259	2.6265	5004.1	10604	4.431e+06	3.2654e+06	1.8402	0.62163	-1.3963
257.88	529.17	-0.28789	-0.75133	25868	2.4337	0.83249	2.3674	4816	9589.5	4.0565e+06	2.849e+06	1.7696	0.59233	-1.3963
258.89	518.66	-0.29918	-0.78793	25716	2.4337	0.83244	2.2388	4739.4	9129.8	3.8679e+06	2.6387e+06	1.735	0.57403	-1.3962
259.13	516.28	-0.30192	-0.7965	25679	2.4338	0.83242	2.212	4723.2	9028.8	3.8285e+06	2.5946e+06	1.7272	0.57014	-1.3962
259.73	510.61	-0.30896	-0.81788	25586	2.4338	0.83239	2.1441	4688.6	8794.3	3.7289e+06	2.4798e+06	1.7086	0.55963	-1.3963
261.12	498.87	-0.32574	-0.86599	25368	2.4339	0.83231	2.0101	4632.9	8334.6	3.5294e+06	2.253e+06	1.6701	0.53539	-1.3963
263.22	484.22	-0.35236	-0.93603	25025	2.434	0.83219	1.8457	4608.5	7819.9	3.2823e+06	1.9603e+06	1.6223	0.49875	-1.3963
265.92	469.96	-0.38832	-1.0224	24558	2.4342	0.83204	1.6885	4675.1	7408.2	3.0378e+06	1.667e+06	1.5762	0.45152	-1.3963
269.1	458.83	-0.43218	-1.1181	23971	2.4344	0.83185	1.5357	4893	7215.6	2.7732e+06	1.3886e+06	1.5409	0.39609	-1.3963
272.59	452.11	-0.48152	-1.2159	23271	2.4345	0.83165	1.4124	5312.2	7294.4	2.5348e+06	1.1914e+06	1.5208	0.33523	-1.3963
276.21	449.75	-0.53304	-1.3097	22478	2.4346	0.83144	1.3078	5968.6	7649.1	2.3121e+06	1.0315e+06	1.5156	0.27199	-1.3963
279.79	451.52	-0.58349	-1.3939	21625	2.4347	0.83123	1.2145	6900.5	8291	2.0893e+06	9.0276e+05	1.5245	0.20955	-1.3963
283.14	456.25	-0.62997	-1.464	20757	2.4347	0.83103	1.121	8104.8	9179.7	1.8396e+06	8.1217e+05	1.5436	0.15104	-1.3963
286.1	462.54	-0.67043	-1.5166	19935	2.4347	0.83087	1.0211	9515.1	10229	1.5424e+06	7.5602e+05	1.5676	0.099386	-1.3963
288.52	468.77	-0.70326	-1.5512	19221	2.4347	0.83073	0.9221	10938	11273	1.2076e+06	7.3845e+05	1.5887	0.057184	-1.3962
290.27	473.72	-0.72724	-1.5701	18678	2.4347	0.83063	0.84543	12167	12148	8.9305e+05	7.4657e+05	1.6055	0.026546	-1.3959
291.28	476.62	-0.74087	-1.5781	18358	2.4347	0.83058	0.78194	12954	12693	6.7871e+05	7.6358e+05	1.6153	0.0090046	-1.3208
291.52	477.31	-0.74401	-1.5796	18281	2.4347	0.83056	0.77385	13150	12826	6.2356e+05	7.6762e+05	1.6176	0.004842	-1.3158
291.93	478.5	-0.7495	-1.582	18148	2.4347	0.83054	0.75875	13496	13060	5.2731e+05	7.7722e+05	1.6217	-0.0021556	-1.294
292.88	481.2	-0.76227	-1.5856	17836	2.4347	0.83049	0.74176	14338	13618	2.6839e+05	8.1249e+05	1.6308	-0.0193	-1.2458
294.33	485.18	-0.78302	-1.5867	17345	2.4347	0.83041	0.78094	15749	14515	-1.5422e+05	8.8286e+05	1.6443	-0.043397	-1.1665
296.24	489.68	-0.81372	-1.5777	16678	2.4347	0.83031	0.98964	17820	15735	-8.7554e+05	1.0272e+06	1.6595	-0.076765	-1.0714
298.54	494.09	-0.85634	-1.5587	15839	2.4347	0.83019	0.96175	20709	17277	-8.3518e+05	1.1687e+06	1.6745	-0.069397	-0.97185
301.15	497.69	-0.89176	-1.5545	14844	2.4347	0.83006	0.55088	24582	19105	5.1823e+05	1.3642e+06	1.6867	-0.017141	-1.0538
303.99	498.35	-0.90931	-1.587	13735	2.4347	0.82992	0.95735	29358	20937	2.1881e+06	1.751e+06	1.6889	0.028311	-1.0664
306.95	491.02	-0.8875	-1.6678	12583	2.4347	0.82978	2.0815	34180	21915	4.7868e+06	2.4615e+06	1.6641	0.082984	-0.87479
309.94	470.85	-0.79766	-1.8026	11502	2.4347	0.82963	3.4079	37271	20999	7.5468e+06	3.3745e+06	1.5957	0.13269	-0.74073
312.85	434.74	-0.62642	-1.9686	10631	2.4346	0.82949	4.5233	36042	17533	9.8666e+06	4.3238e+06	1.4652	0.18553	-0.57192
315.58	387.3	-0.3911	-2.1298	10076	2.4345	0.82935	4.7354	30662	12761	1.034e+07	4.6677e+06	1.2948	0.23151	-0.44177
318.05	338.34	-0.15016	-2.2492	9834.4	2.4344	0.82924	4.2268	24111	8578	9.2977e+06	4.4579e+06	1.1271	0.27609	-0.30185
320.16	297.24	0.052669	-2.3174	9801.1	2.4343	0.82916	3.3905	18685	5790.5	7.6631e+06	3.6341e+06	0.98972	0.31167	-0.20015
321.85	267.93	0.19662	-2.3492	9860.6	2.4342	0.82911	2.8225	15071	4203.3	6.4684e+06	3.062e+06	0.89288	0.34227	-0.1042
323.06	248.06	0.29052	-2.3593	9935.7	2.4342	0.82907	2.4461	12799	3307.5	5.627e+06	2.6705e+06	0.82756	0.36244	-0.046962
323.74	237.52	0.33795	-2.3617	9987.2	2.4341	0.82906	2.2656	11660	2888.1	5.1982e+06	2.482e+06	0.793	0.37504	-0.0067548
323.91	235	0.34907	-2.3616	10000	2.4341	0.82905	2.2196	11396	2793.5	5.0903e+06	2.4319e+06	0.78474	0.37758	0
